100 100
65 80
92 45
7 98
16 49
38 51
1 50
39 0
99 71
21 36
65 81
37 70
91 2
70 97
73 26
45 16
40 14
9 79
30 67
43 48
33 85
97 77
63 96
17 31
31 1
37 93
20 2
61 72
84 16
57 84
25 94
98 9
67 40
10 51
0 44
8 20
21 70
91 6
41 0
29 68
39 89
92 84
1 70
62 91
25 82
1 66
63 36
92 5
65 41
15 67
2 11
64 87
35 98
53 33
61 89
39 85
71 7
38 14
2 8
90 55
11 65
55 57
32 16
17 22
25 45
95 3
36 41
50 44
31 86
73 11
30 77
29 29
7 51
68 88
4 29
55 6
76 90
66 49
88 78
78 7
58 52
49 91
7 17
97 28
51 89
9 29
22 69
62 47
14 85
46 91
87 35
33 92
47 10
72 43
92 35
35 58
64 64
8 42
50 0
42 47
14 16
73 3
27 31
71 66
3 22
28 80
58 73
77 72
10 58
63 35
65 86
51 90
69 27
42 6
83 39
85 16
89 78
77 65
59 82
28 55
74 71
53 58
12 60
45 48
19 33
28 74
49 1
61 48
73 2
8 68
13 56
79 32
19 89
95 74
7 35
38 59
31 34
65 47
96 80
37 93
28 27
85 74
79 71
11 11
70 40
4 77
9 71
12 67
83 35
57 68
9 67
93 13
64 35
74 70
84 41
31 16
67 46
98 7
9 60
81 2
81 19
99 7
30 91
41 40
63 87
22 14
34 41
7 60
13 78
20 67
64 2
4 98
77 39
1 46
22 10
47 36
77 1
6 73
17 37
69 93
60 73
58 74
52 70
15 23
37 79
85 15
20 42
37 79
20 58
29 24
99 73
82 39
65 22
79 90
99 84
34 98
29 69
1 98
25 49
16 76
44 83
56 10
1 41
0 89
41 3
99 67
92 68
77 26
12 93
74 20
4 75
68 45
69 29
20 29
72 21
49 99
14 13
34 82
48 3
80 2
10 9
31 39
93 35
87 25
5 1
42 88
57 89
48 98
68 36
41 32
95 71
73 52
9 10
9 48
98 18
76 25
0 7
55 62
43 69
78 65
1 38
67 99
69 8
67 27
44 46
52 85
47 66
95 12
39 81
37 68
88 5
59 49
74 77
59 68
50 60
2 7
23 3
11 41
82 30
72 18
50 32
27 11
47 86
8 66
15 11
70 21
76 64
10 38
88 83
24 38
64 45
30 78
94 62
11 67
91 88
29 51
67 96
46 43
93 71
91 87
27 84
57 36
47 44
22 9
25 73
18 42
55 39
83 34
90 43
50 91
79 26
19 48
33 33
75 52
33 65
35 57
30 68
21 24
3 62
23 23
57 10
13 37
78 83
89 35
54 22
82 72
5 87
55 65
96 35
58 97
91 32
13 37
25 74
37 56
23 13
52 20
87 60
4 82
77 63
19 14
94 30
41 8
45 76
51 76
63 28
18 68
35 58
91 41
49 76
13 25
76 54
46 96
8 34
44 52
16 50
68 50
18 27
95 54
15 49
32 62
92 8
78 96
59 93
32 33
21 0
71 59
7 26
17 54
65 42
55 58
40 20
9 54
69 1
95 50
40 36
72 12
18 37
39 81
95 89
31 29
30 70
0 79
41 0
89 48
77 32
34 23
43 1
81 84
68 84
9 25
74 66
12 48
81 71
52 37
53 84
37 2
88 73
17 50
17 35
72 21
18 37
89 30
78 10
62 53
0 73
5 73
34 27
95 93
52 71
14 50
88 18
61 39
88 48
58 5
52 52
64 75
78 61
82 94
20 10
76 76
77 37
83 39
16 46
19 32
98 62
92 55
2 40
30 37
97 95
44 13
8 2
32 23
26 71
5 56
19 81
9 75
27 72
28 26
10 6
72 66
43 47
18 40
17 67
41 92
46 88
85 64
51 74
23 40
87 18
89 37
53 68
2 8
24 42
5 3
58 40
41 91
87 67
9 74
32 18
83 91
25 34
59 5
58 64
81 49
19 79
93 89
11 70
92 53
82 40
95 87
62 28
81 38
66 26
85 38
33 18
16 34
99 4
8 9
66 71
56 30
78 49
16 87
94 21
46 39
27 40
22 39
31 49
13 39
9 26
38 20
24 92
23 1
22 10
39 41
79 61
42 23
91 69
76 14
55 14
42 0
65 2
5 87
12 5
15 97
85 35
36 44
3 84
83 60
21 85
61 49
40 54
85 32
87 33
74 75
54 78
57 96
65 61
52 18
59 38
14 54
61 15
75 41
23 95
54 10
70 19
87 32
58 88
5 1
4 12
88 78
1 93
51 34
5 96
31 27
25 88
78 81
23 14
52 52
34 79
2 6
55 2
58 24
0 88
20 42
86 27
39 64
77 53
66 90
62 40
38 22
79 77
21 67
49 26
35 65
76 3
82 94
29 14
92 8
21 45
88 69
57 73
60 60
33 10
14 25
23 54
20 73
40 11
9 78
95 54
49 4
65 64
53 9
59 66
33 32
88 4
5 78
88 53
52 89
48 42
57 65
19 99
27 52
94 6
99 91
56 4
30 98
20 87
71 10
28 92
8 36
14 67
6 76
37 62
16 9
14 41
45 4
44 84
59 45
17 22
79 99
2 97
56 65
97 48
1 4
58 49
60 42
44 87
67 36
95 51
12 76
12 47
94 16
46 57
33 74
83 88
33 50
14 96
41 1
88 44
21 84
29 11
2 14
36 98
97 11
92 76
32 0
69 19
99 7
34 9
9 76
35 30
85 67
76 77
64 21
7 49
38 18
62 95
86 95
25 79
69 14
4 7
33 42
95 90
21 33
21 29
64 81
4 2
18 49
19 54
97 86
34 44
15 0
88 29
41 42
10 57
15 13
38 76
76 77
40 96
86 62
54 62
35 86
44 13
10 42
94 73
75 84
56 52
19 59
6 56
79 98
51 86
85 40
89 70
13 31
28 87
30 58
38 92
23 89
74 75
11 57
0 7
65 90
31 93
14 80
3 49
88 44
81 26
43 33
84 50
67 95
36 71
49 38
61 34
12 57
2 85
80 94
7 66
12 9
95 32
4 8
96 21
78 5
90 66
40 31
42 36
9 60
69 63
53 27
11 34
16 0
6 92
16 72
66 56
5 6
43 68
48 48
97 0
22 48
14 77
57 3
65 10
29 94
50 5
62 36
41 58
27 24
56 85
84 50
90 32
92 38
94 68
6 70
0 28
38 10
2 14
63 53
5 37
27 49
30 17
1 11
34 98
76 96
9 15
15 17
25 78
33 21
73 52
46 71
24 80
14 43
51 29
97 63
74 93
96 50
0 25
7 5
28 43
74 20
86 65
67 78
75 63
74 3
31 67
9 65
88 17
64 19
79 23
71 49
27 23
35 70
6 16
53 38
33 43
14 62
37 74
50 86
42 29
38 30
18 84
13 9
45 52
44 18
23 55
86 73
53 12
78 50
54 46
38 44
99 69
2 25
1 70
69 62
81 24
44 29
5 7
28 50
49 17
78 98
76 32
4 33
12 74
81 36
78 18
6 83
34 86
93 36
0 66
28 98
17 32
81 58
18 8
42 36
78 13
44 71
92 62
79 1
62 83
26 53
84 21
59 58
6 18
67 46
25 91
86 58
84 65
47 7
88 76
70 77
58 3
84 1
42 65
53 33
1 48
6 95
33 36
62 31
59 85
98 97
56 7
39 92
22 40
23 40
67 29
36 14
91 27
94 48
87 9
52 73
75 74
85 49
52 31
75 88
62 66
19 0
33 95
59 3
16 25
66 82
15 49
21 23
35 89
36 48
53 83
43 69
5 32
88 57
15 19
42 15
71 28
88 86
35 63
39 21
10 89
97 57
60 7
22 84
8 43
0 38
87 1
7 45
29 95
1 27
96 64
79 44
31 34
23 19
26 26
60 20
98 24
56 26
73 18
77 67
18 48
0 52
19 39
0 26
13 46
87 63
96 71
70 44
24 44
92 62
92 14
23 11
78 1
71 96
87 80
74 2
83 22
46 28
36 20
80 20
58 38
90 20
76 93
64 74
74 33
58 8
83 45
5 77
93 15
43 58
20 3
46 94
63 94
6 63
5 62
11 55
25 41
30 38
75 2
8 75
14 89
86 61
2 50
62 27
90 8
10 30
22 13
50 16
14 91
2 52
19 36
69 83
25 69
29 84
95 90
31 88
0 53
19 98
29 97
88 27
71 3
59 33
2 88
7 34
7 39
58 11
95 69
68 14
77 93
19 85
23 92
57 29
4 10
51 0
20 84
2 97
77 79
11 2
3 11
3 59
13 71
6 92
96 70
93 52
32 12
61 91
49 24
31 67
0 0
64 58
76 2
8 14
58 21
57 26
54 16
97 24
27 74
9 3
31 11
42 85
2 31
40 7
25 62
58 25
39 22
27 49
96 37
14 1
58 75
48 37
7 2
30 41
83 68
22 31
6 3
26 70
24 75
26 52
1 6
45 7
56 27
93 72
24 96
94 9
66 79
98 93
56 12
26 98
83 25
48 76
16 18
47 23
87 30
99 18
15 27
43 77
30 67
1 53
76 28
21 9
77 61
83 65
68 67
71 88
87 46
62 29
53 64
82 31
34 9
56 70
2 49
80 30
94 12
51 18
84 50
65 55
53 72
52 87
8 57
9 66
92 61
81 12
35 48
19 65
63 75
21 64
66 76
33 69
76 58
24 11
69 46
42 10
26 43
67 61
18 46
64 92
40 50
3 9
14 32
72 2
42 0
23 36
71 82
16 58
17 57
64 44
95 37
9 31
68 32
68 88
36 16
45 77
58 99
2 6
53 87
44 29
28 1
76 25
34 46
50 75
28 53
79 52
86 49
73 10
7 61
43 47
5 30
51 33
79 8
59 36
69 97
44 70
76 81
29 63
14 79
28 53
60 37
28 72
58 97
98 55
1 14
18 15
24 90
14 13
86 39
8 49
0 59
74 78
81 51
28 54
17 92
24 48
45 45
95 43
54 90
84 31
88 46
63 60
40 88
43 84
88 40
83 35
48 89
66 54
84 29
10 21
53 5
89 76
31 70
19 62
60 54
56 40
11 40
28 2
76 1
80 47
58 51
18 6
27 54
68 65
89 21
34 33
49 30
14 70
20 33
2 94
95 22
69 19
52 32
83 77
75 43
76 33
71 22
82 86
67 81
72 88
1 22
40 74
39 76
14 87
13 94
67 13
69 90
4 92
6 84
44 36
31 62
55 50
1 28
81 52
46 42
50 31
30 63
5 95
44 39
97 22
78 93
72 63
23 32
82 57
45 48
65 93
10 32
80 59
41 6
88 13
33 82
62 16
22 62
40 55
84 2
83 65
72 50
80 54
5 65
27 27
98 2
99 53
49 81
42 78
48 47
37 79
8 43
14 56
2 56
8 65
89 93
2 38
49 22
29 37
14 66
54 48
85 16
59 9
7 34
8 25
38 3
78 43
84 91
93 95
9 17
32 19
96 67
61 89
56 96
55 29
33 73
63 64
24 33
95 68
62 11
51 53
0 28
74 15
55 28
62 28
32 97
47 13
14 47
78 83
31 66
11 63
26 68
7 38
86 28
59 9
83 7
79 54
98 87
61 98
38 91
38 36
99 89
58 38
18 80
68 19
81 44
63 5
73 31
93 15
24 53
62 96
93 83
80 53
2 21
73 54
5 24
83 97
10 53
59 68
42 10
47 31
68 72
22 9
92 4
33 26
81 72
17 31
46 25
55 72
71 92
60 67
22 11
42 13
48 47
24 10
66 63
20 91
99 8
69 59
65 33
51 38
64 2
92 78
31 29
59 45
69 33
82 29
45 80
89 59
49 95
18 5
47 36
27 77
33 52
15 81
76 13
23 10
3 1
42 20
78 97
72 73
50 77
89 62
50 2
12 47
64 52
66 51
38 8
87 54
61 95
63 45
36 82
68 8
81 56
63 31
72 62
26 39
73 94
17 18
34 35
52 89
73 50
81 53
5 68
13 83
75 79
20 83
13 49
14 47
36 53
42 56
10 75
13 14
33 70
22 97
8 46
82 11
29 27
22 66
92 66
19 31
65 38
25 36
27 33
22 27
94 64
48 88
32 1
7 48
24 39
88 49
21 8
70 30
34 53
69 94
35 43
73 24
41 92
16 62
64 46
72 82
41 28
11 62
12 49
14 22
28 45
68 30
66 6
47 18
29 2
9 3
71 34
8 20
2 23
47 30
93 78
25 40
69 21
54 50
70 58
78 25
97 92
53 90
47 51
1 81
51 34
62 7
6 19
26 43
41 67
13 20
84 98
99 39
3 73
8 0
24 14
58 40
89 11
54 77
68 75
29 35
46 67
90 81
83 48
46 36
9 20
73 32
99 42
3 81
72 13
73 63
18 98
52 96
9 19
41 46
61 35
94 64
8 74
3 12
41 4
12 95
58 36
11 48
88 80
43 44
94 34
48 76
27 17
63 88
61 1
0 72
81 78
21 10
57 17
63 11
92 64
10 5
9 50
37 22
25 18
44 87
61 94
17 44
80 79
91 41
28 63
17 9
40 34
97 68
29 24
50 77
39 29
15 77
54 76
1 72
80 36
61 79
70 85
16 0
17 71
46 77
70 81
58 67
60 86
97 43
28 7
58 93
26 93
63 36
51 62
90 71
85 12
66 59
11 16
38 48
26 9
40 29
72 14
79 38
36 56
3 86
68 83
78 8
59 49
98 41
11 66
99 22
85 15
96 41
31 9
39 66
89 2
46 82
85 48
20 33
75 96
10 96
21 52
12 48
54 72
56 9
41 43
14 28
20 46
86 5
58 84
20 55
14 82
32 57
75 46
73 87
36 73
1 17
9 44
89 16
89 74
21 31
19 16
98 60
46 96
42 47
39 84
50 55
95 68
98 70
58 54
54 11
19 19
31 53
66 48
63 13
23 33
93 24
21 46
82 67
95 96
43 78
43 11
41 12
87 27
33 51
32 25
95 47
73 91
10 86
27 83
13 28
98 93
65 83
54 98
22 20
95 95
69 57
52 62
73 16
78 66
4 98
50 66
71 11
34 85
84 32
95 49
10 94
90 67
47 20
84 24
29 21
83 71
33 81
14 65
12 60
79 33
64 28
52 75
31 55
54 25
86 1
20 82
31 86
91 95
4 79
5 85
47 47
75 19
15 6
70 45
30 1
62 65
6 40
15 90
35 51
57 69
16 26
65 78
1 91
42 6
13 15
93 7
9 33
4 75
48 18
37 76
41 76
96 54
34 42
41 4
32 26
59 89
29 0
22 64
18 3
37 39
82 87
15 26
42 15
31 24
58 84
80 48
35 43
65 75
56 0
81 28
46 75
74 7
59 32
52 64
63 51
63 72
43 18
45 98
25 41
72 18
90 55
75 98
91 90
43 77
64 39
89 54
68 11
80 19
96 68
86 86
16 97
93 8
64 84
53 39
64 88
15 35
86 58
54 54
30 92
72 27
75 28
14 92
14 81
29 68
4 77
60 7
32 35
49 75
65 66
88 16
40 41
50 80
85 55
88 79
89 56
57 52
46 0
99 29
85 42
77 92
89 24
39 96
41 85
94 49
85 63
10 21
27 73
16 58
60 94
84 67
7 49
76 40
88 80
66 73
25 35
0 78
46 53
13 10
84 56
21 51
61 96
98 36
89 97
67 12
92 72
14 58
42 42
63 46
18 2
5 63
88 13
39 77
33 18
79 37
71 10
81 45
24 36
9 70
85 39
25 53
1 17
81 38
38 97
14 34
84 77
90 99
35 17
71 26
76 79
14 76
64 92
76 64
64 75
67 41
58 55
30 33
24 41
4 3
80 20
54 96
18 23
1 3
25 85
59 62
50 20
66 20
20 16
93 38
51 92
88 13
65 45
29 76
46 78
66 50
85 85
16 51
40 72
33 62
25 20
20 42
2 18
15 14
35 15
37 60
82 80
7 0
49 70
52 19
0 16
66 15
17 99
46 60
74 52
82 34
32 83
85 36
85 36
30 71
42 9
92 7
82 99
3 86
78 20
4 4
28 73
78 82
3 15
95 22
40 29
36 58
41 5
33 55
62 28
44 91
36 2
15 39
58 35
46 32
19 21
47 85
17 61
60 99
73 30
60 73
77 90
9 5
82 82
48 12
28 96
74 97
73 95
10 90
15 83
60 92
64 51
50 32
48 94
43 61
85 24
60 26
27 93
47 39
11 90
40 53
17 75
26 42
77 21
14 45
39 74
4 1
83 93
84 72
26 37
81 71
31 62
22 37
30 29
74 22
52 59
27 34
64 64
35 77
0 25
47 58
6 25
80 89
3 96
80 96
36 18
57 51
51 50
50 53
71 40
42 43
96 75
75 67
62 67
41 38
65 44
4 61
68 27
24 89
43 33
99 95
50 16
90 46
6 92
20 47
62 51
37 30
5 66
7 52
76 13
42 62
1 55
5 95
36 84
90 37
46 47
37 6
34 28
29 91
57 28
46 83
93 38
92 4
57 93
37 5
78 14
30 46
17 27
7 54
11 28
56 59
36 61
68 3
17 47
42 79
81 31
60 88
93 79
34 42
31 85
16 56
85 14
18 1
77 94
37 34
4 78
99 23
6 58
97 37
60 9
29 0
14 18
9 23
46 74
83 80
76 71
20 21
27 41
27 1
7 14
82 32
73 56
70 56
32 88
55 37
29 36
23 3
99 45
67 33
30 40
32 88
16 39
40 68
43 91
73 14
70 89
1 89
93 78
41 9
29 50
6 15
19 83
29 75
47 91
13 60
70 71
98 99
86 49
86 87
75 29
52 66
23 80
33 38
83 90
5 70
96 37
55 53
8 67
95 73
72 61
4 83
27 94
55 54
9 61
44 97
1 24
48 16
59 48
50 22
41 29
24 38
73 2
10 44
65 60
24 8
62 3
1 65
51 77
75 55
28 16
72 70
32 33
7 47
92 91
75 50
50 30
20 21
63 29
50 99
46 94
58 48
36 81
38 54
69 95
42 0
24 78
43 91
89 85
94 79
38 21
38 75
93 13
98 34
75 29
67 53
96 43
69 28
18 93
11 59
73 61
55 79
65 74
36 61
52 95
7 22
7 20
44 71
32 18
24 55
66 93
61 97
42 37
29 44
60 99
5 43
67 27
22 66
1 70
16 36
26 39
38 92
89 13
32 26
43 47
1 21
38 4
29 21
24 3
61 58
89 88
30 41
30 42
18 46
24 24
2 94
3 96
63 91
15 41
97 83
53 79
54 26
98 4
36 6
84 76
65 2
74 61
14 82
14 19
45 21
20 99
63 49
38 49
40 90
57 22
57 18
96 84
62 3
19 59
80 39
71 80
58 72
16 58
88 68
48 97
97 11
52 71
55 21
1 93
21 3
90 3
55 53
75 92
78 72
35 89
87 60
79 78
69 82
22 87
21 62
93 41
42 79
21 45
26 49
20 55
77 17
50 0
4 8
58 83
52 5
26 26
3 43
54 99
44 21
40 48
86 96
91 57
50 77
58 83
40 5
94 57
15 10
44 35
18 53
33 4
92 48
8 20
84 39
59 25
43 94
96 21
97 48
56 33
93 78
65 11
47 19
6 38
37 87
36 46
13 19
13 82
81 47
26 25
56 60
40 28
65 30
91 66
10 97
44 24
11 81
93 45
88 1
69 10
77 3
7 24
38 70
95 81
45 40
28 85
12 54
26 91
6 89
35 44
88 19
41 78
75 15
39 20
7 19
55 75
96 68
40 31
46 90
88 31
87 25
5 59
24 68
55 32
88 64
72 79
39 98
29 96
48 66
49 14
81 87
65 32
92 14
68 64
45 8
47 89
98 14
17 85
78 82
92 39
37 32
60 97
12 55
12 21
80 26
17 11
28 86
68 7
0 72
13 51
66 64
48 76
91 30
20 10
14 27
92 43
96 57
3 60
6 73
99 70
74 99
7 18
86 38
83 61
63 7
74 26
65 48
77 87
76 86
5 26
96 34
49 33
8 38
96 63
41 22
19 39
72 65
29 91
4 25
83 11
36 16
0 49
94 46
52 16
77 93
51 21
70 65
10 18
24 26
5 4
24 12
47 37
23 99
1 42
67 69
37 70
71 94
77 23
73 5
24 10
16 53
83 6
46 72
85 40
36 41
5 27
73 97
41 18
17 53
63 25
55 96
67 66
9 60
39 88
1 9
26 58
12 60
31 69
57 6
12 23
46 73
37 13
81 57
41 62
55 70
21 58
8 96
79 88
65 21
82 54
64 47
98 52
50 66
9 17
60 86
44 76
5 23
78 79
59 79
63 51
29 78
61 98
47 12
76 85
49 65
40 96
16 38
93 67
93 23
92 92
81 56
57 93
2 37
34 17
25 80
74 23
39 68
28 84
84 14
70 78
36 72
75 15
56 87
29 49
5 40
2 76
42 81
31 42
37 64
73 36
41 99
28 80
59 54
41 12
26 44
87 68
59 51
98 88
7 23
87 72
68 7
81 66
22 17
20 43
67 12
16 56
11 22
31 29
79 68
38 9
65 57
69 25
85 17
37 53
53 9
99 65
27 32
66 17
48 46
33 70
52 55
69 55
68 59
52 78
56 98
30 34
31 81
53 4
8 97
69 72
10 90
22 95
81 15
20 68
41 33
3 87
0 24
63 14
73 37
3 18
93 90
19 18
60 77
91 18
96 65
92 42
58 81
33 68
52 45
13 5
42 24
12 29
7 53
49 34
82 67
49 68
10 53
92 48
36 93
66 6
90 63
49 16
88 80
8 22
21 96
40 28
5 40
29 89
23 38
11 89
51 21
37 59
22 60
96 40
62 72
7 47
96 35
46 44
84 3
66 36
52 20
13 0
82 62
41 10
60 89
4 58
8 23
96 32
44 40
50 58
51 71
65 9
27 0
69 32
9 37
36 97
30 45
70 16
73 26
41 59
26 21
39 97
11 67
89 64
14 92
5 41
33 91
26 50
47 13
63 1
64 56
68 77
51 61
89 51
73 78
16 35
30 52
39 77
94 53
63 21
79 33
47 82
82 60
21 0
33 51
88 87
3 30
44 8
20 49
13 24
8 57
90 0
52 83
58 87
54 59
16 63
99 9
91 77
79 90
68 29
93 14
93 76
94 51
26 73
2 25
48 2
64 97
29 44
83 17
36 9
10 34
45 49
57 3
60 42
9 68
39 26
4 96
77 40
49 13
85 49
90 82
51 2
72 90
48 26
46 83
75 75
89 24
64 60
6 85
29 67
26 50
2 7
29 46
64 82
27 39
35 16
25 15
85 63
94 35
6 61
88 60
41 41
93 5
60 93
88 80
17 40
63 20
77 26
50 60
94 83
39 89
12 85
77 2
73 24
42 17
15 94
41 70
70 53
39 6
10 0
55 66
91 6
11 99
26 46
67 84
45 30
88 78
0 70
68 25
36 37
85 55
15 68
98 62
24 26
2 46
90 70
60 85
2 67
38 57
46 30
52 29
39 76
90 30
14 32
61 67
2 69
92 1
20 9
70 38
55 0
22 3
6 81
17 85
41 23
8 35
59 83
97 8
9 49
58 31
39 74
0 39
57 16
58 76
41 57
66 1
67 12
4 98
94 90
1 18
1 70
15 69
72 79
63 13
75 56
67 60
17 47
7 9
26 52
58 48
17 69
48 61
0 57
82 17
60 70
8 57
95 5
38 49
90 76
53 68
43 16
0 25
75 34
57 51
27 69
11 29
63 63
44 2
41 39
42 64
2 83
47 75
76 58
95 5
86 53
55 44
64 22
15 69
94 78
7 63
59 6
74 92
93 34
68 71
37 55
91 41
59 40
97 65
88 25
32 68
70 50
56 89
27 80
82 36
24 50
35 90
1 89
78 94
98 71
49 75
90 68
71 55
6 37
44 27
69 3
96 38
44 21
68 86
17 43
77 7
32 30
21 37
32 0
32 53
82 49
27 23
70 95
87 90
47 53
77 72
67 54
80 31
55 15
88 89
13 76
9 42
19 15
93 9
94 87
41 50
23 32
59 37
96 50
76 57
17 93
38 34
55 88
43 46
53 19
61 2
58 26
70 44
4 83
89 97
88 53
73 67
25 83
61 41
58 69
78 38
14 67
88 4
1 8
29 58
42 97
53 67
59 29
49 53
37 27
39 29
67 18
21 78
36 24
41 37
75 89
55 54
50 30
63 49
61 22
46 5
97 28
89 38
98 96
10 49
91 99
51 62
99 23
9 31
13 3
75 52
95 17
23 93
13 93
27 60
49 3
24 7
60 71
67 63
55 74
54 75
8 33
9 88
67 33
48 32
33 44
48 83
65 66
76 6
86 12
3 34
45 11
80 59
43 92
50 92
33 44
71 31
99 77
92 43
65 95
2 64
5 57
73 15
17 80
99 78
94 63
0 37
65 32
27 96
87 17
60 85
37 29
85 82
36 60
52 30
95 96
52 4
22 16
4 7
85 24
17 67
77 3
66 81
62 14
6 50
95 11
39 33
16 1
79 37
34 15
23 67
61 25
47 69
42 61
74 30
22 50
88 55
8 92
32 31
4 44
52 0
7 99
38 64
89 57
9 44
28 91
40 58
98 40
58 43
90 94
26 54
54 46
75 50
30 48
3 79
88 37
92 86
38 75
28 94
6 0
4 27
68 5
48 8
98 37
32 90
97 80
14 60
92 66
98 97
19 28
20 74
41 33
10 49
54 9
15 54
81 99
39 12
83 97
32 9
29 29
71 74
5 0
92 37
35 79
29 18
39 69
20 78
81 42
7 14
93 71
86 59
78 96
46 45
32 67
53 72
32 9
57 27
94 56
13 17
24 87
52 17
51 63
55 19
16 36
44 74
0 38
17 45
90 45
19 69
8 77
16 1
90 26
96 56
65 43
46 10
58 16
58 40
77 20
64 37
96 79
4 4
69 88
1 46
94 33
14 33
17 99
5 95
92 31
70 33
53 91
78 86
77 87
64 10
75 31
26 34
73 17
27 33
65 33
72 3
80 89
7 20
24 49
80 14
38 89
86 75
91 77
91 84
11 97
17 43
15 41
30 50
87 82
58 79
73 17
27 28
25 90
97 1
42 27
16 83
86 8
14 99
39 54
59 79
73 61
45 58
44 87
55 92
23 75
65 28
88 18
42 21
16 16
23 41
81 86
78 74
93 89
74 21
25 10
43 98
13 45
48 13
77 69
15 47
57 32
6 54
68 93
35 66
87 58
43 54
70 31
79 47
2 23
89 60
33 28
56 59
77 56
35 26
70 66
3 36
77 91
15 18
73 26
33 83
95 15
1 73
71 60
17 42
84 97
58 77
90 92
68 86
7 3
93 18
19 20
35 90
93 74
11 51
34 13
65 73
36 11
86 29
78 24
98 44
61 69
82 64
75 12
71 3
82 54
64 60
25 44
97 75
18 12
53 24
17 0
35 72
83 70
4 34
11 48
11 38
81 50
87 92
20 92
84 9
61 99
48 82
34 38
97 87
35 76
37 85
25 78
17 95
79 64
13 70
74 21
81 77
63 79
0 40
89 20
2 43
65 11
12 6
43 10
53 60
61 12
82 38
70 77
98 41
49 62
37 12
25 30
43 58
4 71
33 38
27 3
6 2
78 3
81 16
44 17
34 15
77 74
0 34
92 92
53 19
76 77
13 24
31 65
72 72
58 69
69 82
58 26
20 53
28 51
52 17
69 80
83 34
7 59
60 28
31 98
46 62
74 13
99 63
16 3
45 95
54 10
52 10
61 36
75 93
40 10
23 67
86 76
10 10
18 25
34 87
71 65
57 88
66 85
56 11
36 73
13 78
49 63
51 47
54 41
25 6
13 63
77 58
16 66
1 68
11 27
33 30
67 87
22 64
86 29
36 77
49 54
74 68
75 95
67 9
83 39
12 32
98 41
78 47
87 44
19 24
15 80
27 50
18 99
71 84
26 66
3 22
22 47
15 89
65 85
38 50
23 13
57 70
39 26
55 52
58 74
88 80
7 45
17 88
62 79
31 54
40 11
64 50
5 5
99 63
39 96
95 18
67 25
8 36
74 87
73 58
23 14
28 77
57 94
39 76
51 84
81 78
51 86
88 26
47 68
61 44
70 38
46 9
83 68
96 54
8 84
68 11
51 77
12 73
81 73
70 67
41 21
57 85
33 53
37 14
85 89
80 69
17 54
33 96
10 3
69 44
88 14
75 54
23 64
93 18
0 89
64 11
60 60
39 13
92 51
78 26
55 54
53 47
57 25
20 98
27 36
91 61
91 45
68 34
48 67
62 52
35 2
71 63
72 37
33 58
41 11
27 46
22 41
94 84
90 65
15 5
51 87
65 73
31 14
71 61
64 12
62 6
28 15
89 7
35 69
37 87
3 62
21 74
38 97
91 61
32 24
15 4
63 4
34 78
45 23
22 62
27 14
8 46
97 14
96 42
40 39
10 50
57 8
23 31
19 21
35 68
97 80
46 75
17 35
34 19
80 29
19 81
89 63
76 31
77 25
25 90
52 43
42 82
92 46
74 19
71 18
85 12
73 13
91 64
90 96
77 76
14 3
42 85
18 80
45 76
63 49
18 55
60 60
9 97
55 74
66 70
56 60
74 40
18 45
31 85
45 56
87 78
43 85
22 61
78 73
0 12
4 84
1 40
79 8
13 24
74 31
48 46
14 18
48 85
39 1
51 95
20 97
54 28
0 79
87 87
0 32
37 33
86 62
39 85
54 9
25 30
37 30
76 65
63 95
68 48
70 85
24 72
40 64
38 80
46 69
59 43
87 7
99 9
91 85
75 31
68 34
85 8
53 83
8 95
78 7
11 60
12 80
86 33
20 55
57 67
58 39
76 5
54 17
8 18
66 49
46 41
32 77
12 9
23 48
92 51
72 98
8 32
87 30
42 43
97 4
87 1
36 76
28 27
78 84
85 60
38 68
40 8
84 39
88 14
41 76
94 28
61 16
64 75
61 12
58 89
97 64
63 34
34 0
21 67
38 27
24 35
18 43
67 7
16 30
87 60
49 9
87 72
49 52
22 94
92 89
42 22
75 98
85 32
16 19
62 73
8 48
50 49
62 98
3 39
10 40
81 29
53 3
94 26
74 60
66 62
46 50
48 1
12 91
65 94
53 12
23 48
35 97
97 56
99 23
89 57
52 53
76 81
4 5
55 16
65 13
31 14
53 88
41 29
87 39
0 49
24 7
3 37
68 67
94 34
48 78
71 42
46 7
48 62
81 87
47 66
11 20
79 67
75 48
18 82
60 80
13 41
76 24
48 55
63 15
25 75
95 79
36 11
78 23
86 83
99 77
75 98
31 19
52 3
31 19
52 98
85 95
21 13
50 50
0 97
75 47
94 38
15 91
13 82
75 41
1 71
36 51
34 58
79 25
34 20
58 85
39 71
95 77
67 3
48 87
82 98
8 17
12 14
49 22
33 44
94 33
46 39
96 46
13 17
5 67
83 10
70 76
16 17
12 54
91 62
53 61
89 6
21 56
61 17
72 23
26 26
2 57
94 19
14 50
23 69
9 10
36 67
75 14
57 95
76 40
60 72
75 74
54 50
98 11
84 15
6 87
15 9
62 43
3 3
33 95
44 53
23 41
54 58
79 16
99 83
30 32
69 45
65 74
55 38
84 64
49 94
4 39
27 86
17 99
85 38
0 3
68 10
75 45
13 68
27 64
77 14
22 51
53 4
1 24
42 61
86 3
73 96
4 57
54 28
78 50
70 12
83 97
27 57
12 30
8 13
74 33
32 80
7 80
98 86
75 64
12 69
38 97
75 2
95 6
75 19
7 37
97 46
2 66
28 92
3 94
54 56
28 51
37 78
92 54
78 20
32 52
58 6
39 98
97 52
77 55
40 66
52 15
47 39
60 23
89 34
65 73
81 67
46 16
3 80
56 84
71 29
63 84
95 38
50 97
45 83
63 29
66 9
92 81
75 89
63 13
97 76
92 66
29 39
31 36
66 53
95 87
37 9
78 36
17 91
67 19
77 81
14 23
67 89
92 72
1 81
8 60
77 3
38 44
71 56
92 24
32 59
76 89
34 36
36 12
97 16
23 17
15 41
26 54
51 88
89 24
67 59
21 3
48 29
39 2
64 86
7 25
3 37
18 26
85 76
29 69
64 7
48 55
64 41
37 12
35 13
63 83
3 12
62 26
10 81
3 75
63 12
91 85
71 90
62 49
70 25
64 97
38 42
75 37
12 70
13 12
64 26
92 34
89 8
99 29
2 78
12 63
67 60
18 25
0 89
92 24
32 44
19 7
80 84
98 79
10 6
88 97
77 66
20 53
8 54
93 15
54 38
25 77
28 15
51 78
79 55
52 9
58 98
97 72
51 66
90 97
67 40
84 42
62 71
70 66
6 31
4 64
13 72
79 55
59 74
7 69
78 5
90 6
4 14
8 60
32 39
14 1
65 9
98 43
57 49
65 57
4 21
73 47
41 6
87 72
45 60
10 22
6 89
5 73
59 35
93 90
78 67
29 8
46 47
2 1
43 67
71 83
5 16
43 79
30 39
38 84
87 35
51 52
24 54
94 54
30 84
24 74
80 80
16 67
21 36
79 56
85 55
52 30
88 86
18 60
92 38
25 7
92 25
37 7
46 44
28 8
66 69
67 98
12 50
19 10
82 96
63 37
96 25
4 52
74 36
75 94
77 15
39 29
41 67
2 2
23 93
48 96
53 45
70 96
17 31
1 32
7 93
97 34
23 36
17 98
30 99
48 45
32 94
71 69
64 82
98 15
50 19
69 46
65 2
64 33
82 69
73 99
14 59
84 28
53 74
78 42
48 8
99 12
51 5
73 78
94 66
66 53
50 33
19 55
62 32
7 49
21 0
78 60
68 8
84 14
83 50
91 52
66 10
77 28
96 74
8 17
79 64
96 50
99 69
51 74
49 11
44 55
73 40
34 36
74 97
22 28
97 40
8 89
91 27
10 23
47 61
6 35
87 69
41 32
33 13
62 45
70 17
77 17
15 87
48 83
67 36
20 73
41 79
4 39
31 65
25 59
83 75
6 85
94 25
57 97
79 93
93 32
73 77
98 36
58 33
75 64
9 76
1 85
86 25
24 57
16 50
3 41
25 27
96 66
24 89
81 85
25 87
37 66
40 39
11 67
3 83
90 29
24 25
91 14
50 23
51 13
9 21
8 74
17 71
95 52
13 74
49 58
68 15
81 76
66 8
89 7
41 44
49 15
98 69
66 44
42 69
82 67
41 53
6 7
47 97
83 38
84 6
87 80
96 62
95 91
77 10
15 18
27 97
3 17
87 39
6 27
37 55
69 33
79 84
28 5
26 95
68 1
47 57
57 95
17 29
25 7
2 61
8 8
4 85
41 14
18 34
87 53
59 68
69 84
8 23
3 51
58 11
40 15
75 9
67 27
10 6
2 14
52 76
64 60
13 65
5 66
17 92
2 94
67 69
82 23
59 56
77 9
32 73
80 48
46 32
19 52
0 60
77 62
94 37
55 56
57 76
52 72
69 23
29 94
96 48
31 73
8 46
3 44
31 26
81 4
31 74
48 1
78 44
91 4
38 23
53 64
40 40
45 67
5 93
64 53
76 97
96 87
60 20
57 26
71 19
2 50
15 8
19 88
43 60
33 73
79 23
17 15
26 9
0 85
96 44
1 59
29 99
4 45
56 81
65 4
0 75
44 41
20 45
96 41
52 35
32 82
65 1
70 91
16 13
57 18
49 88
42 63
94 78
70 46
66 52
85 84
42 71
51 89
40 64
14 55
46 8
68 7
72 6
30 69
78 6
86 84
30 54
88 14
35 74
95 55
82 58
23 88
64 42
86 64
16 46
79 35
77 29
34 57
2 16
38 21
37 29
24 2
75 80
85 1
36 98
93 24
11 37
26 64
98 98
72 30
16 49
11 4
5 35
71 83
88 74
84 1
93 82
88 68
43 40
62 57
53 51
33 96
20 8
70 5
15 15
0 4
9 43
22 81
6 85
96 67
76 67
77 37
16 97
76 64
27 29
79 12
92 37
29 7
18 94
69 16
53 5
57 16
2 25
90 29
8 95
60 13
81 29
31 14
65 9
74 26
14 6
97 16
52 63
53 51
59 89
76 99
31 2
97 16
66 55
77 23
91 37
65 63
36 71
75 30
8 41
65 50
33 49
7 10
31 64
95 39
36 42
12 28
60 12
93 38
62 72
24 97
78 40
8 58
15 89
72 0
44 97
83 74
55 53
4 73
96 52
54 55
95 74
31 32
16 40
97 93
80 67
93 87
98 36
94 5
42 79
18 25
58 33
11 77
60 70
76 40
60 69
10 10
53 57
61 41
9 60
60 57
2 7
16 83
61 34
75 45
81 54
74 5
34 33
4 95
89 33
67 0
45 58
85 19
16 40
54 21
40 40
85 87
87 67
94 86
47 4
32 76
24 23
35 70
42 82
25 55
71 42
76 59
27 40
82 54
43 89
80 96
45 38
54 9
62 85
55 89
73 16
12 50
86 46
35 43
57 91
2 18
47 8
53 53
45 67
65 76
89 60
52 47
47 34
28 59
99 61
7 60
61 13
42 6
96 4
85 64
93 89
94 37
22 96
70 20
93 84
99 17
34 73
30 29
66 68
60 57
28 43
22 1
33 33
38 79
12 53
28 74
89 41
19 47
14 47
19 49
73 46
92 35
26 28
95 95
7 1
43 94
7 47
87 47
42 41
5 37
0 38
1 42
26 39
38 23
3 66
2 47
49 72
42 91
32 42
22 23
67 9
1 23
76 76
41 66
83 13
26 41
80 43
99 52
11 66
5 1
38 18
80 36
45 67
13 24
82 82
43 62
42 14
11 17
92 59
23 47
75 70
61 9
39 53
83 47
0 54
20 52
42 5
53 67
4 33
9 52
25 48
16 89
51 89
15 61
79 1
88 95
53 94
6 1
60 44
33 3
22 33
84 66
55 3
47 92
34 12
77 66
20 31
31 64
37 98
70 83
82 68
0 0
24 84
74 61
42 11
61 57
42 13
25 69
45 24
62 97
98 81
77 23
7 72
79 69
93 1
62 58
3 52
36 66
69 5
92 41
34 42
1 54
25 25
62 39
65 77
66 81
49 49
76 80
31 25
17 7
10 82
75 11
12 95
54 30
66 34
95 49
2 0
96 44
65 2
55 8
11 22
35 58
28 24
93 46
21 0
11 48
65 40
73 65
94 27
26 62
50 17
39 89
53 88
16 37
61 81
12 10
93 80
55 86
94 75
78 63
84 52
82 0
29 6
7 65
52 69
87 76
29 22
28 50
69 64
39 46
56 94
91 37
8 12
23 77
10 54
29 22
18 51
8 72
20 98
37 57
39 50
97 62
47 24
25 9
22 97
5 61
5 81
68 43
88 85
56 99
66 95
45 85
7 8
42 40
24 36
36 92
89 8
25 13
34 61
16 65
58 49
41 55
25 64
70 52
52 41
59 45
20 93
7 46
39 40
55 27
24 7
30 76
71 11
16 89
26 7
38 95
98 94
61 59
20 13
1 67
34 49
99 65
14 68
61 15
34 82
45 19
58 64
95 65
53 44
70 17
3 24
97 90
81 4
63 59
49 34
87 8
34 34
99 58
76 46
32 39
97 60
9 10
83 82
50 84
83 5
27 13
6 4
31 5
14 28
50 40
3 92
33 16
30 46
20 55
49 47
12 64
85 96
60 94
66 49
51 17
12 12
58 42
37 31
81 3
83 18
46 31
98 68
41 28
73 49
72 13
23 22
41 78
98 82
64 37
55 62
71 56
5 28
94 26
79 28
67 22
92 48
88 27
91 59
75 64
72 19
44 92
76 72
67 68
81 82
60 53
47 9
62 52
32 27
92 28
79 24
65 52
81 86
40 54
31 35
15 63
57 9
49 84
96 76
16 55
63 58
55 13
1 0
7 20
52 18
25 20
27 16
14 52
59 77
80 71
80 79
45 38
86 42
95 2
28 35
15 49
42 26
75 64
15 55
47 86
24 92
32 13
27 1
10 34
73 1
31 48
31 27
83 75
85 75
17 89
13 97
0 33
1 24
26 50
41 52
51 88
74 40
71 87
98 41
4 35
64 61
46 47
72 36
12 7
38 26
77 15
17 90
1 44
38 8
8 49
96 56
4 91
19 20
67 58
60 86
45 62
6 15
55 65
63 60
76 54
96 79
6 34
65 92
76 15
61 34
50 84
32 37
46 38
90 80
27 0
96 63
82 72
84 56
11 24
39 23
83 13
98 46
15 47
78 36
96 59
27 85
12 9
8 10
55 90
54 25
11 90
13 24
72 58
52 69
91 46
20 36
39 62
93 87
83 94
36 60
60 18
85 50
61 37
37 80
25 3
39 35
70 74
81 67
56 3
44 63
87 4
33 41
66 7
53 59
3 99
59 2
72 3
53 37
64 31
0 50
77 4
21 37
24 9
13 20
2 20
72 19
2 35
33 5
31 33
8 89
98 5
7 6
81 44
87 67
74 36
80 47
61 96
49 21
18 32
77 38
73 10
41 44
29 80
7 54
70 80
62 93
12 15
44 34
41 34
36 14
94 55
55 24
76 5
73 61
81 18
98 82
27 24
98 93
85 49
27 56
2 0
63 31
17 57
93 13
55 83
17 81
21 2
2 35
35 5
9 96
18 7
95 83
31 49
64 12
97 84
84 32
41 19
23 86
41 94
25 15
26 24
76 90
12 66
30 48
72 20
34 10
9 48
27 9
75 8
99 85
78 59
78 78
50 49
12 63
61 70
71 95
68 74
76 32
29 13
88 62
67 57
52 68
68 17
60 78
7 37
34 54
66 9
45 40
39 69
10 58
12 77
78 17
46 34
1 44
4 8
51 70
42 68
96 7
7 69
51 11
85 92
41 1
11 2
6 41
9 68
75 75
87 80
57 31
58 10
50 12
18 75
56 7
15 0
80 21
15 30
51 8
39 49
24 39
15 10
74 21
47 71
78 52
36 8
81 96
49 93
25 88
35 82
54 8
80 19
87 58
6 94
52 34
1 89
14 14
94 1
48 9
60 23
70 70
68 16
55 43
35 32
76 88
99 2
43 96
37 89
51 59
71 34
13 3
63 78
3 29
53 46
83 41
17 88
95 28
18 56
97 28
10 83
12 60
67 75
84 71
98 15
24 67
4 41
35 32
28 47
3 52
82 38
70 66
33 21
88 58
93 0
77 47
51 45
70 13
60 94
35 94
69 89
63 10
80 93
45 64
60 25
42 12
58 48
10 69
72 48
35 55
44 82
50 94
99 10
13 94
62 25
72 26
13 34
60 7
71 94
27 90
22 15
53 32
48 40
74 13
8 99
21 33
5 38
78 33
31 32
6 85
94 33
8 17
69 99
99 73
37 10
66 37
3 63
42 94
70 26
87 69
28 91
78 60
2 67
3 81
73 33
20 68
39 29
98 58
44 88
24 56
95 78
90 68
82 75
98 7
5 98
24 97
11 93
78 15
54 71
31 49
6 55
41 42
39 29
83 81
99 89
22 96
36 3
91 77
39 73
30 14
81 17
55 65
27 37
60 64
83 10
91 1
27 31
38 57
76 60
93 17
5 47
62 68
98 78
61 41
58 19
18 26
88 16
32 74
4 52
4 95
71 64
88 33
79 73
47 75
21 24
69 66
97 23
40 77
95 44
41 15
14 5
33 15
81 90
59 75
33 19
58 91
99 39
46 33
1 75
86 90
46 88
30 1
49 78
92 43
83 56
16 84
21 14
86 42
17 63
48 33
36 63
9 64
92 9
75 92
75 89
42 34
96 72
31 22
56 64
53 89
58 44
33 34
72 92
46 35
55 20
60 48
1 6
26 56
70 33
4 88
76 90
69 82
56 41
0 56
10 9
11 4
67 92
17 44
96 65
94 26
85 76
63 77
52 48
93 67
4 23
2 71
19 19
54 30
14 70
29 47
54 37
78 42
85 39
1 79
82 3
71 14
17 20
40 48
39 9
29 4
71 99
58 62
83 1
56 16
79 20
88 21
97 21
1 50
97 1
7 15
8 62
27 15
77 71
90 68
11 81
71 84
20 58
93 67
1 74
45 53
27 99
13 89
65 87
49 58
44 59
11 66
58 62
12 84
22 81
40 87
7 84
19 68
37 29
92 34
87 16
21 32
82 22
8 37
76 25
45 78
80 45
65 4
79 87
52 83
92 60
13 4
66 98
22 11
2 41
6 87
32 79
20 85
39 13
76 7
98 55
1 52
56 42
34 75
61 80
50 15
46 68
53 47
9 51
58 69
46 71
40 72
67 5
77 79
49 41
76 85
76 72
11 27
19 65
44 41
94 27
71 59
71 60
3 68
90 71
56 40
56 49
57 74
60 20
64 78
75 4
40 66
18 33
45 45
85 53
52 10
30 23
60 72
93 0
25 15
37 86
7 98
65 1
86 28
70 66
88 44
3 97
56 55
64 24
51 67
1 83
22 44
44 62
59 80
23 41
57 31
11 96
75 2
28 20
78 55
58 3
78 95
85 85
3 96
74 55
40 3
29 51
34 52
20 32
82 18
69 13

