0 0
0 1
0 2
0 3
0 4
0 5
0 6
0 14
0 17
0 78
0 80
0 85
0 94
0 95
0 99
1 5
1 15
1 16
1 36
1 37
1 98
2 35
2 38
2 98
3 12
3 23
3 24
3 36
3 37
4 12
4 22
4 25
4 94
5 12
5 23
5 25
5 86
5 87
5 88
5 93
5 95
6 24
6 35
6 43
6 44
6 53
6 93
6 95
7 35
7 43
7 44
7 52
7 53
7 54
7 94
8 35
8 51
8 52
8 54
8 55
8 58
8 59
8 60
9 29
9 30
9 31
9 50
9 52
9 55
9 56
10 50
10 52
10 53
10 54
10 56
11 51
11 52
11 53
11 54
11 55
12 48
12 49
12 50
12 53
12 54
12 55
12 66
12 67
12 68
13 49
14 66
14 68
15 34
15 35
15 36
15 67
15 90
15 91
15 92
16 89
16 93
17 18
17 19
17 64
17 65
17 67
17 69
17 70
17 89
17 93
18 16
18 17
18 19
18 20
18 40
18 41
18 64
18 70
18 78
18 79
18 80
18 89
18 93
19 21
19 22
19 40
19 41
19 78
19 79
19 80
19 90
19 91
19 92
20 22
20 66
20 68
20 77
20 81
20 82
21 3
21 4
21 5
21 10
21 16
21 17
21 20
21 21
21 22
21 67
21 77
21 79
21 81
21 82
22 10
22 11
22 12
22 16
22 17
22 19
22 20
22 70
22 71
22 72
22 78
22 81
22 82
23 11
23 15
23 16
23 52
23 53
23 69
23 73
23 79
23 80
24 10
24 11
24 13
24 15
24 52
24 53
24 74
24 87
24 88
25 9
25 10
25 11
25 14
25 68
25 73
25 80
25 88
26 10
26 12
26 68
26 69
26 71
26 72
26 79
26 80
26 81
26 86
26 87
27 7
27 8
27 10
27 11
27 12
27 36
27 37
27 38
27 55
27 70
27 78
27 82
27 87
28 9
28 10
28 11
28 12
28 53
28 54
28 56
28 78
28 79
28 80
28 84
28 85
29 17
29 18
29 19
29 57
29 79
29 84
29 86
30 16
30 20
30 55
30 57
30 84
30 85
31 15
31 21
31 52
31 53
31 54
31 55
31 58
31 65
31 66
31 81
31 85
31 86
31 87
32 14
32 18
32 22
32 52
32 57
32 58
32 61
32 65
32 66
32 80
32 82
32 83
32 84
32 87
33 9
33 14
33 22
33 53
33 58
33 61
33 79
33 80
33 81
33 84
33 85
33 87
34 8
34 9
34 10
34 14
34 16
34 20
34 22
34 52
34 54
34 60
34 94
34 97
34 98
35 7
35 10
35 11
35 15
35 16
35 20
35 21
35 54
35 83
35 85
35 94
36 6
36 7
36 10
36 11
36 12
36 24
36 51
36 52
36 53
36 55
36 56
36 57
36 83
36 85
36 99
37 24
37 55
37 57
37 84
37 98
38 24
38 56
38 57
39 8
39 9
39 10
39 32
39 33
39 34
40 31
40 34
40 39
40 40
40 41
41 11
41 30
41 34
41 38
41 41
41 49
41 50
41 51
42 7
42 8
42 9
42 11
42 28
42 29
42 34
42 38
42 42
42 43
42 48
42 52
43 6
43 9
43 28
43 29
43 42
43 43
43 85
43 86
44 3
44 4
44 6
44 9
44 12
44 31
44 35
44 42
44 43
44 47
44 52
44 85
44 86
45 5
45 8
45 9
45 10
45 11
45 13
45 24
45 25
45 39
45 40
45 41
45 48
45 49
45 50
46 1
46 10
46 11
46 13
46 24
46 25
46 33
46 34
47 1
47 12
47 90
47 91
47 92
48 0
48 2
49 2
49 3
49 80
49 81
49 99
50 2
50 3
50 4
50 5
50 80
50 81
51 5
51 50
51 51
51 98
52 0
52 3
52 4
52 36
52 37
52 38
52 50
52 52
52 66
53 1
53 2
53 3
53 34
53 35
53 38
53 51
53 66
53 99
54 1
54 34
54 35
54 37
54 38
54 66
54 98
54 99
55 2
55 33
55 35
55 41
55 97
56 0
56 1
56 32
56 33
56 35
56 39
56 40
56 41
56 98
56 99
57 8
57 9
57 14
57 31
57 34
57 40
57 41
57 42
57 59
58 0
58 9
58 13
58 15
58 32
58 33
58 40
58 41
58 42
58 58
58 62
58 63
58 64
58 65
58 66
58 73
58 74
58 98
58 99
59 1
59 2
59 13
59 16
59 41
59 42
59 57
59 58
59 63
59 64
59 73
59 74
59 98
60 13
60 16
60 17
60 36
60 37
60 54
60 55
60 60
60 68
60 69
60 98
61 0
61 1
61 14
61 16
61 28
61 29
61 35
61 38
61 54
61 55
61 61
61 63
61 70
61 71
61 86
61 88
61 99
62 9
62 10
62 15
62 16
62 27
62 36
62 37
62 63
62 65
62 66
62 69
62 81
62 86
62 87
63 4
63 9
63 10
63 48
63 49
63 51
63 52
63 80
63 81
63 82
63 87
64 3
64 48
64 49
64 72
64 73
64 74
64 79
64 80
64 82
65 0
65 2
65 3
65 4
65 47
65 48
65 78
65 79
65 98
65 99
66 0
66 3
66 5
66 17
66 37
66 48
66 49
66 50
66 51
66 61
66 77
66 78
66 79
66 98
66 99
67 1
67 3
67 6
67 7
67 13
67 18
67 35
67 40
67 47
67 49
67 51
67 60
67 62
67 98
68 6
68 14
68 17
68 18
68 46
68 47
68 49
68 51
68 52
68 60
68 62
68 81
68 84
69 2
69 3
69 6
69 33
69 40
69 46
69 47
69 49
69 50
69 51
69 61
69 81
69 82
70 0
70 2
70 5
70 34
70 36
70 37
70 38
70 47
70 50
70 80
71 5
71 7
71 35
71 47
71 48
71 49
71 74
71 75
71 76
71 81
71 83
71 84
71 86
71 91
71 92
71 93
72 63
72 64
72 72
72 73
72 77
72 81
72 84
72 86
72 91
72 93
73 6
73 7
73 72
73 77
73 79
73 80
73 85
73 86
73 91
73 92
73 93
74 5
74 60
74 61
74 72
74 73
74 80
74 81
74 82
74 83
75 2
75 15
75 16
75 25
75 26
75 31
75 33
75 60
75 61
75 63
75 75
75 80
75 81
75 82
75 83
75 84
75 86
75 87
76 3
76 14
76 17
76 24
76 26
76 27
76 28
76 29
76 33
76 56
76 57
76 63
76 67
76 68
76 74
76 75
76 84
76 86
76 87
77 0
77 2
77 3
77 13
77 17
77 24
77 28
77 29
77 30
77 33
77 55
77 56
77 57
77 63
77 67
77 68
77 73
77 76
77 83
77 85
77 86
78 1
78 2
78 4
78 5
78 13
78 16
78 25
78 26
78 27
78 29
78 31
78 51
78 52
78 56
78 58
78 62
78 75
78 78
78 82
78 83
79 13
79 16
79 25
79 26
79 27
79 30
79 32
79 51
79 52
79 56
79 59
79 74
79 76
79 77
79 78
79 81
79 82
79 93
79 94
80 14
80 15
80 22
80 26
80 27
80 28
80 30
80 39
80 57
80 58
81 22
81 26
81 27
81 39
81 74
81 76
81 77
81 85
82 22
82 38
82 39
82 50
82 51
82 52
82 54
82 55
82 58
82 68
82 69
82 70
82 75
82 76
82 85
83 0
83 49
83 51
83 52
83 54
83 59
83 86
83 98
83 99
84 49
84 58
84 80
84 81
84 84
84 85
85 38
85 39
85 50
85 51
85 53
85 54
85 56
85 57
85 80
86 38
86 39
86 50
86 51
86 53
86 54
86 67
86 82
87 65
87 66
87 67
87 68
87 80
87 82
88 24
88 25
88 63
88 66
88 69
88 70
88 81
88 82
88 90
88 91
88 92
89 23
89 26
89 62
89 67
89 72
90 24
90 25
90 65
90 66
90 67
90 68
90 69
91 66
91 72
92 46
92 67
92 68
92 88
93 46
93 66
93 76
93 87
93 89
93 90
94 13
94 14
94 46
94 62
94 67
94 68
94 74
94 75
94 78
94 87
94 90
94 99
95 0
95 13
95 14
95 60
95 61
95 62
95 66
95 67
95 68
95 74
95 75
95 77
95 78
95 79
95 88
95 91
95 99
96 0
96 1
96 59
96 62
96 65
96 66
96 74
96 75
96 77
96 79
96 89
96 90
96 94
96 95
97 0
97 1
97 60
97 62
97 65
97 66
97 68
97 70
97 71
97 72
97 74
97 75
97 84
97 85
97 86
97 93
97 95
97 96
98 3
98 4
98 6
98 25
98 26
98 61
98 67
98 68
98 70
98 71
98 72
98 77
98 83
98 93
98 95
99 0
99 7
99 15
99 16
99 25
99 26
99 68
99 77
99 80
99 81
99 82
99 93
99 94
