0 14
0 17
0 63
0 72
0 73
0 74
0 75
0 77
0 79
0 90
0 93
1 15
1 16
1 36
1 37
1 64
1 65
1 78
1 91
1 93
2 35
2 38
2 64
2 65
2 67
3 23
3 24
3 36
3 37
3 56
3 57
3 58
3 65
3 68
4 11
4 12
4 13
4 22
4 25
4 56
4 57
4 65
4 87
5 23
5 25
5 51
5 53
5 54
5 57
5 59
5 64
5 70
5 87
6 24
6 43
6 44
6 51
6 53
6 56
6 57
6 59
6 61
6 64
6 70
6 87
7 34
7 35
7 36
7 43
7 44
7 51
7 52
7 53
7 59
7 70
8 30
8 55
8 57
8 60
8 61
8 72
9 30
9 55
9 56
9 57
9 61
9 67
9 68
9 71
9 73
10 30
10 61
10 62
10 65
10 66
10 71
10 73
11 60
11 64
11 72
12 19
12 59
12 60
12 62
12 63
13 18
13 19
13 20
13 21
13 60
13 62
13 68
13 82
13 83
13 84
13 91
14 18
14 35
14 67
14 70
14 81
14 82
14 85
14 91
15 17
15 21
15 35
15 68
15 69
15 70
15 72
15 79
15 80
15 91
16 18
16 19
16 20
16 35
16 69
16 70
16 71
16 72
16 78
16 83
16 84
16 85
17 18
17 81
17 93
17 94
17 95
18 40
18 41
18 67
18 69
18 77
19 40
19 41
19 67
19 69
20 4
20 16
20 70
20 78
20 79
20 81
21 4
21 13
21 17
21 26
21 69
21 70
21 80
21 81
21 83
21 84
22 4
22 12
22 14
22 15
22 16
22 17
22 27
22 81
22 82
22 83
23 13
23 14
23 15
23 16
23 23
23 25
23 26
23 27
23 52
23 53
24 23
24 25
24 26
24 27
24 52
24 53
24 67
25 66
25 67
25 68
26 37
26 65
26 70
26 75
26 77
26 78
27 17
27 37
27 53
27 64
27 67
27 68
27 70
27 73
27 74
27 76
27 79
28 17
28 21
28 22
28 23
28 37
28 53
28 65
28 66
28 67
28 69
28 76
28 79
28 85
28 86
29 9
29 21
29 24
29 53
29 65
29 66
29 67
29 77
29 78
29 84
29 85
29 86
30 7
30 8
30 9
30 20
30 24
30 67
30 68
30 84
30 86
31 7
31 8
31 9
31 11
31 12
31 21
31 24
31 66
31 67
31 83
31 86
31 89
31 90
32 6
32 7
32 8
32 10
32 11
32 13
32 14
32 21
32 23
33 10
33 15
33 30
33 31
33 59
34 3
34 4
34 6
34 7
34 8
34 11
34 28
34 31
34 59
34 83
35 2
35 3
35 4
35 6
35 7
35 9
35 10
35 11
35 28
35 59
35 83
35 85
35 86
36 2
36 6
36 7
36 8
36 13
36 18
36 19
36 28
36 30
36 34
36 35
36 84
37 4
37 12
37 16
37 20
37 34
37 35
37 36
37 55
37 56
37 57
37 61
37 62
37 63
38 10
38 11
38 12
38 15
38 34
38 35
38 47
39 2
39 4
39 9
39 11
39 14
39 21
39 43
39 44
39 46
39 48
39 59
40 3
40 9
40 10
40 11
40 14
40 17
40 18
40 20
40 42
40 46
40 48
40 49
40 50
40 59
41 10
41 14
41 15
41 16
41 42
41 45
41 46
41 47
41 50
41 59
42 47
42 48
42 50
43 48
43 49
43 85
43 86
43 95
43 96
44 85
44 86
44 93
44 94
44 96
44 97
45 24
45 25
45 93
45 98
46 24
46 25
46 91
46 92
46 97
46 98
46 99
47 0
47 91
47 94
47 95
48 0
48 91
48 98
49 80
49 81
49 98
49 99
50 80
50 81
51 50
51 51
52 40
52 41
52 50
52 52
53 42
53 51
54 3
54 37
54 42
54 54
54 84
54 85
54 86
55 3
55 15
55 16
55 17
55 36
55 41
55 42
55 54
55 84
55 87
55 97
55 98
55 99
56 3
56 37
56 38
56 42
56 43
56 44
56 55
56 82
56 83
56 86
56 87
57 37
57 38
57 43
57 45
57 82
57 84
57 87
58 33
58 34
58 35
58 37
58 38
58 55
58 56
58 82
58 84
59 16
59 32
59 35
59 37
59 38
59 39
59 43
59 46
59 53
59 55
60 16
60 31
60 35
60 37
60 46
60 51
60 83
60 86
60 90
61 15
61 16
61 17
61 31
61 37
61 38
61 43
61 45
61 50
61 53
61 86
61 89
61 90
62 31
62 35
62 37
62 38
62 44
62 51
62 52
62 55
62 56
62 77
62 78
62 83
62 86
62 90
63 32
63 33
63 35
63 37
63 55
63 56
63 76
63 79
64 15
64 16
64 17
64 37
64 76
64 80
64 82
64 84
65 16
65 77
65 78
65 80
65 81
65 82
65 83
65 87
66 16
66 78
66 79
66 80
66 81
66 84
66 86
66 87
67 69
67 70
67 71
67 77
67 79
67 80
67 81
67 84
67 88
67 89
67 90
68 50
68 51
68 68
68 69
68 70
68 71
68 72
68 73
68 77
68 79
68 80
68 84
68 85
68 86
68 90
68 91
69 50
69 51
69 67
69 70
69 72
69 73
69 75
69 76
69 89
70 60
70 61
70 66
70 69
70 71
70 73
70 79
70 82
71 22
71 60
71 61
71 67
71 69
71 70
71 71
71 73
71 81
71 95
72 21
72 23
72 24
72 58
72 59
72 62
72 68
72 70
72 72
72 80
72 95
73 24
73 25
73 26
73 27
73 28
73 29
73 61
73 62
73 80
73 81
73 82
73 83
73 95
74 29
74 30
74 58
74 59
74 61
74 62
74 79
74 80
75 8
75 9
75 10
75 17
75 28
75 30
75 67
75 68
75 76
75 77
75 78
75 79
75 83
76 8
76 11
76 12
76 17
76 28
76 31
76 68
76 77
76 79
76 80
76 83
77 9
77 10
77 11
77 12
77 18
77 28
77 30
77 66
77 67
77 68
77 77
77 78
77 79
77 81
77 82
78 11
78 12
78 17
78 29
78 63
78 64
78 77
78 80
78 81
78 82
79 12
79 17
79 25
79 26
79 64
79 65
79 66
79 69
79 78
79 81
80 13
80 14
80 17
80 18
80 25
80 26
80 27
80 65
80 66
80 79
80 80
80 81
81 13
81 19
81 24
81 27
81 47
81 48
81 49
81 50
81 68
81 75
81 76
82 12
82 13
82 14
82 15
82 16
82 17
82 18
82 20
82 25
82 26
82 27
82 46
82 51
82 70
82 72
82 73
82 76
82 85
82 86
82 99
83 11
83 14
83 15
83 18
83 25
83 26
83 45
83 70
83 72
83 84
83 86
83 87
83 99
84 10
84 11
84 12
84 14
84 15
84 17
84 18
84 45
84 48
84 49
84 50
84 51
84 76
84 77
84 84
84 88
84 89
84 99
85 11
85 12
85 14
85 15
85 16
85 38
85 39
85 45
85 47
85 70
85 73
85 74
85 75
85 76
85 85
86 12
86 13
86 14
86 38
86 39
86 46
86 47
86 56
86 57
86 70
86 71
86 72
86 78
86 79
86 80
86 85
86 86
86 89
87 13
87 50
87 55
87 58
87 77
87 81
87 82
87 87
87 88
87 89
88 24
88 25
88 50
88 56
88 57
88 77
88 78
88 82
88 86
88 88
88 89
89 23
89 26
89 76
89 78
89 82
89 85
89 88
89 90
90 24
90 25
90 76
90 78
90 79
90 80
90 81
90 85
90 92
91 77
91 78
91 79
91 87
91 89
91 92
92 88
92 89
92 91
93 45
93 46
93 47
93 88
93 90
94 13
94 14
94 83
94 88
94 90
95 2
95 3
95 13
95 14
95 64
95 74
95 81
95 82
95 84
95 88
95 91
96 1
96 4
96 64
96 65
96 70
96 71
96 72
96 73
96 78
96 79
96 84
96 89
96 90
97 2
97 3
97 65
97 70
97 72
97 73
97 79
97 83
98 7
98 8
98 25
98 26
98 74
98 75
98 76
98 78
98 79
98 83
99 7
99 8
99 15
99 16
99 25
99 26
99 71
99 72
99 73
99 74
99 75
99 76
99 77
99 79
99 81
99 82
99 91
99 93
