0 14
0 17
0 64
0 78
0 79
0 80
0 89
0 95
1 15
1 16
1 36
1 37
1 57
1 65
1 66
1 78
1 89
1 95
2 35
2 38
2 54
2 65
2 66
2 78
2 79
2 80
3 12
3 23
3 24
3 36
3 37
3 58
3 65
3 91
3 92
3 93
4 12
4 22
4 25
4 53
4 57
5 12
5 23
5 25
5 51
5 52
5 54
5 55
5 69
5 70
5 71
5 86
5 87
5 88
6 24
6 35
6 43
6 44
6 49
6 50
6 52
6 54
6 60
6 61
6 69
6 70
7 35
7 43
7 44
7 49
7 50
7 52
7 54
7 59
7 60
7 62
7 71
8 35
8 52
8 54
8 56
8 57
8 58
8 62
8 71
8 72
9 29
9 30
9 31
9 53
9 56
9 57
9 71
9 72
9 73
10 53
10 55
10 59
10 61
10 70
10 73
11 54
11 55
11 56
11 71
11 72
12 18
12 55
12 56
13 16
13 17
13 19
13 70
14 16
14 20
14 68
14 69
14 70
14 90
14 91
14 92
15 15
15 34
15 35
15 36
15 67
15 71
15 86
16 16
16 17
16 18
16 20
16 67
16 68
16 86
16 87
16 94
17 16
17 17
17 18
17 20
17 85
17 86
17 94
18 40
18 41
18 78
18 79
18 80
18 94
19 40
19 41
19 71
19 72
19 77
19 80
19 81
20 16
20 17
20 26
20 67
20 68
20 69
20 70
20 71
20 76
20 81
20 82
20 83
21 3
21 4
21 5
21 16
21 17
21 26
21 68
21 69
21 70
21 79
21 83
21 84
21 85
22 15
22 18
22 69
22 77
22 78
22 79
22 85
23 15
23 16
23 17
23 52
23 53
23 78
23 79
23 80
23 83
23 84
24 12
24 13
24 14
24 52
24 53
24 67
24 68
24 69
24 78
24 79
24 80
25 13
25 15
25 67
25 70
25 77
25 80
26 20
26 66
26 68
26 70
26 71
26 72
26 77
26 80
27 20
27 21
27 24
27 25
27 36
27 37
27 38
27 65
27 66
27 68
27 73
27 77
28 23
28 52
28 53
28 54
28 71
28 72
28 73
28 74
28 75
28 76
28 77
29 12
29 13
29 14
29 23
29 26
29 65
29 67
29 74
29 75
29 76
29 77
29 79
29 83
30 11
30 15
30 23
30 26
30 64
30 65
30 67
30 68
30 70
30 76
30 77
30 82
30 84
30 87
30 88
31 5
31 6
31 7
31 11
31 16
31 24
31 25
31 65
31 66
31 69
31 70
31 82
31 87
31 88
32 5
32 6
32 7
32 16
32 65
32 66
32 68
32 69
33 4
33 8
33 11
33 16
33 67
33 68
33 82
34 5
34 6
34 7
34 15
34 35
34 58
34 59
34 60
34 82
34 85
35 5
35 6
35 7
35 12
35 14
35 34
35 35
35 36
35 83
35 86
36 12
36 33
36 35
36 37
36 56
36 62
36 84
36 85
37 11
37 32
37 33
37 34
37 36
37 37
37 38
37 56
37 62
38 2
38 4
38 9
38 10
38 12
38 33
38 35
38 37
38 43
38 44
38 45
38 50
38 51
38 56
38 62
39 1
39 5
39 8
39 12
39 34
39 35
39 36
39 43
39 44
39 45
39 49
39 50
39 51
40 2
40 4
40 7
40 8
40 12
40 35
40 43
40 44
40 45
40 48
40 49
40 52
40 53
40 58
40 59
40 60
41 3
41 7
41 9
41 10
41 11
41 14
41 15
41 45
41 46
41 47
41 50
41 53
42 8
42 15
42 45
42 49
42 53
42 98
43 46
43 49
43 51
43 52
43 85
43 86
43 98
44 46
44 47
44 49
44 85
44 86
44 96
45 24
45 25
45 47
45 49
45 91
45 93
45 94
45 95
46 24
46 25
46 48
46 90
46 92
46 94
47 90
47 92
47 94
47 95
48 91
48 93
48 94
48 97
49 0
49 80
49 81
49 95
49 96
50 0
50 80
50 81
50 96
50 97
50 98
50 99
51 50
51 51
51 97
51 98
52 50
52 52
53 41
53 42
53 43
53 51
53 84
53 87
54 16
54 34
54 42
54 43
54 44
54 82
54 86
54 87
54 88
54 98
55 2
55 3
55 4
55 16
55 33
55 34
55 35
55 37
55 38
55 39
55 44
55 45
55 86
55 87
55 98
56 16
56 32
56 33
56 36
56 84
56 87
56 88
56 98
57 33
57 34
57 36
57 38
57 39
57 41
57 42
57 44
57 80
57 87
57 88
57 89
58 31
58 33
58 34
58 35
58 40
58 41
58 42
58 44
58 45
58 81
58 82
58 83
58 85
58 86
58 89
59 30
59 31
59 33
59 34
59 35
59 43
59 54
59 55
59 82
59 84
59 85
59 87
59 88
60 29
60 32
60 43
60 54
60 55
60 83
60 87
60 91
61 29
61 31
61 44
61 84
61 85
61 86
61 87
61 89
61 92
61 93
62 30
62 43
62 44
62 75
62 76
62 78
62 79
62 85
62 86
62 91
63 75
63 76
63 80
63 83
63 87
64 78
64 79
64 80
64 81
64 83
64 88
65 76
65 79
65 80
65 81
65 84
65 86
65 89
66 77
66 78
66 81
66 83
66 84
66 86
66 89
67 67
67 68
67 80
67 81
67 83
67 87
68 50
68 51
68 68
68 80
68 81
68 83
68 85
68 86
69 50
69 51
69 80
69 81
69 82
69 83
69 84
69 85
70 67
70 83
70 84
70 85
71 61
71 62
71 63
71 65
71 66
71 79
72 61
72 62
72 65
72 66
72 79
72 80
72 81
72 94
72 95
72 96
73 61
73 63
73 65
73 66
73 67
73 80
74 6
74 7
74 60
74 61
74 67
74 68
74 76
75 7
75 9
75 62
75 67
75 68
75 69
75 70
75 75
75 77
76 7
76 9
76 14
76 15
76 66
76 71
76 75
76 78
76 81
76 82
76 83
77 8
77 9
77 11
77 12
77 17
77 18
77 65
77 66
77 67
77 68
77 71
77 75
77 77
78 11
78 12
78 13
78 14
78 15
78 17
78 63
78 64
78 65
78 69
78 71
79 10
79 16
79 63
79 64
79 66
79 67
79 69
79 70
80 23
80 45
80 64
80 65
80 75
81 10
81 12
81 23
81 44
81 45
81 46
81 65
81 67
81 68
81 75
81 76
81 79
81 80
81 81
82 11
82 23
82 43
82 44
82 47
82 65
82 66
82 74
82 76
83 0
83 43
83 46
83 47
83 71
83 73
83 74
83 75
83 98
83 99
84 41
84 42
84 43
84 47
84 71
84 73
84 74
84 86
84 87
85 8
85 9
85 10
85 15
85 16
85 38
85 39
85 43
85 70
85 71
85 72
85 73
85 86
85 87
86 38
86 39
86 45
86 47
86 56
86 57
86 69
86 70
86 71
86 82
86 86
86 87
86 88
87 12
87 45
87 46
87 47
87 55
87 58
87 68
87 71
87 81
88 12
88 24
88 25
88 46
88 47
88 56
88 57
88 69
88 70
88 75
88 77
88 79
88 81
89 23
89 26
89 73
89 74
89 78
89 80
89 81
89 82
89 83
89 84
90 24
90 25
90 74
90 75
90 76
90 84
91 77
91 84
92 46
92 72
92 78
92 79
92 83
93 46
93 71
93 72
93 79
93 83
93 84
93 85
94 13
94 14
94 46
94 70
94 80
94 81
94 84
94 86
94 87
94 89
94 90
94 91
94 92
95 2
95 3
95 13
95 14
95 64
95 65
95 71
95 72
95 74
95 77
95 81
95 84
95 86
95 88
95 89
95 90
95 92
96 1
96 4
96 63
96 66
96 72
96 73
96 74
96 78
96 87
96 88
96 89
96 91
97 2
97 3
97 64
97 65
97 81
97 82
97 88
97 91
97 92
97 93
98 7
98 8
98 25
98 26
98 81
98 82
99 7
99 8
99 15
99 16
99 25
99 26
99 80
99 81
99 89
99 95
