0 14
0 17
0 88
0 89
0 90
1 15
1 16
1 36
1 37
1 93
1 94
1 96
1 97
2 35
2 38
2 91
2 92
2 94
2 95
3 23
3 24
3 36
3 37
3 91
3 92
3 94
3 95
4 11
4 12
4 13
4 22
4 25
4 53
4 54
4 56
4 87
5 23
5 25
5 51
5 52
5 57
5 70
5 71
5 87
6 24
6 43
6 44
6 54
6 57
6 69
6 70
6 71
6 87
7 34
7 35
7 36
7 43
7 44
7 48
7 49
7 55
7 56
7 60
7 61
7 68
7 74
7 75
8 30
8 48
8 49
8 59
8 60
8 61
8 69
8 70
8 74
8 75
8 76
9 30
9 59
9 60
9 61
9 69
9 70
9 77
10 30
10 69
10 71
10 73
10 77
11 70
11 71
13 19
13 20
13 85
13 86
13 87
13 91
14 35
14 70
14 72
14 73
14 85
14 87
14 90
14 91
15 18
15 19
15 20
15 35
15 68
15 83
15 84
15 87
16 22
16 23
16 24
16 35
16 68
16 72
16 77
16 83
16 88
16 91
17 22
17 23
17 24
17 72
17 73
17 76
17 83
17 84
17 85
17 93
17 94
17 95
18 40
18 41
18 68
18 69
18 70
18 71
18 75
18 76
18 86
18 89
18 90
19 18
19 19
19 22
19 40
19 41
19 68
19 76
19 77
19 78
19 82
19 86
19 88
20 4
20 19
20 20
20 21
20 68
20 69
20 70
20 71
20 77
20 78
20 79
20 80
20 81
20 82
20 83
20 86
20 87
20 88
21 4
21 19
21 20
21 21
21 72
21 79
21 80
21 81
21 83
22 4
22 14
22 16
22 68
22 70
22 71
22 81
23 14
23 16
23 52
23 53
23 68
23 71
23 80
23 81
24 15
24 52
24 53
24 69
24 70
24 80
24 81
24 83
25 70
25 81
25 82
26 12
26 13
26 20
26 21
26 37
26 65
26 67
26 68
26 71
26 77
26 78
26 79
27 11
27 13
27 20
27 21
27 37
27 53
27 67
27 68
27 71
27 77
27 78
27 79
28 5
28 7
28 12
28 37
28 53
28 68
28 71
29 4
29 53
29 66
29 67
29 68
30 6
30 8
30 12
30 13
30 17
30 18
30 19
30 66
30 67
30 68
30 83
30 87
30 88
31 2
31 8
31 9
31 10
31 13
31 17
31 18
31 19
31 68
31 69
31 71
31 82
31 84
31 87
31 88
32 2
32 3
32 6
32 8
32 10
32 15
32 20
32 68
32 72
32 81
32 82
32 84
32 85
32 87
33 0
33 4
33 5
33 7
33 8
33 15
33 16
33 19
33 59
33 69
33 71
33 82
33 84
34 0
34 15
34 16
34 17
34 18
34 19
34 34
34 35
34 36
34 59
34 70
34 81
34 85
35 6
35 7
35 8
35 10
35 12
35 14
35 15
35 59
35 81
35 82
35 83
35 84
35 85
35 86
36 10
36 11
36 12
36 14
36 15
36 32
36 38
36 45
36 56
36 57
36 82
36 86
37 1
37 9
37 12
37 32
37 38
37 42
37 43
37 45
37 50
37 51
37 52
37 55
37 56
37 57
37 61
37 62
37 63
37 83
37 85
38 0
38 1
38 2
38 10
38 11
38 12
38 32
38 38
38 39
38 40
38 41
38 42
38 43
38 44
38 56
38 57
38 82
38 83
38 85
38 86
39 0
39 2
39 3
39 8
39 11
39 12
39 40
39 41
39 49
39 55
39 59
39 83
39 85
39 99
40 0
40 3
40 4
40 12
40 34
40 35
40 36
40 41
40 42
40 43
40 44
40 47
40 54
40 55
40 59
40 84
40 98
40 99
41 0
41 3
41 4
41 10
41 13
41 42
41 43
41 49
41 52
41 53
41 59
41 99
42 2
42 3
42 4
42 10
42 12
42 47
42 48
42 49
42 51
42 52
42 91
43 2
43 3
43 45
43 49
43 54
43 85
43 86
43 89
43 90
43 92
43 93
44 51
44 52
44 53
44 85
44 86
44 92
44 93
45 24
45 25
45 50
45 51
45 53
45 88
45 92
46 24
46 25
46 47
46 49
46 50
46 51
46 89
46 90
47 46
47 50
47 88
47 91
48 87
48 88
49 47
49 48
49 49
49 80
49 81
49 86
49 87
50 80
50 81
50 85
50 87
51 50
51 51
51 85
51 86
51 87
51 88
51 90
52 50
52 52
52 86
52 87
52 88
53 33
53 34
53 35
53 51
53 87
53 88
53 90
54 3
54 33
54 36
54 44
54 83
54 89
55 3
55 15
55 16
55 17
55 34
55 35
55 36
55 42
55 43
55 83
55 97
55 98
55 99
56 3
56 42
56 43
56 44
56 84
57 90
58 27
58 28
58 30
58 32
58 89
58 91
59 27
59 28
59 30
59 32
59 46
59 54
59 55
59 92
60 27
60 28
60 29
60 30
60 40
60 41
60 46
60 54
60 55
60 92
61 31
61 32
61 40
61 42
61 46
61 75
61 76
61 87
61 88
61 89
61 90
61 91
62 30
62 33
62 41
62 43
62 74
62 77
63 30
63 31
63 33
63 42
63 74
63 76
64 31
64 32
64 75
64 79
64 86
64 87
64 88
64 89
64 91
64 92
65 79
65 88
65 89
65 91
65 92
66 79
66 92
67 67
67 68
67 69
67 86
67 90
67 91
68 50
68 51
68 62
68 63
68 66
68 68
68 69
68 87
68 90
69 50
69 51
69 62
69 63
69 65
69 70
69 77
70 62
70 63
70 69
70 76
70 78
70 81
71 62
71 64
71 65
71 66
71 68
71 69
71 77
71 78
71 79
71 80
71 81
71 82
71 95
72 60
72 62
72 63
72 95
73 5
73 6
73 57
73 58
73 61
73 62
73 69
73 70
73 71
73 79
73 80
73 81
73 95
74 4
74 5
74 58
74 62
74 68
74 69
74 70
74 71
74 72
74 79
74 80
74 81
75 6
75 8
75 9
75 45
75 59
75 61
75 62
75 67
75 72
75 73
76 8
76 13
76 44
76 45
76 46
76 68
76 69
77 7
77 15
77 16
77 17
77 18
77 19
77 43
77 47
77 60
77 61
77 72
78 7
78 10
78 12
78 43
78 44
78 46
78 47
78 48
78 72
79 7
79 8
79 9
79 16
79 20
79 45
79 47
79 48
79 72
80 13
80 14
81 14
81 15
81 16
81 18
81 19
81 22
81 23
81 24
81 43
81 44
81 78
81 80
82 16
82 17
82 66
82 67
82 68
82 74
82 75
82 78
82 81
82 99
83 50
83 51
83 67
83 68
83 74
83 75
83 78
83 80
83 99
84 9
84 46
84 49
84 50
84 51
84 66
84 99
85 9
85 44
85 45
85 49
85 50
86 9
86 44
86 45
86 49
86 56
86 57
86 85
86 87
87 44
87 48
87 55
87 58
87 85
87 87
88 24
88 25
88 44
88 56
88 57
88 85
88 86
88 87
89 23
89 26
89 44
89 45
89 47
89 48
90 24
90 25
90 46
90 88
90 89
90 90
91 74
91 88
91 89
92 72
92 73
92 89
92 92
93 45
93 46
93 47
93 65
93 73
93 89
93 90
93 91
93 92
94 13
94 14
94 64
94 65
94 66
94 70
94 71
94 73
94 89
94 90
94 92
95 2
95 3
95 13
95 14
95 63
95 64
95 69
95 70
95 71
95 72
95 73
95 87
95 88
95 89
96 1
96 4
96 63
96 71
96 72
96 89
96 91
96 92
97 2
97 3
97 64
97 69
97 80
97 81
97 89
97 93
97 96
97 97
98 7
98 8
98 25
98 26
98 64
98 65
98 66
98 69
98 70
98 80
98 81
98 92
98 93
98 94
98 95
98 97
98 98
99 7
99 8
99 15
99 16
99 25
99 26
99 70
99 71
99 88
99 94
99 98
