0 0
0 1
0 18
0 22
0 23
0 24
0 25
0 27
0 28
0 30
0 31
0 32
0 33
0 35
0 36
0 51
0 52
0 53
0 58
0 59
0 61
0 62
0 69
0 76
0 77
0 82
0 86
0 87
0 88
0 89
1 0
1 1
1 7
1 9
1 19
1 22
1 26
1 27
1 29
1 30
1 31
1 48
1 51
1 52
1 61
1 62
1 63
1 67
1 87
1 88
1 89
1 91
1 92
1 93
1 99
2 0
2 1
2 8
2 11
2 14
2 15
2 16
2 19
2 20
2 22
2 26
2 29
2 30
2 35
2 47
2 49
2 58
2 59
2 60
2 61
2 64
2 65
2 66
2 68
2 69
2 81
2 82
2 83
2 84
2 85
2 86
2 88
2 89
2 90
3 6
3 10
3 11
3 12
3 13
3 16
3 18
3 23
3 28
3 30
3 35
3 36
3 37
3 39
3 40
3 41
3 47
3 49
3 55
3 56
3 58
3 59
3 63
3 64
3 65
3 68
3 69
3 70
3 71
3 72
3 73
3 74
3 75
3 80
3 81
3 83
3 84
3 88
3 89
4 1
4 12
4 13
4 14
4 16
4 20
4 32
4 48
4 53
4 54
4 55
4 59
4 60
4 68
4 69
4 70
4 71
4 72
4 80
4 81
4 83
4 85
4 86
4 88
4 89
4 92
4 96
4 97
5 9
5 10
5 11
5 12
5 13
5 17
5 18
5 20
5 42
5 55
5 57
5 71
5 82
5 83
5 86
5 88
5 91
5 96
5 98
5 99
6 11
6 53
6 58
6 61
6 66
6 71
6 72
6 83
6 86
6 88
6 96
6 97
7 0
7 2
7 7
7 19
7 20
7 30
7 31
7 38
7 39
7 41
7 43
7 44
7 49
7 50
7 52
7 53
7 58
7 60
7 66
7 73
7 79
7 86
7 88
7 91
8 4
8 6
8 7
8 9
8 21
8 27
8 28
8 31
8 37
8 41
8 49
8 52
8 53
8 58
8 59
8 60
8 71
8 72
8 77
8 78
8 80
8 82
8 86
8 88
8 92
9 4
9 16
9 18
9 19
9 26
9 38
9 39
9 40
9 41
9 43
9 49
9 51
9 65
9 73
9 77
9 82
9 83
9 85
9 86
9 89
9 92
9 93
9 96
9 97
10 0
10 1
10 4
10 30
10 39
10 40
10 41
10 42
10 43
10 63
10 64
10 65
10 69
10 70
10 72
10 73
10 76
10 82
10 85
10 90
10 91
10 96
10 97
10 99
11 1
11 10
11 11
11 14
11 15
11 18
11 22
11 27
11 40
11 41
11 44
11 61
11 63
11 64
11 69
11 70
11 75
11 76
11 77
11 78
11 79
11 80
11 83
11 92
12 1
12 2
12 13
12 15
12 17
12 18
12 20
12 21
12 28
12 29
12 30
12 42
12 43
12 44
12 46
12 64
12 68
12 69
12 71
12 76
12 77
12 80
12 81
12 82
12 83
12 93
12 94
12 95
12 96
12 97
12 98
13 0
13 2
13 4
13 15
13 17
13 18
13 26
13 27
13 30
13 42
13 43
13 44
13 45
13 46
13 47
13 48
13 51
13 53
13 66
13 69
13 71
13 75
13 81
13 82
13 83
13 88
13 94
13 97
14 2
14 3
14 5
14 9
14 15
14 17
14 30
14 31
14 41
14 47
14 48
14 50
14 55
14 66
14 67
14 89
14 97
14 98
15 1
15 2
15 3
15 4
15 5
15 10
15 16
15 30
15 31
15 40
15 41
15 47
15 50
15 74
15 90
15 92
15 94
15 95
15 97
16 4
16 6
16 7
16 11
16 14
16 19
16 20
16 21
16 30
16 39
16 44
16 46
16 48
16 50
16 53
16 56
16 58
16 60
16 61
16 62
16 63
16 64
16 67
16 73
16 83
16 91
16 92
16 93
16 94
16 96
16 97
17 2
17 6
17 7
17 11
17 12
17 18
17 19
17 21
17 22
17 35
17 36
17 43
17 44
17 45
17 46
17 47
17 48
17 49
17 51
17 54
17 55
17 56
17 60
17 61
17 63
17 68
17 83
17 94
18 3
18 6
18 7
18 9
18 10
18 11
18 17
18 20
18 21
18 22
18 35
18 36
18 38
18 39
18 40
18 41
18 42
18 43
18 44
18 45
18 49
18 51
18 54
18 61
18 62
18 65
18 69
18 72
18 84
18 85
18 86
18 87
18 93
18 94
18 95
19 2
19 3
19 6
19 8
19 9
19 10
19 11
19 30
19 36
19 37
19 40
19 41
19 42
19 46
19 54
19 56
19 58
19 59
19 60
19 64
19 65
19 66
19 72
19 75
19 76
19 77
19 78
19 79
19 80
19 86
19 87
19 89
19 90
19 93
19 95
20 5
20 6
20 8
20 14
20 16
20 17
20 21
20 30
20 44
20 45
20 46
20 51
20 52
20 53
20 56
20 58
20 60
20 63
20 68
20 72
20 81
20 88
20 92
20 95
21 6
21 7
21 8
21 13
21 16
21 21
21 25
21 27
21 29
21 36
21 43
21 44
21 45
21 51
21 55
21 56
21 59
21 60
21 63
21 64
21 67
21 68
21 69
21 70
21 71
21 82
21 87
21 88
22 1
22 7
22 9
22 10
22 13
22 15
22 16
22 17
22 26
22 27
22 28
22 29
22 36
22 42
22 43
22 49
22 55
22 57
22 59
22 60
22 62
22 63
22 64
22 67
22 68
22 69
22 70
22 83
22 88
22 91
22 92
22 94
22 95
22 99
23 0
23 1
23 2
23 8
23 9
23 10
23 13
23 15
23 16
23 17
23 20
23 21
23 29
23 42
23 45
23 46
23 47
23 49
23 50
23 51
23 58
23 59
23 62
23 63
23 64
23 74
23 75
23 87
23 88
23 89
23 92
23 93
23 99
24 0
24 1
24 2
24 7
24 8
24 9
24 15
24 18
24 20
24 21
24 38
24 40
24 45
24 48
24 50
24 51
24 62
24 63
24 70
24 72
24 73
24 81
24 82
24 83
24 84
24 86
24 87
24 90
24 91
24 92
24 99
25 6
25 14
25 15
25 16
25 17
25 18
25 22
25 27
25 32
25 34
25 40
25 41
25 43
25 53
25 64
25 65
25 66
25 71
25 76
25 77
25 83
25 87
25 90
25 91
25 92
25 99
26 0
26 1
26 2
26 10
26 12
26 14
26 16
26 18
26 19
26 21
26 22
26 27
26 31
26 32
26 34
26 36
26 37
26 40
26 41
26 42
26 43
26 44
26 47
26 51
26 52
26 57
26 58
26 59
26 65
26 68
26 77
26 80
26 84
26 85
26 86
26 93
27 2
27 10
27 11
27 13
27 18
27 19
27 21
27 28
27 30
27 34
27 36
27 38
27 39
27 40
27 42
27 44
27 47
27 53
27 61
27 68
27 76
27 78
27 79
27 80
27 91
27 92
27 93
28 6
28 7
28 10
28 11
28 13
28 19
28 20
28 21
28 23
28 26
28 30
28 31
28 35
28 36
28 37
28 39
28 45
28 57
28 58
28 59
28 61
28 62
28 64
28 68
28 69
28 76
28 78
28 79
28 82
28 89
28 99
29 2
29 6
29 11
29 13
29 29
29 30
29 31
29 33
29 35
29 37
29 50
29 51
29 52
29 58
29 59
29 61
29 62
29 69
29 70
29 75
29 78
29 80
29 82
29 87
29 88
29 89
29 90
29 94
29 98
30 4
30 8
30 13
30 45
30 46
30 50
30 51
30 52
30 53
30 62
30 64
30 69
30 77
30 81
30 85
30 87
30 89
30 90
30 91
30 93
30 94
30 98
31 0
31 11
31 12
31 15
31 16
31 31
31 32
31 34
31 44
31 45
31 52
31 53
31 61
31 63
31 64
31 71
31 74
31 75
31 76
31 84
31 85
31 92
31 94
31 95
31 96
31 97
32 7
32 12
32 16
32 22
32 30
32 31
32 33
32 34
32 43
32 48
32 49
32 50
32 56
32 59
32 64
32 65
32 67
32 68
32 70
32 71
32 72
32 74
32 75
32 85
32 86
32 95
32 96
32 97
33 2
33 15
33 21
33 23
33 28
33 33
33 34
33 44
33 50
33 51
33 52
33 53
33 54
33 57
33 58
33 59
33 60
33 63
33 67
33 68
33 69
33 71
33 72
33 73
33 95
33 97
34 4
34 5
34 20
34 27
34 28
34 29
34 30
34 32
34 33
34 34
34 36
34 42
34 45
34 49
34 52
34 56
34 58
34 59
34 69
34 73
34 97
35 8
35 9
35 10
35 12
35 21
35 23
35 33
35 42
35 43
35 47
35 48
35 49
35 50
35 54
35 55
35 56
35 59
35 67
35 68
35 70
35 71
35 76
35 83
35 84
35 96
35 97
36 1
36 4
36 6
36 9
36 11
36 13
36 19
36 20
36 21
36 28
36 32
36 33
36 35
36 39
36 40
36 42
36 43
36 50
36 51
36 53
36 55
36 60
36 61
36 62
36 64
36 68
36 69
36 75
36 78
36 82
36 92
36 94
36 96
37 0
37 1
37 5
37 6
37 13
37 18
37 20
37 25
37 26
37 28
37 29
37 32
37 33
37 40
37 47
37 50
37 51
37 64
37 67
37 77
37 78
37 83
37 84
37 96
37 99
38 1
38 4
38 18
38 20
38 27
38 32
38 33
38 38
38 45
38 46
38 51
38 53
38 60
38 64
38 66
38 68
38 69
38 74
38 75
38 76
38 79
38 83
38 86
38 87
38 96
38 97
38 98
39 0
39 1
39 7
39 12
39 44
39 45
39 52
39 59
39 61
39 62
39 65
39 66
39 68
39 70
39 75
39 76
39 77
39 78
39 79
39 80
39 83
39 86
39 87
39 88
39 92
39 97
39 99
40 0
40 4
40 10
40 12
40 44
40 46
40 50
40 55
40 60
40 61
40 69
40 70
40 71
40 72
40 73
40 77
40 80
40 81
40 83
40 87
40 88
40 95
40 98
41 4
41 6
41 7
41 13
41 42
41 43
41 45
41 48
41 50
41 53
41 54
41 56
41 69
41 70
41 78
41 85
41 86
41 88
41 89
41 90
41 92
41 97
41 98
42 4
42 6
42 7
42 11
42 17
42 18
42 19
42 44
42 45
42 48
42 50
42 56
42 68
42 69
42 71
42 83
42 84
42 88
42 89
42 90
42 91
42 96
43 18
43 19
43 36
43 38
43 49
43 50
43 53
43 55
43 66
43 67
43 71
43 79
43 83
43 84
43 91
43 92
43 93
43 99
44 16
44 18
44 30
44 31
44 32
44 35
44 38
44 46
44 47
44 48
44 50
44 55
44 66
44 69
44 70
44 74
44 82
44 89
44 98
45 2
45 3
45 9
45 22
45 23
45 24
45 29
45 33
45 36
45 38
45 48
45 49
45 50
45 52
45 53
45 54
45 57
45 58
45 67
45 68
45 69
45 72
45 75
45 78
45 92
45 95
45 96
45 97
46 2
46 4
46 9
46 10
46 11
46 12
46 13
46 14
46 21
46 24
46 44
46 46
46 54
46 56
46 59
46 68
46 69
46 70
46 71
46 72
46 78
46 81
46 88
47 5
47 22
47 25
47 29
47 32
47 33
47 43
47 46
47 47
47 48
47 49
47 50
47 52
47 54
47 56
47 63
47 64
47 70
47 74
47 75
47 86
47 87
47 88
48 1
48 5
48 13
48 14
48 16
48 17
48 18
48 26
48 42
48 46
48 48
48 51
48 58
48 62
48 65
48 69
48 70
48 72
48 74
48 75
48 78
48 79
48 80
48 85
48 88
48 89
48 90
49 2
49 4
49 5
49 7
49 13
49 16
49 26
49 37
49 42
49 43
49 44
49 50
49 57
49 63
49 65
49 69
49 72
49 74
49 76
49 77
49 78
49 84
49 87
49 88
49 89
49 91
49 96
49 97
50 3
50 8
50 17
50 21
50 23
50 36
50 38
50 41
50 42
50 47
50 48
50 49
50 65
50 70
50 74
50 75
50 76
50 77
50 78
50 85
50 87
50 89
50 95
50 98
51 2
51 9
51 10
51 11
51 14
51 16
51 35
51 36
51 42
51 47
51 49
51 52
51 53
51 54
51 55
51 56
51 61
51 62
51 63
51 64
51 69
51 70
51 71
51 79
51 88
51 89
51 93
51 96
51 98
52 2
52 3
52 7
52 8
52 9
52 10
52 16
52 19
52 26
52 36
52 39
52 41
52 46
52 49
52 65
52 66
52 69
52 70
52 80
52 89
52 97
53 3
53 7
53 8
53 10
53 12
53 40
53 46
53 48
53 55
53 56
53 57
53 64
53 73
53 74
53 81
53 88
53 89
53 91
53 94
53 98
54 5
54 6
54 7
54 9
54 10
54 13
54 16
54 29
54 46
54 47
54 48
54 51
54 52
54 54
54 57
54 59
54 63
54 71
54 72
54 74
54 76
54 77
54 81
54 88
54 89
54 91
54 93
55 0
55 1
55 9
55 11
55 20
55 27
55 28
55 48
55 49
55 55
55 56
55 57
55 61
55 62
55 74
55 75
55 78
55 80
55 88
55 89
56 9
56 12
56 18
56 19
56 31
56 32
56 35
56 38
56 39
56 47
56 52
56 55
56 56
56 57
56 59
56 60
56 61
56 68
56 70
56 71
56 74
56 75
56 80
56 84
56 86
56 92
56 93
57 10
57 12
57 18
57 19
57 23
57 27
57 30
57 31
57 32
57 33
57 35
57 40
57 49
57 51
57 60
57 68
57 69
57 71
57 73
57 79
57 84
57 88
57 94
57 95
58 9
58 10
58 11
58 12
58 23
58 24
58 28
58 29
58 30
58 35
58 38
58 39
58 44
58 55
58 56
58 58
58 67
58 69
58 70
58 73
58 83
58 86
58 87
58 94
58 95
59 1
59 2
59 4
59 15
59 16
59 18
59 24
59 29
59 30
59 31
59 32
59 34
59 44
59 53
59 54
59 59
59 65
59 73
59 74
59 76
59 84
59 97
60 0
60 3
60 5
60 6
60 13
60 15
60 17
60 18
60 32
60 33
60 34
60 47
60 51
60 54
60 56
60 60
60 64
60 67
60 73
60 74
60 75
60 84
60 87
60 90
60 99
61 13
61 19
61 20
61 28
61 33
61 36
61 44
61 49
61 50
61 55
61 64
61 67
61 72
61 73
61 74
61 84
61 89
61 98
62 3
62 9
62 10
62 11
62 17
62 18
62 21
62 27
62 29
62 34
62 36
62 44
62 48
62 54
62 61
62 65
62 66
62 67
62 71
62 85
62 89
62 98
63 1
63 2
63 3
63 8
63 18
63 20
63 21
63 27
63 35
63 44
63 54
63 61
63 69
63 70
63 75
63 76
63 88
63 90
63 97
64 2
64 3
64 5
64 9
64 10
64 13
64 19
64 20
64 21
64 24
64 25
64 27
64 28
64 45
64 46
64 48
64 55
64 57
64 59
64 60
64 63
64 68
64 85
64 87
64 88
64 97
65 3
65 6
65 12
65 14
65 15
65 25
65 26
65 38
65 39
65 40
65 45
65 46
65 48
65 50
65 52
65 55
65 56
65 57
65 64
65 69
65 74
65 75
65 76
65 84
65 87
65 96
66 12
66 15
66 25
66 26
66 39
66 40
66 48
66 50
66 63
66 68
66 74
66 80
66 81
66 83
66 89
66 96
66 97
66 98
67 0
67 4
67 6
67 14
67 20
67 21
67 35
67 37
67 38
67 39
67 40
67 45
67 46
67 48
67 50
67 51
67 54
67 57
67 59
67 60
67 61
67 69
67 70
67 73
67 78
67 80
67 81
67 85
67 86
67 87
67 88
67 97
67 99
68 3
68 6
68 7
68 13
68 20
68 21
68 22
68 25
68 26
68 27
68 31
68 35
68 39
68 46
68 47
68 54
68 55
68 68
68 69
68 70
68 72
68 73
68 75
68 78
68 80
68 81
68 86
68 88
68 89
68 90
69 8
69 11
69 16
69 17
69 18
69 19
69 26
69 27
69 31
69 32
69 33
69 35
69 38
69 48
69 53
69 66
69 68
69 69
69 70
69 72
69 76
69 78
69 79
69 83
69 84
69 85
69 86
69 89
69 90
69 91
69 98
70 1
70 9
70 10
70 15
70 17
70 18
70 19
70 20
70 26
70 31
70 32
70 33
70 37
70 42
70 53
70 54
70 55
70 56
70 60
70 64
70 65
70 66
70 68
70 69
70 73
70 74
70 87
70 91
70 95
70 98
70 99
71 10
71 15
71 22
71 23
71 25
71 26
71 27
71 29
71 31
71 40
71 41
71 44
71 46
71 47
71 49
71 52
71 53
71 55
71 56
71 57
71 58
71 59
71 66
71 78
71 82
71 85
71 90
71 95
71 99
72 2
72 3
72 5
72 6
72 7
72 10
72 16
72 17
72 19
72 23
72 27
72 29
72 41
72 48
72 49
72 52
72 53
72 65
72 68
72 69
72 73
72 79
72 82
72 85
72 90
72 95
73 1
73 2
73 3
73 4
73 5
73 15
73 16
73 19
73 21
73 23
73 24
73 29
73 30
73 31
73 42
73 43
73 44
73 51
73 52
73 53
73 67
73 68
73 73
73 74
73 76
73 79
73 83
73 89
73 90
74 2
74 3
74 6
74 24
74 30
74 43
74 50
74 51
74 53
74 60
74 61
74 75
74 80
74 86
74 87
74 89
74 90
75 4
75 6
75 9
75 21
75 22
75 33
75 39
75 40
75 47
75 60
75 61
75 75
75 77
75 78
75 80
75 85
75 87
76 9
76 19
76 20
76 21
76 26
76 28
76 41
76 46
76 50
76 54
76 55
76 62
76 64
76 74
76 76
76 77
76 80
76 84
76 85
76 86
76 90
77 3
77 4
77 6
77 7
77 8
77 10
77 16
77 19
77 20
77 23
77 37
77 38
77 39
77 40
77 41
77 46
77 47
77 49
77 50
77 55
77 56
77 60
77 61
77 63
77 64
77 65
77 75
77 79
77 84
77 86
77 88
77 89
77 90
78 0
78 3
78 6
78 7
78 10
78 12
78 15
78 21
78 24
78 35
78 36
78 37
78 38
78 39
78 45
78 57
78 60
78 62
78 65
78 66
78 67
78 68
78 74
78 77
78 78
78 79
78 80
78 81
78 82
78 83
78 86
78 88
78 89
78 96
78 99
79 0
79 1
79 3
79 4
79 5
79 11
79 16
79 18
79 25
79 29
79 31
79 32
79 38
79 45
79 46
79 47
79 48
79 51
79 52
79 54
79 55
79 57
79 60
79 62
79 64
79 66
79 69
79 74
79 80
79 81
79 83
79 85
79 88
79 89
79 96
79 97
79 98
80 1
80 11
80 12
80 14
80 16
80 18
80 21
80 32
80 33
80 34
80 38
80 43
80 49
80 51
80 52
80 54
80 55
80 58
80 59
80 63
80 66
80 70
80 77
80 85
80 95
80 97
80 98
80 99
81 0
81 2
81 3
81 4
81 5
81 8
81 13
81 14
81 16
81 21
81 30
81 31
81 32
81 35
81 36
81 38
81 39
81 43
81 45
81 46
81 49
81 51
81 67
81 70
81 77
81 80
81 81
81 86
81 87
81 93
81 94
81 95
81 96
82 3
82 4
82 9
82 13
82 16
82 17
82 21
82 22
82 30
82 33
82 40
82 41
82 45
82 47
82 49
82 50
82 67
82 68
82 69
82 78
82 81
82 97
82 99
83 2
83 4
83 5
83 7
83 14
83 21
83 22
83 23
83 29
83 33
83 37
83 41
83 59
83 62
83 68
83 69
83 77
83 83
83 86
83 87
83 93
83 94
84 8
84 9
84 10
84 14
84 15
84 17
84 18
84 19
84 20
84 21
84 23
84 28
84 29
84 30
84 31
84 58
84 62
84 64
84 65
84 76
84 82
84 83
84 93
84 97
85 0
85 1
85 8
85 10
85 12
85 17
85 18
85 19
85 23
85 24
85 25
85 28
85 29
85 30
85 31
85 32
85 33
85 34
85 35
85 36
85 41
85 42
85 53
85 56
85 57
85 58
85 62
85 64
85 65
85 72
85 76
85 81
85 83
85 92
85 93
85 94
85 95
85 98
85 99
86 14
86 23
86 24
86 30
86 32
86 34
86 35
86 36
86 37
86 39
86 41
86 52
86 60
86 62
86 64
86 69
86 77
86 80
86 83
86 92
86 93
86 96
86 97
87 8
87 16
87 19
87 20
87 21
87 22
87 23
87 30
87 32
87 36
87 38
87 39
87 40
87 41
87 42
87 43
87 44
87 52
87 53
87 60
87 61
87 68
87 69
87 87
87 88
87 89
87 95
87 98
88 9
88 10
88 15
88 16
88 18
88 19
88 20
88 21
88 22
88 31
88 33
88 34
88 35
88 39
88 42
88 43
88 44
88 48
88 49
88 52
88 53
88 63
88 64
88 67
88 70
88 75
88 77
88 78
88 79
88 82
88 87
88 88
88 89
88 95
89 0
89 1
89 3
89 4
89 11
89 16
89 17
89 27
89 28
89 34
89 35
89 36
89 38
89 39
89 43
89 45
89 46
89 48
89 49
89 53
89 63
89 64
89 67
89 69
89 71
89 72
89 73
89 77
89 81
89 89
89 95
89 96
89 97
90 3
90 4
90 12
90 14
90 15
90 20
90 27
90 28
90 44
90 45
90 46
90 47
90 50
90 54
90 58
90 59
90 63
90 64
90 68
90 69
90 70
90 71
90 72
90 77
90 78
90 80
90 95
90 99
91 13
91 14
91 19
91 21
91 34
91 39
91 44
91 47
91 48
91 49
91 50
91 51
91 54
91 60
91 69
91 70
91 77
91 80
91 88
91 90
91 99
92 0
92 1
92 3
92 4
92 5
92 18
92 34
92 39
92 52
92 58
92 70
92 71
92 76
92 77
92 79
92 81
92 82
92 89
92 90
92 91
93 0
93 1
93 3
93 11
93 12
93 13
93 14
93 18
93 21
93 28
93 29
93 30
93 33
93 34
93 44
93 45
93 50
93 51
93 58
93 59
93 60
93 62
93 69
93 70
93 72
93 73
93 76
93 77
93 82
93 92
94 3
94 5
94 14
94 18
94 19
94 21
94 27
94 31
94 32
94 36
94 37
94 38
94 43
94 46
94 51
94 60
94 61
94 63
94 64
94 77
94 81
94 88
94 89
94 91
94 92
95 2
95 6
95 14
95 18
95 19
95 20
95 21
95 22
95 32
95 36
95 37
95 44
95 51
95 52
95 61
95 63
95 66
95 67
95 68
95 69
95 70
95 72
95 73
95 74
95 79
95 87
95 89
96 2
96 4
96 13
96 22
96 23
96 36
96 37
96 45
96 46
96 48
96 50
96 51
96 53
96 54
96 62
96 72
96 73
96 75
96 76
96 79
96 86
96 87
96 90
96 91
96 92
97 0
97 4
97 5
97 6
97 11
97 27
97 32
97 36
97 37
97 46
97 51
97 53
97 60
97 61
97 63
97 64
97 66
97 74
97 75
97 91
97 92
98 0
98 4
98 5
98 6
98 32
98 37
98 48
98 50
98 52
98 53
98 55
98 57
98 59
98 61
98 63
98 71
98 75
98 77
98 79
98 80
98 85
98 86
98 88
98 97
98 98
98 99
99 1
99 5
99 7
99 19
99 20
99 24
99 25
99 26
99 27
99 31
99 34
99 35
99 49
99 50
99 53
99 55
99 56
99 57
99 59
99 62
99 76
99 77
99 78
99 83
99 84
99 85
99 86
99 87
99 88
99 89
99 97
99 98
