0 14
0 17
0 85
0 86
0 87
0 90
0 91
0 96
1 15
1 16
1 36
1 37
1 87
1 88
1 89
1 90
1 96
2 35
2 38
2 54
2 56
2 88
2 89
2 90
2 91
2 92
2 94
2 95
3 12
3 23
3 24
3 36
3 37
3 52
3 53
3 54
3 55
3 57
3 88
3 89
3 90
3 91
3 92
4 12
4 22
4 25
4 52
4 58
4 88
4 91
5 12
5 23
5 25
5 53
5 57
5 86
5 87
5 88
6 24
6 35
6 43
6 44
6 51
6 54
6 55
6 56
6 61
6 71
6 72
6 73
7 35
7 43
7 44
7 48
7 49
7 50
7 51
7 52
7 54
7 55
7 56
7 57
7 59
7 60
7 62
7 71
7 74
7 75
8 35
8 48
8 49
8 53
8 54
8 55
8 58
8 60
8 62
8 68
8 69
8 74
8 75
8 76
9 29
9 30
9 31
9 58
9 59
9 60
9 61
9 68
9 69
9 70
9 71
9 72
13 71
14 20
14 21
14 67
14 68
14 70
14 72
14 73
15 19
15 22
15 34
15 35
15 36
15 67
15 68
15 70
16 19
16 22
16 68
16 70
16 72
16 73
17 20
17 21
17 69
17 70
18 40
18 41
19 40
19 41
19 69
19 70
19 71
19 86
19 87
20 85
20 88
21 3
21 4
21 5
21 20
21 21
21 69
21 70
21 71
21 89
22 11
22 12
22 13
22 20
22 21
22 69
22 70
22 71
22 85
22 89
23 10
23 13
23 14
23 52
23 53
23 86
23 89
24 13
24 52
24 53
24 87
24 88
25 10
25 11
25 13
25 18
25 19
26 13
26 19
27 11
27 12
27 17
27 18
27 36
27 37
27 38
27 77
27 78
28 10
28 11
28 12
28 14
28 18
28 52
28 53
28 54
28 77
28 78
29 10
29 11
29 13
29 14
29 16
29 17
29 21
30 15
30 17
30 20
30 22
30 73
30 83
31 13
31 14
31 17
31 18
31 20
31 23
31 59
31 60
31 73
31 74
31 82
32 19
32 20
32 22
32 59
32 61
32 74
32 75
33 9
33 10
33 11
33 13
33 21
33 22
33 52
33 53
33 61
33 74
33 75
33 79
34 8
34 9
34 10
34 12
34 18
34 19
34 20
34 36
34 52
34 53
34 54
34 59
34 61
34 69
34 70
34 79
34 82
35 0
35 7
35 8
35 9
35 11
35 12
35 18
35 19
35 35
35 50
35 51
35 54
35 59
35 60
35 70
35 98
36 1
36 2
36 3
36 4
36 31
36 34
36 35
36 37
36 38
36 52
36 53
36 54
36 71
36 81
36 97
36 98
37 1
37 2
37 3
37 4
37 10
37 11
37 29
37 30
37 32
37 33
37 37
37 39
37 50
37 53
37 66
37 67
37 70
37 71
37 72
37 81
37 85
37 86
37 87
37 93
37 94
37 96
38 0
38 3
38 4
38 9
38 10
38 11
38 34
38 35
38 36
38 38
38 40
38 52
38 69
38 71
38 72
38 79
38 82
38 86
38 94
38 99
39 3
39 4
39 11
39 35
39 36
39 38
39 40
39 57
39 68
39 69
39 71
39 72
39 79
39 87
39 93
39 94
39 97
39 99
40 12
40 13
40 14
40 37
40 38
40 39
40 54
40 55
40 58
40 69
40 71
40 79
40 81
40 91
40 95
40 96
40 97
40 98
41 11
41 15
41 48
41 49
41 54
41 55
41 60
41 61
41 62
41 70
41 95
41 99
42 0
42 12
42 14
42 50
42 57
42 58
42 85
42 86
42 87
42 90
42 91
42 95
43 0
43 1
43 2
43 13
43 56
43 57
43 58
43 85
43 90
43 91
43 94
43 95
44 2
44 57
44 59
44 85
44 88
44 91
44 92
44 96
45 24
45 25
45 58
45 59
45 85
45 88
45 92
45 93
45 95
45 96
46 24
46 25
46 86
46 87
46 93
46 95
47 34
47 52
47 53
48 33
48 34
48 35
48 52
48 53
49 32
49 36
49 80
49 81
50 32
50 36
50 49
50 50
50 80
50 81
51 32
51 33
51 37
51 49
51 50
52 32
52 33
52 34
52 36
52 37
53 31
53 32
53 35
53 36
53 90
53 91
54 16
54 31
54 32
54 33
54 34
54 35
54 36
54 37
54 38
54 89
54 90
54 92
54 93
54 98
55 2
55 3
55 4
55 16
55 33
55 34
55 37
55 38
55 88
55 92
55 93
55 98
56 16
56 32
56 33
56 35
56 87
56 88
56 93
56 98
57 33
57 34
57 35
57 36
57 37
57 86
57 87
57 88
57 91
57 93
58 33
58 34
58 36
58 37
58 87
58 90
58 91
58 93
59 35
59 36
59 37
59 54
59 55
59 88
59 89
60 35
60 36
60 40
60 41
60 45
60 46
60 47
60 54
60 55
61 40
61 42
61 75
61 76
61 91
61 92
62 28
62 29
62 41
62 43
62 74
62 77
62 90
62 93
63 26
63 27
63 29
63 30
63 42
63 74
63 76
63 91
63 92
64 26
64 27
64 28
64 30
64 34
64 75
64 91
65 25
65 29
65 31
65 32
65 35
65 63
65 64
65 78
65 79
65 80
66 26
66 27
66 28
66 29
66 30
66 31
66 34
66 35
66 63
66 64
66 85
66 86
66 87
67 26
67 27
67 31
67 32
67 33
67 34
67 85
67 88
68 30
68 31
68 32
68 33
68 50
68 51
68 85
68 86
68 89
69 3
69 4
69 5
69 30
69 31
69 32
69 50
69 51
69 87
69 88
70 2
70 63
70 64
71 7
71 58
71 59
71 60
71 63
71 64
71 76
71 77
71 78
72 1
72 4
72 5
72 6
72 7
72 57
72 59
72 63
72 94
72 95
72 96
73 2
73 4
73 5
73 7
73 57
73 66
73 67
73 69
73 70
74 40
74 41
74 47
74 48
74 49
74 57
74 60
74 62
74 63
74 66
74 67
74 68
75 4
75 39
75 42
75 58
75 59
75 60
75 61
75 63
75 65
75 66
75 67
76 3
76 5
76 13
76 14
76 21
76 39
76 43
76 45
76 60
76 61
76 62
76 66
76 68
77 3
77 6
77 7
77 12
77 15
77 16
77 19
77 20
77 22
77 39
77 44
77 47
77 48
77 49
77 67
77 68
78 3
78 4
78 6
78 7
78 11
78 12
78 18
78 19
78 20
78 22
78 23
78 40
78 44
78 45
79 8
79 12
79 13
79 18
79 22
80 5
80 6
80 7
80 13
80 17
80 22
80 44
81 6
81 17
81 19
81 21
81 73
81 74
82 14
82 15
82 17
82 21
82 48
82 49
82 73
82 74
83 0
83 7
83 15
83 20
83 41
83 44
83 49
83 50
83 73
83 74
83 98
83 99
84 6
84 7
84 8
84 16
84 17
84 19
84 41
84 44
84 45
84 46
84 47
84 50
84 87
84 88
85 6
85 10
85 18
85 42
85 44
85 45
85 47
85 49
85 50
85 51
85 52
85 78
85 79
85 80
85 87
85 88
86 8
86 10
86 44
86 48
86 49
86 51
86 52
86 56
86 57
86 88
86 89
86 90
86 91
87 8
87 9
87 10
87 44
87 46
87 48
87 51
87 55
87 58
87 83
87 92
88 24
88 25
88 44
88 51
88 56
88 57
88 81
88 82
89 23
89 26
89 44
89 45
89 46
89 48
89 51
89 71
89 72
89 82
89 83
90 24
90 25
90 46
90 64
90 69
90 70
90 71
90 72
91 46
91 47
91 63
91 64
91 65
91 66
91 69
91 73
92 45
92 46
92 62
92 67
92 69
92 70
92 72
93 3
93 45
93 61
93 64
93 65
93 68
93 71
93 72
93 91
93 92
94 2
94 4
94 13
94 14
94 45
94 48
94 62
94 63
94 64
94 65
94 66
94 68
94 69
95 13
95 14
95 46
95 48
95 69
95 87
95 88
96 5
96 6
96 7
96 47
96 68
96 69
96 86
96 87
96 88
96 92
97 7
97 80
97 81
97 85
97 88
97 89
97 93
97 94
98 5
98 25
98 26
98 80
98 81
98 84
98 87
98 90
98 91
98 93
99 6
99 15
99 16
99 25
99 26
99 89
