0 14
0 17
0 68
0 71
0 87
0 93
0 96
0 98
0 99
1 15
1 16
1 36
1 37
1 69
1 71
1 88
1 91
1 92
1 93
1 97
2 35
2 38
2 54
2 55
2 70
2 89
2 92
3 12
3 23
3 24
3 36
3 37
3 53
3 54
3 91
4 12
4 22
4 25
4 52
4 53
4 55
4 69
4 70
5 12
5 23
5 25
5 55
5 56
5 68
5 71
5 86
5 87
5 88
6 24
6 35
6 43
6 44
6 54
6 57
6 71
6 72
7 35
7 43
7 44
7 48
7 49
7 55
7 56
7 57
7 59
7 60
7 61
7 66
7 69
7 72
8 35
8 48
8 49
8 59
8 60
8 62
8 65
8 68
8 76
8 77
9 29
9 30
9 31
9 59
9 62
9 75
9 77
10 61
10 66
10 67
10 68
10 72
10 73
10 74
10 76
10 87
11 68
11 69
11 72
11 73
11 86
11 89
12 69
12 88
12 89
12 90
13 70
13 72
13 88
13 89
13 90
13 91
13 92
14 20
14 21
15 19
15 22
15 34
15 35
15 36
15 69
15 73
15 85
15 86
15 88
16 19
16 22
16 68
16 69
16 70
16 73
16 85
16 86
16 87
16 88
17 20
17 21
17 67
17 71
18 40
18 41
18 68
18 69
18 70
19 40
19 41
19 67
19 68
19 71
19 74
19 75
19 76
19 85
20 70
20 71
20 84
21 3
21 4
21 5
21 20
21 21
21 85
21 88
22 20
22 21
22 66
22 72
22 85
22 88
23 52
23 53
23 67
23 68
23 72
23 87
24 52
24 53
25 11
25 12
25 13
26 11
26 13
27 10
27 13
27 17
27 18
27 19
27 36
27 37
27 38
27 77
27 78
27 81
27 82
28 10
28 12
28 16
28 18
28 52
28 53
28 54
28 77
28 82
29 6
29 7
29 10
29 11
29 12
29 78
29 82
29 83
30 15
30 17
30 18
30 21
30 22
30 84
31 17
31 18
31 21
31 70
31 71
31 82
31 83
31 84
31 85
32 0
32 1
32 2
32 11
32 12
32 13
32 14
32 15
32 20
32 68
32 71
32 72
33 0
33 1
33 2
33 7
33 12
33 13
33 14
33 35
33 58
33 59
33 68
33 73
33 82
34 1
34 2
34 6
34 10
34 11
34 12
34 35
34 57
34 59
34 68
34 70
34 71
34 72
34 73
34 80
34 82
35 8
35 10
35 11
35 35
35 52
35 57
35 59
35 68
35 69
35 72
35 80
35 82
36 2
36 13
36 52
36 53
36 57
36 58
36 59
36 69
36 70
36 71
36 83
36 99
37 13
37 31
37 32
37 34
37 35
37 37
37 51
37 54
37 58
37 62
37 63
37 70
37 82
37 83
37 84
37 85
37 86
37 87
37 98
37 99
38 0
38 1
38 3
38 4
38 32
38 34
38 35
38 36
38 37
38 39
38 40
38 52
38 53
38 81
39 3
39 13
39 14
39 39
39 59
39 60
39 82
39 86
39 90
39 91
39 92
39 96
40 0
40 1
40 3
40 12
40 14
40 34
40 35
40 38
40 58
40 59
40 60
40 82
40 86
40 90
40 92
40 96
40 97
40 98
41 2
41 11
41 12
41 13
41 49
41 50
41 57
41 58
41 60
41 83
41 84
41 85
41 90
41 92
41 96
41 97
41 99
42 1
42 2
42 11
42 12
42 50
42 51
42 58
42 59
42 84
42 91
42 92
42 98
42 99
43 1
43 50
43 51
43 90
43 91
43 99
44 0
44 48
44 50
44 88
44 89
44 91
44 93
44 94
45 24
45 25
45 47
45 48
45 49
45 50
45 52
45 87
46 24
46 25
46 50
46 86
46 94
47 48
47 49
47 50
47 52
47 54
47 90
47 92
47 93
48 49
48 51
48 52
48 53
48 88
48 89
49 48
49 49
49 51
49 80
49 81
50 33
50 34
50 35
50 48
50 49
50 50
50 80
50 81
51 33
51 34
51 35
52 31
52 37
53 31
53 33
53 35
53 37
54 16
54 98
55 2
55 3
55 4
55 16
55 32
55 34
55 36
55 38
55 98
56 16
56 32
56 38
56 90
56 91
56 92
56 98
57 34
57 35
57 36
57 90
57 92
58 34
58 35
58 36
58 90
58 93
59 54
59 55
59 91
59 93
60 40
60 41
60 45
60 46
60 47
60 54
60 55
60 92
61 40
61 42
61 75
61 76
62 34
62 41
62 43
62 74
62 77
63 31
63 32
63 34
63 35
63 42
63 74
63 76
63 88
63 90
64 29
64 30
64 32
64 34
64 35
64 75
64 91
65 29
65 78
65 79
65 80
65 88
65 91
65 93
65 94
66 29
66 33
66 63
66 64
66 65
66 89
66 90
66 91
66 93
66 94
67 30
67 31
67 32
67 62
67 64
67 66
67 67
67 89
67 92
67 93
68 50
68 51
68 66
68 67
68 89
68 90
68 91
68 92
69 50
69 51
69 63
69 64
69 89
69 90
70 64
71 4
71 5
71 63
71 64
71 66
71 67
71 76
71 77
71 78
72 4
72 6
72 7
72 57
72 58
72 59
72 63
72 66
72 94
72 95
72 96
73 6
73 7
73 56
73 61
73 64
73 65
74 44
74 61
74 65
74 66
74 69
75 8
75 16
75 42
75 43
75 46
75 48
75 56
75 61
75 67
75 68
75 69
75 70
76 4
76 5
76 6
76 8
76 15
76 42
76 44
76 47
76 48
76 58
76 59
76 67
76 69
76 70
76 71
77 4
77 5
77 7
77 8
77 14
77 16
77 42
77 43
77 44
77 69
78 7
78 8
78 10
78 14
78 21
78 70
78 71
78 72
79 7
79 8
79 13
79 14
79 17
79 18
79 20
79 22
79 71
80 6
80 8
80 10
80 12
80 13
80 16
80 17
80 18
80 23
80 75
80 76
81 6
81 9
81 12
81 14
81 16
81 17
81 21
81 74
81 77
81 80
81 82
82 7
82 8
82 9
82 13
82 14
82 18
82 19
82 20
82 45
82 74
82 82
83 0
83 9
83 13
83 14
83 44
83 45
83 46
83 49
83 50
83 74
83 82
83 98
83 99
84 43
84 44
84 46
84 47
84 51
84 75
84 76
85 8
85 9
85 10
85 51
85 78
85 79
85 80
85 85
85 86
85 87
86 48
86 50
86 56
86 57
86 83
86 84
86 88
87 47
87 48
87 49
87 55
87 58
87 83
87 84
87 89
88 24
88 25
88 46
88 48
88 56
88 57
88 86
88 89
89 23
89 26
89 45
89 46
89 48
89 88
89 89
90 24
90 25
90 45
90 47
90 73
91 46
91 48
91 64
91 73
92 47
92 48
92 63
92 65
92 66
92 69
92 70
92 71
93 47
93 48
93 62
93 67
93 71
94 13
94 14
94 46
94 63
94 71
94 89
94 90
95 0
95 1
95 2
95 3
95 13
95 14
95 69
95 70
95 71
95 72
95 74
95 90
95 91
96 0
96 1
96 4
96 65
96 67
96 68
96 72
96 73
96 87
96 88
96 90
96 99
97 2
97 3
97 64
97 65
97 67
97 68
97 80
97 81
97 87
97 88
97 89
97 99
98 0
98 1
98 2
98 7
98 8
98 25
98 26
98 63
98 64
98 68
98 80
98 81
98 87
98 89
98 90
98 92
98 98
98 99
99 0
99 7
99 8
99 15
99 16
99 25
99 26
99 63
99 64
99 69
99 70
99 88
99 90
99 92
99 93
99 97
99 98
99 99
