0 14
0 17
0 87
0 91
1 15
1 16
1 36
1 37
1 58
1 88
1 89
1 90
2 35
2 38
2 56
2 57
2 59
2 60
2 88
3 12
3 23
3 24
3 36
3 37
3 55
3 56
3 58
3 59
4 12
4 22
4 25
4 53
4 54
4 87
4 88
5 12
5 23
5 25
5 54
5 58
5 72
5 86
5 89
6 24
6 35
6 43
6 44
6 52
6 54
6 57
6 71
6 73
6 87
6 88
7 35
7 43
7 44
7 50
7 51
7 52
7 53
7 62
7 70
7 71
8 35
8 49
8 52
8 61
8 70
8 71
9 29
9 30
9 31
9 50
9 51
9 52
9 61
9 63
10 50
10 51
10 62
10 71
10 72
10 73
11 71
11 72
12 72
13 71
13 72
14 20
14 21
15 19
15 22
15 34
15 35
15 36
15 66
15 67
15 68
15 71
16 19
16 22
16 68
16 72
17 20
17 21
17 67
17 68
17 72
18 40
18 41
18 66
18 87
18 88
18 89
19 40
19 41
19 87
19 90
20 14
20 15
20 16
20 86
20 88
20 91
21 3
21 4
21 5
21 14
21 16
21 20
21 21
21 88
21 91
22 14
22 17
22 19
22 20
22 21
22 84
22 85
23 14
23 15
23 18
23 52
23 53
23 85
23 88
23 89
23 90
24 18
24 52
24 53
24 84
24 85
24 87
24 90
25 13
25 14
25 18
25 60
25 86
25 90
26 12
26 19
26 59
26 60
26 61
26 86
26 90
27 12
27 13
27 15
27 19
27 20
27 36
27 37
27 38
27 59
27 62
27 77
27 78
28 15
28 19
28 52
28 53
28 54
28 57
28 59
28 60
28 61
28 62
28 63
28 77
28 78
29 16
29 19
29 23
29 24
29 56
29 57
29 59
29 60
29 61
29 62
30 17
30 18
30 23
30 25
30 73
30 74
31 25
31 60
31 73
31 74
32 23
32 25
32 59
32 60
32 64
32 65
33 24
33 59
33 60
33 64
33 65
33 66
33 83
33 84
33 85
34 16
34 40
34 65
34 66
34 83
34 84
34 86
35 15
35 16
35 17
35 39
35 41
35 63
35 65
35 77
35 78
35 85
35 86
35 87
35 96
36 15
36 18
36 39
36 41
36 50
36 51
36 52
36 63
36 80
36 81
36 85
36 86
36 96
37 17
37 18
37 40
37 63
37 66
37 84
37 85
37 87
37 88
37 96
38 10
38 11
38 12
38 66
38 84
38 85
38 86
38 94
39 10
39 11
39 12
39 63
39 64
39 66
39 67
39 73
39 78
39 81
39 82
39 83
39 85
39 88
39 93
39 95
40 9
40 13
40 58
40 59
40 63
40 66
40 73
40 77
40 81
40 82
40 86
40 87
40 92
40 96
41 9
41 13
41 59
41 70
41 71
41 72
41 74
41 75
41 83
41 86
41 87
41 92
42 10
42 12
42 58
42 60
42 63
42 65
42 69
42 70
42 72
42 73
42 74
42 75
42 92
42 93
43 11
43 12
43 13
43 56
43 59
43 61
43 65
43 69
43 70
43 74
43 92
43 93
43 97
44 13
44 14
44 31
44 32
44 33
44 56
44 59
44 60
44 61
44 62
44 64
44 65
44 71
44 72
44 73
44 83
44 84
44 96
44 97
45 13
45 14
45 24
45 25
45 31
45 32
45 34
45 56
45 60
45 64
45 65
45 85
45 87
45 88
45 95
45 96
45 97
46 24
46 25
46 33
46 34
46 35
46 59
46 62
46 63
46 85
46 88
47 30
47 31
47 38
47 39
47 52
47 53
47 59
47 60
47 62
47 88
48 30
48 31
48 38
48 40
48 52
48 53
48 60
48 61
48 86
48 87
48 91
49 40
49 80
49 81
49 88
49 89
49 91
50 39
50 49
50 50
50 80
50 81
50 89
50 91
51 37
51 49
51 50
51 91
51 93
51 95
52 35
52 37
52 38
52 89
52 90
52 91
52 92
52 93
53 35
53 37
53 89
53 91
53 92
53 98
53 99
54 16
54 36
54 87
54 88
54 89
54 99
55 0
55 2
55 3
55 4
55 16
55 88
56 16
56 88
57 92
57 93
58 93
59 54
59 55
59 93
60 25
60 40
60 41
60 45
60 46
60 47
60 54
60 55
61 24
61 26
61 40
61 42
61 75
61 76
62 23
62 27
62 29
62 30
62 31
62 41
62 43
62 74
62 77
62 93
63 24
63 26
63 42
63 74
63 76
63 85
63 86
63 92
63 94
64 25
64 75
64 85
64 86
64 93
64 94
65 63
65 64
65 84
65 86
66 35
66 63
66 64
66 81
66 83
66 84
66 86
67 34
67 36
67 82
67 86
68 34
68 35
68 50
68 51
68 81
68 82
68 86
69 50
69 51
69 83
70 83
71 76
71 77
71 78
72 46
72 55
72 56
72 94
72 95
72 96
73 1
73 2
73 3
73 45
73 47
73 54
73 57
74 1
74 3
74 44
74 55
74 57
74 65
74 66
74 67
75 4
75 37
75 38
75 44
75 45
75 47
75 56
76 35
76 39
76 40
76 42
76 63
76 69
76 98
77 4
77 36
77 41
77 63
77 69
78 5
78 41
78 42
78 51
78 52
78 63
78 69
78 98
79 3
79 6
79 40
79 43
79 44
79 49
79 50
79 52
79 99
80 1
80 3
80 4
80 5
80 40
80 41
80 43
80 44
80 46
80 47
80 49
80 50
80 53
80 65
80 66
80 67
81 4
81 41
81 45
81 51
81 73
81 74
82 42
82 43
82 45
82 48
82 50
82 52
82 72
82 75
83 0
83 43
83 45
83 48
83 51
83 73
83 74
83 98
83 99
84 43
84 49
85 44
85 45
85 50
85 51
85 78
85 79
85 80
86 52
86 53
86 55
86 56
86 57
87 11
87 50
87 58
87 70
87 71
88 11
88 12
88 24
88 25
88 43
88 44
88 46
88 47
88 48
88 49
88 50
88 56
88 57
88 69
88 70
88 71
88 72
89 11
89 23
89 26
89 43
89 45
89 46
89 47
89 48
89 50
89 51
89 52
89 56
89 68
89 73
90 10
90 24
90 25
90 43
90 49
90 60
90 61
90 62
90 69
90 71
90 73
90 75
90 76
91 46
91 47
91 48
91 71
91 72
91 74
91 75
91 76
91 77
91 78
91 80
92 46
92 47
92 58
92 64
92 78
92 79
93 58
93 64
93 79
94 4
94 5
94 13
94 14
94 58
94 64
95 4
95 5
95 13
95 14
95 89
95 90
95 93
95 94
96 60
96 61
96 62
96 89
96 91
96 95
97 80
97 81
97 88
97 89
97 91
97 93
97 94
98 25
98 26
98 80
98 81
98 88
98 89
98 92
98 93
99 15
99 16
99 25
99 26
99 88
99 89
99 92
