0 4
0 5
0 6
0 9
0 14
0 17
0 47
0 48
0 88
0 89
0 95
0 96
0 97
1 15
1 16
1 36
1 37
1 47
1 49
1 94
1 95
2 35
2 38
2 48
2 49
2 92
2 95
3 12
3 23
3 24
3 36
3 37
3 47
3 48
3 50
3 91
4 12
4 22
4 25
4 47
4 48
4 50
4 51
4 91
4 94
5 12
5 23
5 25
5 50
5 52
5 91
5 92
5 93
6 24
6 35
6 43
6 44
6 50
6 52
6 53
6 54
7 35
7 43
7 44
7 50
7 52
7 53
7 55
7 56
8 35
8 49
8 50
8 51
8 54
8 55
8 57
8 66
9 29
9 30
9 31
9 48
9 49
9 50
9 55
9 57
9 67
10 56
10 57
10 61
10 62
10 66
11 41
11 44
11 48
11 49
11 61
12 48
12 50
13 40
13 45
13 48
13 50
13 67
14 41
14 49
14 50
14 66
15 34
15 35
15 36
15 47
15 53
15 67
15 69
16 43
16 91
16 92
17 44
17 47
17 90
17 93
18 16
18 17
18 22
18 23
18 40
18 41
18 90
18 91
18 93
19 17
19 18
19 21
19 40
19 41
19 91
19 92
20 15
20 17
20 21
20 22
20 23
20 77
20 78
20 79
20 89
20 95
21 3
21 4
21 5
21 15
21 17
21 77
21 78
21 79
21 89
21 91
21 95
22 15
22 16
22 80
22 91
22 95
23 52
23 53
23 66
23 67
23 68
23 78
23 80
23 81
23 89
24 52
24 53
24 65
24 68
24 78
24 82
24 88
24 92
25 66
25 67
25 80
25 81
25 82
25 84
25 85
25 86
25 89
25 90
26 84
26 88
26 89
27 36
27 37
27 38
27 75
27 76
27 84
27 88
28 10
28 61
28 62
28 77
28 80
28 85
29 9
29 10
29 11
29 62
29 63
29 77
29 78
29 81
29 86
29 87
29 88
29 92
30 1
30 8
30 9
30 10
30 11
30 12
30 60
30 64
30 83
30 84
30 88
30 93
30 95
31 3
31 7
31 8
31 12
31 13
31 59
31 62
31 63
31 64
31 65
31 79
31 84
31 96
31 99
32 4
32 8
32 9
32 10
32 11
32 12
32 13
32 14
32 58
32 65
32 66
32 80
32 84
32 93
32 97
32 98
33 0
33 4
33 9
33 10
33 11
33 13
33 14
33 16
33 58
33 66
33 67
33 82
33 87
33 93
33 97
33 98
33 99
34 0
34 2
34 5
34 10
34 13
34 16
34 17
34 18
34 50
34 51
34 52
34 58
34 59
34 63
34 64
34 66
34 67
34 84
34 86
34 88
34 94
34 99
35 3
35 5
35 13
35 15
35 16
35 17
35 18
35 50
35 51
35 52
35 66
35 67
35 87
35 88
35 96
35 97
35 99
36 0
36 3
36 4
36 13
36 14
36 19
36 40
36 51
36 96
36 97
36 99
37 17
37 18
37 19
37 22
37 23
37 24
37 40
37 41
37 42
37 47
37 48
37 65
37 66
37 67
37 68
37 99
38 17
38 24
38 38
38 39
38 40
38 41
38 42
38 43
38 47
38 48
38 49
38 64
38 66
38 67
38 69
39 18
39 22
39 23
39 42
39 43
39 47
39 50
39 51
39 64
39 69
40 19
40 20
40 48
40 51
40 65
41 40
41 43
41 48
41 49
41 50
41 66
41 67
41 68
42 8
42 15
42 16
42 34
42 36
42 37
42 41
42 43
43 9
43 15
43 16
43 34
43 38
43 39
43 42
43 43
43 85
43 86
44 10
44 12
44 13
44 15
44 16
44 32
44 33
44 35
44 36
44 37
44 38
44 50
44 85
44 86
45 10
45 11
45 26
45 27
45 31
45 34
45 49
45 51
46 3
46 4
46 11
46 13
46 14
46 26
46 27
46 31
46 34
46 49
46 51
47 4
47 5
47 11
47 22
47 23
47 31
47 34
47 50
47 90
47 91
47 92
48 4
48 5
48 22
48 23
48 32
48 33
48 37
48 38
49 3
49 34
49 35
49 38
49 80
49 81
50 34
50 37
50 80
50 81
51 23
51 35
51 36
51 37
52 0
52 3
52 22
52 66
53 1
53 2
53 23
53 24
53 66
54 5
54 6
54 7
54 25
54 66
55 2
55 8
55 24
55 37
56 0
56 7
56 8
56 37
56 51
56 91
56 93
57 0
57 7
57 8
57 19
57 20
57 37
57 49
57 50
57 53
57 54
57 91
57 92
58 0
58 5
58 6
58 7
58 18
58 19
58 20
58 49
58 52
58 53
58 54
58 73
58 74
58 92
59 3
59 6
59 20
59 33
59 34
59 35
59 39
59 40
59 41
59 50
59 54
59 55
59 56
59 57
59 73
59 74
60 1
60 2
60 6
60 16
60 20
60 50
60 54
60 56
60 57
60 58
60 59
60 60
60 61
60 62
60 63
61 2
61 5
61 6
61 8
61 16
61 19
61 21
61 31
61 37
61 50
61 58
61 63
61 64
61 94
61 95
62 2
62 3
62 4
62 8
62 10
62 11
62 12
62 31
62 32
62 37
62 49
62 52
62 53
62 55
62 62
62 64
62 65
62 94
62 95
63 7
63 10
63 13
63 17
63 29
63 30
63 32
63 37
63 49
63 52
63 64
64 0
64 12
64 18
64 28
64 29
64 51
64 61
64 62
64 63
64 72
64 73
64 74
64 82
64 91
64 92
64 93
64 99
65 1
65 18
65 19
65 23
65 26
65 27
65 29
65 49
65 56
65 57
65 62
65 82
65 90
65 93
65 97
65 98
66 12
66 20
66 21
66 22
66 26
66 27
66 29
66 30
66 31
66 32
66 36
66 48
66 49
66 50
66 82
66 90
66 93
66 94
67 3
67 10
67 11
67 27
67 30
67 31
67 33
67 34
67 35
67 36
67 37
67 55
67 59
67 91
67 94
67 96
68 0
68 3
68 6
68 10
68 12
68 30
68 34
68 38
68 56
68 59
68 78
68 79
68 80
68 90
68 91
68 92
68 93
68 94
68 95
68 96
69 1
69 2
69 3
69 5
69 7
69 11
69 32
69 35
69 36
69 38
69 56
69 57
69 59
69 88
69 91
69 92
69 93
70 1
70 11
70 29
70 32
70 33
70 38
70 57
70 59
70 60
70 82
70 88
70 89
70 90
70 92
70 95
70 96
70 97
70 98
70 99
71 0
71 1
71 2
71 21
71 22
71 23
71 28
71 30
71 32
71 33
71 38
71 39
71 50
71 51
71 60
71 61
71 82
71 89
71 92
71 95
71 96
71 98
71 99
72 1
72 3
72 5
72 27
72 32
72 33
72 37
72 38
72 50
72 51
72 57
72 58
72 62
72 64
72 82
72 91
72 93
72 96
72 97
73 1
73 2
73 4
73 5
73 27
73 57
73 58
73 60
73 61
73 62
73 65
73 78
73 92
73 93
73 99
74 1
74 2
74 4
74 10
74 11
74 24
74 33
74 60
74 61
74 62
74 63
74 66
74 76
74 77
74 79
74 93
74 99
75 1
75 2
75 3
75 7
75 11
75 19
75 21
75 23
75 25
75 28
75 33
75 60
75 61
75 62
75 65
75 70
75 71
75 75
75 79
75 80
75 99
76 3
76 12
76 18
76 26
76 27
76 33
76 56
76 58
76 61
76 62
76 65
76 69
76 72
76 79
76 83
76 84
77 3
77 7
77 9
77 18
77 21
77 26
77 27
77 30
77 31
77 32
77 65
77 70
77 71
77 75
77 79
77 82
77 83
78 18
78 20
78 22
78 26
78 28
78 51
78 60
78 61
78 65
78 77
78 83
78 85
78 86
79 19
79 20
79 23
79 26
79 27
79 50
79 51
79 55
79 59
79 61
79 64
79 72
79 86
80 19
80 20
80 24
80 25
80 26
80 45
80 50
80 51
80 70
80 74
81 20
81 44
81 45
81 54
81 58
81 69
81 74
81 84
81 85
82 43
82 44
82 46
82 54
82 57
82 69
82 84
82 85
83 0
83 44
83 46
83 53
83 54
83 56
83 70
83 72
83 73
83 76
83 77
83 78
83 98
83 99
84 45
84 46
84 50
84 51
84 55
84 70
84 73
84 77
84 78
85 38
85 40
85 51
85 71
85 75
85 78
86 37
86 38
86 39
86 65
86 66
86 79
86 80
87 16
87 18
87 36
87 39
87 40
87 58
87 59
87 64
87 67
87 86
88 0
88 1
88 17
88 25
88 26
88 35
88 37
88 39
88 40
88 57
88 59
88 65
88 67
88 76
88 79
88 85
88 87
88 90
88 91
88 92
89 24
89 25
89 26
89 35
89 36
89 37
89 59
89 66
89 69
89 70
89 71
89 72
89 73
89 77
89 78
89 87
89 95
89 96
90 0
90 24
90 27
90 35
90 36
90 40
90 62
90 63
90 67
90 74
90 86
90 94
91 0
91 25
91 26
91 27
91 36
91 37
91 41
91 72
91 94
92 0
92 25
92 26
92 27
92 35
92 39
92 42
92 65
92 71
92 96
93 35
93 41
93 42
93 62
93 65
93 66
93 67
93 69
93 98
94 13
94 14
94 20
94 21
94 35
94 41
94 68
94 70
95 13
95 14
95 20
95 21
95 37
95 38
95 39
95 40
95 46
95 62
95 64
95 66
95 71
95 94
96 46
96 61
96 62
96 64
96 65
96 72
96 92
96 94
96 95
96 98
96 99
97 0
97 9
97 45
97 62
97 63
97 65
97 69
97 71
97 87
97 88
97 89
97 92
97 93
97 94
97 95
97 96
97 99
98 10
98 25
98 26
98 46
98 64
98 65
98 67
98 69
98 70
98 87
98 99
99 9
99 10
99 15
99 16
99 25
99 26
99 47
99 48
99 66
99 87
99 90
99 96
99 97
99 98
