0 5
0 6
0 9
0 14
0 17
0 42
0 46
0 47
0 93
0 96
1 6
1 7
1 15
1 16
1 36
1 37
1 41
1 44
1 45
1 46
1 93
1 95
2 5
2 35
2 38
2 42
2 43
2 44
2 45
3 23
3 24
3 36
3 37
3 42
3 43
3 45
3 48
3 49
3 91
3 92
3 93
4 11
4 12
4 13
4 22
4 25
4 44
4 49
4 50
4 91
4 92
4 93
5 23
5 25
5 44
5 45
5 92
6 24
6 43
6 44
6 48
6 50
7 34
7 35
7 36
7 44
7 45
7 46
7 47
7 48
7 50
7 51
7 52
7 53
7 54
8 30
8 46
8 47
8 51
8 52
8 55
8 56
9 30
9 47
9 52
9 53
9 56
9 65
9 66
10 30
10 54
10 55
10 56
10 61
10 62
10 64
10 66
10 67
11 49
11 50
11 51
11 61
11 62
11 64
11 68
12 49
12 52
12 53
12 63
12 64
12 65
12 66
12 67
12 68
12 69
12 70
13 40
13 41
13 42
13 43
13 44
13 45
13 49
13 50
13 65
13 66
13 67
13 68
13 69
13 70
14 23
14 35
14 40
14 41
14 43
14 44
14 54
15 21
15 24
15 35
15 43
15 51
15 52
15 53
15 91
16 35
16 46
16 47
16 92
17 20
17 23
17 39
17 45
17 48
17 91
18 21
18 23
18 40
18 44
18 47
18 91
18 92
18 93
19 16
19 17
19 18
19 19
19 20
19 21
19 22
19 41
19 42
20 4
20 15
20 17
20 18
20 19
20 20
20 22
20 45
21 4
21 15
21 16
21 20
21 21
21 78
21 88
21 89
21 90
21 94
21 95
21 96
22 4
22 19
22 64
22 77
22 78
22 79
22 90
23 52
23 53
23 63
23 66
23 76
23 77
23 79
23 90
23 91
23 92
24 52
24 53
24 62
24 65
24 66
24 67
24 77
24 79
24 83
24 84
24 90
24 93
25 61
25 62
25 65
25 68
25 75
25 77
25 78
25 83
25 84
25 85
25 90
25 92
26 37
26 67
26 75
26 76
26 77
26 78
26 79
26 80
26 81
26 85
26 89
26 90
26 91
27 37
27 80
27 81
27 84
27 88
27 89
27 90
28 37
28 61
28 62
28 79
28 83
28 84
28 88
28 92
28 93
29 9
29 10
29 61
29 62
29 78
29 80
29 83
29 88
29 97
29 98
30 8
30 11
30 60
30 77
30 78
30 83
30 89
30 92
30 96
30 97
30 98
30 99
31 0
31 8
31 9
31 11
31 12
31 64
31 65
31 77
31 78
31 80
31 81
31 82
31 91
31 95
31 96
31 99
32 0
32 1
32 9
32 12
32 59
32 61
32 62
32 63
32 65
32 77
32 79
32 81
32 94
32 95
32 99
33 1
33 3
33 4
33 10
33 11
33 59
33 60
33 61
33 62
33 63
33 66
33 78
33 79
33 80
33 81
33 82
33 83
33 84
33 85
33 86
33 95
33 96
34 0
34 2
34 5
34 14
34 15
34 16
34 20
34 21
34 51
34 59
34 60
34 61
34 66
34 79
34 82
34 87
34 96
34 97
34 99
35 0
35 1
35 2
35 3
35 4
35 14
35 20
35 21
35 50
35 52
35 64
35 65
35 82
35 88
35 97
35 99
36 0
36 1
36 14
36 15
36 17
36 18
36 19
36 20
36 22
36 23
36 50
36 51
36 52
36 64
36 65
36 84
36 87
36 99
37 15
37 20
37 22
37 23
37 41
37 50
37 51
37 52
37 65
37 67
37 68
38 16
38 22
38 23
38 39
38 40
38 42
38 47
38 48
38 50
38 51
38 64
38 65
38 67
38 68
39 19
39 20
39 21
39 38
39 42
39 47
39 49
39 50
39 66
39 67
39 69
40 38
40 41
40 42
40 48
40 49
40 67
40 68
41 9
41 10
41 11
41 12
41 38
41 39
41 41
42 7
42 8
42 13
42 14
42 36
42 41
42 42
42 43
43 14
43 15
43 35
43 36
43 37
43 85
43 86
44 11
44 13
44 14
44 34
44 35
44 37
44 38
44 85
44 86
45 4
45 11
45 13
45 26
45 27
45 33
45 34
45 50
45 51
46 3
46 4
46 9
46 10
46 12
46 26
46 27
46 32
46 33
46 34
46 47
46 48
46 50
46 51
46 91
47 3
47 4
47 6
47 8
47 22
47 23
47 33
47 34
47 91
48 2
48 3
48 22
48 23
48 34
48 35
48 37
48 38
48 91
49 35
49 36
49 37
49 80
49 81
50 2
50 36
50 80
50 81
51 1
51 2
51 23
51 24
52 0
52 3
52 23
52 25
53 1
53 2
53 65
53 66
53 67
54 6
54 7
54 22
54 24
55 5
55 8
55 23
55 24
55 92
56 0
56 1
56 6
56 8
56 36
56 37
56 38
56 52
56 92
56 94
57 3
57 4
57 50
57 51
57 53
57 54
57 92
57 93
58 0
58 3
58 4
58 5
58 6
58 18
58 19
58 20
58 34
58 40
58 50
58 73
58 74
59 1
59 2
59 5
59 6
59 16
59 20
59 21
59 34
59 40
59 50
59 51
59 53
59 55
59 56
59 73
59 74
60 2
60 4
60 16
60 19
60 20
60 21
60 34
60 40
60 51
60 57
60 61
60 62
61 3
61 9
61 10
61 16
61 19
61 51
61 52
61 53
61 54
61 57
61 61
61 63
61 94
61 95
62 3
62 8
62 9
62 10
62 11
62 17
62 18
62 20
62 21
62 31
62 36
62 37
62 38
62 50
62 51
62 56
62 57
62 63
62 94
62 95
63 7
63 11
63 19
63 22
63 30
63 32
63 60
63 62
63 63
63 73
64 10
64 11
64 19
64 29
64 33
64 47
64 49
64 58
64 59
64 60
64 61
64 73
64 99
65 0
65 7
65 8
65 10
65 11
65 20
65 21
65 22
65 28
65 29
65 48
65 49
65 58
65 59
65 73
65 81
65 82
65 83
65 92
65 98
66 0
66 20
66 21
66 27
66 28
66 29
66 30
66 31
66 32
66 49
66 50
66 58
66 59
66 91
66 92
66 93
66 98
67 0
67 10
67 11
67 27
67 29
67 31
67 35
67 36
67 57
67 79
67 90
67 93
67 94
67 99
68 0
68 2
68 3
68 5
68 11
68 20
68 21
68 33
68 37
68 38
68 56
68 58
68 79
68 89
68 90
68 91
68 93
68 94
68 99
69 0
69 2
69 3
69 5
69 6
69 11
69 19
69 20
69 21
69 22
69 23
69 33
69 56
69 57
69 79
69 89
69 99
70 6
70 11
70 19
70 20
70 27
70 33
70 39
70 56
70 57
70 60
70 89
70 94
70 99
71 0
71 1
71 2
71 4
71 20
71 21
71 23
71 27
71 28
71 29
71 34
71 38
71 50
71 51
71 57
71 58
71 81
71 82
71 83
71 90
71 93
71 95
72 0
72 4
72 5
72 22
72 26
72 28
72 29
72 35
72 36
72 37
72 50
72 51
72 58
72 60
72 61
72 62
72 63
72 92
72 93
72 95
72 96
73 0
73 31
73 32
73 33
73 61
73 62
73 63
73 93
73 95
73 96
73 97
74 0
74 3
74 30
74 31
74 32
74 34
74 64
74 94
74 95
74 96
74 97
74 98
74 99
75 10
75 11
75 21
75 24
75 25
75 29
75 30
75 31
75 32
75 33
75 64
75 65
75 70
75 71
75 77
75 78
75 79
76 0
76 1
76 2
76 3
76 7
76 8
76 10
76 11
76 20
76 22
76 23
76 24
76 26
76 60
76 61
76 63
76 64
76 65
76 69
76 72
76 76
76 79
76 94
76 95
76 96
76 97
76 99
77 0
77 1
77 3
77 7
77 10
77 11
77 18
77 19
77 21
77 22
77 54
77 56
77 57
77 58
77 61
77 62
77 64
77 65
77 70
77 71
77 75
77 76
77 83
77 94
77 95
77 96
77 97
77 98
77 99
78 9
78 17
78 18
78 21
78 22
78 23
78 24
78 26
78 27
78 52
78 53
78 54
78 62
78 63
78 76
78 77
78 79
78 82
78 83
78 84
78 95
78 96
78 97
79 17
79 18
79 21
79 25
79 26
79 51
79 56
79 57
79 76
79 77
79 80
79 81
79 82
79 84
79 85
80 21
80 22
80 46
80 48
80 51
80 55
80 56
80 57
80 78
80 79
80 80
80 81
80 82
80 84
81 21
81 22
81 45
81 50
81 52
81 53
81 54
81 57
81 71
81 72
81 73
81 74
81 78
81 79
81 82
81 83
82 44
82 54
82 55
82 56
82 70
82 71
82 73
82 74
82 79
82 80
82 81
82 82
82 99
83 45
83 47
83 49
83 51
83 70
83 75
83 80
83 81
83 82
83 83
83 84
83 99
84 46
84 51
84 52
84 71
84 72
84 76
84 77
84 78
84 79
84 80
84 83
84 84
84 85
84 99
85 42
85 72
85 76
85 77
85 78
85 83
85 85
85 86
86 15
86 17
86 18
86 24
86 25
86 39
86 40
86 41
86 42
86 65
86 78
86 79
86 84
86 85
86 87
87 0
87 16
87 17
87 38
87 39
87 40
87 65
87 66
87 77
87 78
87 83
87 84
87 91
88 1
88 2
88 24
88 25
88 36
88 37
88 57
88 58
88 65
88 66
88 67
88 77
88 80
88 84
88 86
88 91
89 36
89 40
89 41
89 58
89 59
89 68
89 73
89 80
89 84
89 85
89 86
89 91
89 99
90 2
90 25
90 27
90 36
90 42
90 57
90 63
90 68
90 69
90 73
90 77
90 85
90 86
90 94
90 95
90 99
91 1
91 26
91 35
91 36
91 37
91 43
91 61
91 62
91 68
91 69
91 70
91 73
91 77
91 94
91 96
91 98
91 99
92 26
92 35
92 36
92 39
92 40
92 41
92 64
92 66
92 67
92 74
92 95
92 96
93 35
93 36
93 37
93 39
93 40
93 41
93 42
93 60
93 64
93 66
93 67
93 96
94 13
94 14
94 20
94 21
94 62
94 63
94 66
94 67
95 13
95 14
95 20
95 21
95 46
95 67
95 70
95 71
95 90
95 95
95 96
96 46
96 60
96 61
96 62
96 63
96 65
96 67
96 70
96 71
96 91
96 92
96 95
96 97
96 98
97 46
97 60
97 62
97 67
97 70
97 71
97 88
97 89
97 91
97 92
97 98
98 7
98 8
98 9
98 25
98 26
98 46
98 65
98 66
98 67
98 69
98 88
98 89
98 90
98 93
98 98
99 9
99 15
99 16
99 25
99 26
99 47
99 48
99 66
99 67
99 88
99 89
99 90
99 97
