0 0
0 1
0 2
0 4
0 5
0 10
0 21
0 28
0 41
0 42
0 64
0 84
0 88
0 99
1 0
1 1
1 27
1 36
1 37
1 45
1 46
1 66
1 67
1 70
1 71
1 72
1 84
1 88
2 10
2 36
2 37
2 42
2 43
2 44
2 51
2 53
2 56
2 66
2 67
2 68
2 70
2 95
2 96
2 97
3 12
3 13
3 36
3 37
3 42
3 43
3 52
3 57
3 58
3 60
3 61
3 63
3 72
3 73
3 78
3 79
3 80
3 89
3 95
3 97
4 11
4 12
4 14
4 22
4 23
4 24
4 60
4 63
4 72
4 73
4 74
4 89
4 95
4 97
5 7
5 11
5 14
5 22
5 23
5 24
5 45
5 57
5 60
5 66
5 71
5 84
5 85
5 87
5 91
5 96
6 6
6 11
6 12
6 14
6 23
6 24
6 35
6 46
6 47
6 49
6 50
6 51
6 52
6 53
6 55
6 56
6 58
6 60
6 71
6 73
6 75
6 91
6 93
6 94
6 95
6 96
7 6
7 11
7 12
7 13
7 36
7 37
7 38
7 42
7 52
7 54
7 55
7 58
7 67
7 72
7 73
7 74
7 75
7 76
7 88
7 92
7 93
7 95
7 97
7 98
8 7
8 34
8 37
8 49
8 50
8 51
8 59
8 67
8 75
8 77
8 78
8 84
8 85
8 88
8 91
8 95
8 96
8 97
9 29
9 30
9 31
9 35
9 38
9 43
9 44
9 46
9 47
9 50
9 54
9 56
9 58
9 59
9 62
9 63
9 65
9 66
9 79
9 80
9 83
9 84
9 90
9 91
9 92
9 95
9 96
10 15
10 16
10 38
10 45
10 56
10 58
10 59
10 62
10 63
10 78
10 79
10 80
10 82
10 83
10 85
10 86
10 88
10 90
10 91
10 92
10 93
10 95
10 96
10 97
11 11
11 13
11 15
11 16
11 18
11 19
11 35
11 57
11 61
11 62
11 74
11 75
11 79
11 80
11 84
11 86
11 92
11 95
11 96
11 97
12 11
12 12
12 13
12 15
12 19
12 35
12 61
12 62
12 74
12 75
12 86
13 11
13 12
13 36
13 38
13 60
13 62
13 66
13 75
14 37
14 44
14 45
14 61
14 67
14 68
14 89
14 90
15 18
15 19
15 44
15 45
15 59
15 61
15 66
15 67
15 68
15 90
15 92
16 17
16 18
16 58
16 60
16 91
16 92
17 17
17 40
17 44
17 58
17 60
17 65
17 66
17 67
18 12
18 46
18 58
18 59
18 61
18 62
18 63
18 64
18 65
18 66
18 70
18 71
18 86
19 11
19 13
19 24
19 25
19 29
19 30
19 38
19 42
19 47
19 58
19 60
19 64
19 65
19 69
19 72
19 84
19 86
20 24
20 25
20 29
20 31
20 36
20 37
20 42
20 43
20 48
20 60
20 61
20 62
20 63
20 64
20 70
20 71
20 83
21 3
21 4
21 5
21 21
21 29
21 36
21 38
21 39
21 45
21 48
21 56
21 57
21 60
21 61
21 62
21 63
21 64
21 84
21 85
22 20
22 22
22 23
22 36
22 38
22 39
22 56
22 57
22 61
22 62
22 63
22 64
23 13
23 19
23 20
23 22
23 23
23 27
23 28
23 34
23 35
23 36
23 40
23 43
23 44
23 56
23 57
23 60
23 77
23 78
23 83
23 84
24 12
24 14
24 19
24 20
24 27
24 28
24 29
24 30
24 32
24 34
24 35
24 36
24 38
24 40
24 41
24 43
24 44
24 49
24 76
24 77
24 78
24 82
24 83
25 12
25 14
25 19
25 22
25 27
25 29
25 30
25 32
25 37
25 38
25 46
25 47
25 49
25 82
25 83
26 13
26 20
26 27
26 28
26 32
26 38
26 40
26 48
27 0
27 1
27 28
27 33
27 34
27 38
27 39
27 63
27 64
27 65
27 66
27 88
27 89
27 90
27 94
28 0
28 1
28 9
28 10
28 15
28 17
28 27
28 28
28 33
28 37
28 39
28 63
28 66
28 87
28 91
28 93
28 95
29 1
29 8
29 9
29 11
29 14
29 17
29 23
29 24
29 27
29 29
29 32
29 48
29 51
29 86
29 91
29 96
30 0
30 1
30 9
30 16
30 17
30 23
30 24
30 28
30 47
30 51
30 58
30 59
30 62
30 63
30 64
30 65
30 69
30 86
30 91
30 92
30 93
30 95
30 99
31 0
31 7
31 8
31 9
31 45
31 46
31 57
31 62
31 63
31 65
31 66
31 69
31 75
31 76
31 77
31 86
31 89
31 90
31 94
31 98
32 0
32 4
32 5
32 9
32 48
32 49
32 58
32 59
32 63
32 65
32 87
32 89
32 98
32 99
33 5
33 6
33 12
33 14
33 48
33 57
33 59
33 62
33 66
33 67
33 69
33 70
34 1
34 6
34 10
34 11
34 12
34 15
34 46
34 48
34 57
34 58
34 61
35 0
35 1
35 8
35 10
35 11
35 12
35 14
35 39
35 45
35 46
35 52
35 53
35 54
35 57
35 58
35 62
35 65
35 66
35 67
35 68
35 69
35 73
35 74
35 75
35 83
35 84
36 1
36 9
36 38
36 40
36 42
36 44
36 51
36 55
36 68
36 69
36 73
36 75
36 82
36 85
36 99
37 24
37 38
37 40
37 42
37 44
37 46
37 47
37 51
37 55
37 73
37 75
37 86
37 99
38 0
38 3
38 5
38 23
38 39
38 40
38 46
38 51
38 55
38 94
38 95
39 4
39 21
39 28
39 29
39 42
39 43
39 45
39 46
39 52
39 53
39 54
39 83
39 94
39 96
40 8
40 25
40 26
40 30
40 42
40 43
40 44
40 46
40 47
40 57
40 65
40 83
40 86
40 95
41 7
41 15
41 23
41 28
41 29
41 36
41 37
41 38
41 55
41 56
41 65
41 84
41 85
42 7
42 9
42 10
42 15
42 26
42 27
42 28
42 45
42 46
42 47
42 56
42 57
42 66
42 69
42 70
42 71
43 4
43 5
43 9
43 10
43 14
43 17
43 34
43 40
43 45
43 47
43 61
43 65
43 69
43 70
43 73
43 85
44 1
44 2
44 4
44 5
44 12
44 15
44 16
44 17
44 20
44 21
44 34
44 40
44 44
44 47
44 61
44 62
44 63
44 65
44 71
44 74
44 84
44 86
44 87
45 1
45 2
45 3
45 4
45 5
45 9
45 10
45 11
45 12
45 15
45 17
45 18
45 22
45 34
45 40
45 44
45 46
45 47
45 61
45 69
45 70
45 71
45 72
45 73
45 84
46 2
46 4
46 8
46 9
46 11
46 22
46 23
46 45
46 69
46 71
46 72
46 83
46 84
46 95
46 96
46 97
47 3
47 4
47 7
47 18
47 19
47 23
47 24
47 52
47 53
47 68
47 83
47 86
47 87
48 0
48 1
48 3
48 4
48 18
48 19
48 21
48 23
48 24
48 37
48 39
48 40
48 52
48 53
48 60
48 61
48 62
48 69
48 70
48 78
48 79
48 84
48 85
49 0
49 1
49 2
49 10
49 18
49 19
49 21
49 22
49 35
49 37
49 39
49 40
49 44
49 46
49 47
49 58
49 60
49 61
49 62
49 69
49 78
49 81
49 99
50 7
50 8
50 11
50 35
50 45
50 58
50 59
50 63
50 74
50 75
50 82
50 97
51 0
51 7
51 8
51 11
51 39
51 42
51 45
51 46
51 47
51 62
51 78
51 82
51 97
52 8
52 9
52 10
52 30
52 32
52 33
52 39
52 40
52 42
52 47
52 48
52 60
52 61
52 79
52 80
52 82
52 99
53 25
53 26
53 29
53 34
53 41
53 43
53 44
53 48
53 49
53 55
53 59
53 61
53 80
53 81
54 21
54 22
54 23
54 27
54 34
54 43
54 45
54 55
54 58
54 61
55 1
55 3
55 19
55 22
55 23
55 29
55 43
55 45
55 46
55 58
55 59
55 63
55 70
55 72
55 73
56 0
56 1
56 5
56 18
56 32
56 44
56 45
56 58
56 60
56 68
56 69
56 70
56 83
56 84
56 99
57 6
57 24
57 25
57 26
57 27
57 28
57 31
57 44
57 58
57 59
57 67
57 68
57 74
57 82
57 85
57 88
57 98
58 0
58 18
58 19
58 29
58 30
58 67
58 68
58 70
58 82
58 84
58 86
58 87
58 96
58 97
58 99
59 3
59 4
59 5
59 23
59 26
59 74
59 75
59 83
59 87
59 88
59 96
59 99
60 56
60 71
60 72
60 74
60 75
60 88
60 96
60 97
60 98
61 43
61 44
61 55
61 57
61 69
61 70
61 73
61 90
61 91
61 92
62 2
62 3
62 11
62 12
62 44
62 45
62 46
62 55
62 57
62 73
62 90
62 91
62 92
63 1
63 2
63 3
63 6
63 10
63 12
63 39
63 43
63 48
63 56
63 61
63 63
63 70
63 72
63 91
64 2
64 7
64 11
64 25
64 38
64 40
64 43
64 44
64 49
64 61
64 64
64 71
65 5
65 6
65 12
65 13
65 22
65 25
65 27
65 28
65 38
65 40
65 48
65 49
65 51
65 52
65 53
65 61
65 62
65 64
65 97
66 5
66 12
66 14
66 29
66 38
66 39
66 40
66 44
66 45
66 48
66 49
66 50
66 53
66 82
66 83
66 92
66 96
66 97
67 11
67 21
67 28
67 39
67 40
67 46
67 47
67 49
67 51
67 54
67 81
67 84
67 91
67 92
67 93
67 97
68 12
68 21
68 22
68 28
68 38
68 39
68 40
68 47
68 48
68 49
68 52
68 53
68 54
68 81
68 84
68 93
69 8
69 9
69 14
69 21
69 22
69 23
69 24
69 26
69 27
69 34
69 35
69 36
69 37
69 38
69 40
69 41
69 47
69 48
69 62
69 77
69 81
69 84
69 91
70 5
70 7
70 11
70 12
70 13
70 14
70 26
70 35
70 36
70 37
70 41
70 53
70 54
70 58
70 62
70 64
70 75
70 77
70 82
70 83
70 91
70 93
70 94
71 1
71 2
71 4
71 7
71 8
71 11
71 12
71 13
71 19
71 25
71 27
71 28
71 29
71 39
71 40
71 41
71 54
71 55
71 57
71 59
71 61
71 62
71 63
71 64
71 73
71 76
71 91
71 92
71 94
71 95
72 0
72 5
72 7
72 8
72 17
72 18
72 20
72 25
72 27
72 28
72 30
72 36
72 38
72 39
72 57
72 59
72 60
72 65
72 68
72 69
72 70
72 73
72 75
72 76
72 77
72 78
72 94
72 96
73 19
73 22
73 23
73 25
73 30
73 31
73 37
73 57
73 63
73 64
73 65
73 73
73 76
73 77
73 78
73 96
73 97
74 1
74 2
74 3
74 10
74 23
74 24
74 28
74 31
74 61
74 64
74 68
74 69
74 70
74 77
74 78
74 95
74 97
75 21
75 24
75 29
75 30
75 32
75 53
75 54
75 55
75 60
75 61
75 65
75 67
75 70
75 95
75 96
76 8
76 9
76 21
76 24
76 29
76 30
76 32
76 44
76 45
76 46
76 52
76 53
76 54
76 58
76 59
76 62
76 63
76 64
76 65
76 67
76 70
77 9
77 10
77 11
77 25
77 31
77 44
77 45
77 46
77 53
77 54
77 56
77 59
77 63
77 64
77 65
77 70
77 74
77 76
77 85
78 14
78 15
78 22
78 26
78 27
78 28
78 43
78 45
78 58
78 74
78 77
78 83
78 84
78 85
78 87
79 9
79 12
79 16
79 23
79 29
79 41
79 42
79 43
79 58
79 59
79 60
79 68
79 70
79 73
79 76
79 83
79 85
79 86
79 87
79 88
80 9
80 11
80 12
80 23
80 24
80 30
80 42
80 43
80 58
80 59
80 60
80 61
80 62
80 64
80 68
80 70
80 73
80 74
80 75
80 83
80 84
80 85
80 89
80 90
81 8
81 12
81 13
81 17
81 23
81 24
81 26
81 30
81 31
81 43
81 44
81 45
81 57
81 60
81 64
81 68
81 87
81 89
81 90
82 7
82 14
82 15
82 17
82 22
82 23
82 29
82 30
82 44
82 45
82 56
82 69
82 71
82 83
82 84
82 86
82 87
82 88
82 89
82 90
83 6
83 7
83 10
83 11
83 12
83 16
83 17
83 23
83 24
83 29
83 31
83 45
83 56
83 69
83 71
83 72
83 83
83 85
84 5
84 6
84 10
84 11
84 12
84 16
84 17
84 24
84 32
84 54
84 55
84 58
84 71
84 81
84 84
85 6
85 7
85 10
85 13
85 15
85 16
85 40
85 41
85 55
85 56
85 69
85 88
85 89
85 91
86 11
86 12
86 28
86 31
86 33
86 40
86 41
86 57
86 58
86 60
86 69
86 72
86 88
86 90
86 97
87 9
87 10
87 13
87 28
87 29
87 30
87 31
87 59
87 70
87 77
87 83
87 88
87 96
87 98
88 7
88 8
88 10
88 12
88 14
88 29
88 30
88 31
88 70
88 71
88 77
88 79
88 95
88 99
89 6
89 10
89 15
89 16
89 18
89 29
89 36
89 37
89 38
89 70
89 71
89 72
89 77
89 79
89 81
89 83
89 96
89 98
90 6
90 16
90 28
90 29
90 43
90 44
90 67
90 68
90 72
90 80
90 81
90 83
90 97
91 6
91 13
91 16
91 18
91 19
91 23
91 27
91 29
91 30
91 34
91 40
91 41
91 44
91 52
91 61
91 62
91 66
91 69
91 83
91 84
92 5
92 6
92 7
92 15
92 19
92 23
92 34
92 40
92 44
92 45
92 51
92 53
92 61
92 62
92 67
92 68
92 70
92 71
92 72
92 73
92 74
92 81
92 85
92 90
92 91
93 3
93 4
93 6
93 7
93 8
93 19
93 20
93 26
93 27
93 28
93 30
93 34
93 40
93 44
93 45
93 50
93 51
93 53
93 54
93 60
93 63
93 68
93 70
93 76
93 77
93 81
93 85
93 90
93 91
94 3
94 6
94 7
94 8
94 10
94 11
94 20
94 26
94 29
94 41
94 42
94 52
94 53
94 54
94 58
94 59
94 61
94 62
94 73
94 74
94 78
94 84
94 91
95 3
95 4
95 5
95 6
95 7
95 8
95 9
95 19
95 20
95 25
95 52
95 54
95 55
95 57
95 59
95 61
95 62
95 71
95 72
95 73
95 75
95 80
95 83
96 8
96 19
96 20
96 25
96 29
96 53
96 54
96 57
96 59
96 66
96 67
96 76
96 77
97 0
97 1
97 12
97 24
97 26
97 28
97 31
97 32
97 33
97 45
97 47
97 53
97 57
97 58
97 66
97 67
97 68
97 70
97 71
97 72
97 81
98 0
98 1
98 4
98 5
98 12
98 23
98 24
98 25
98 26
98 27
98 28
98 47
98 57
98 58
98 61
98 62
98 63
98 66
98 68
98 69
98 79
98 85
98 87
98 99
99 13
99 23
99 24
99 47
99 61
99 62
99 63
99 70
99 71
99 72
99 84
99 85
99 87
99 88
99 99
