0 0
0 1
0 5
0 7
0 8
0 13
0 14
0 15
0 16
0 17
0 27
0 51
0 63
0 99
1 5
1 11
1 12
1 14
1 15
1 16
1 19
1 20
1 21
1 22
1 23
1 24
1 25
1 26
1 37
1 38
1 40
1 42
1 43
1 44
1 45
1 46
1 49
1 52
1 57
1 58
1 63
1 66
1 67
1 70
1 71
1 72
2 10
2 14
2 37
2 38
2 39
2 42
2 44
2 45
2 52
2 57
2 58
2 62
2 63
2 65
2 66
2 67
2 68
2 70
2 75
2 79
2 85
2 86
2 87
2 96
3 9
3 14
3 15
3 16
3 21
3 36
3 42
3 46
3 49
3 52
3 57
3 58
3 62
3 68
3 69
3 79
3 85
3 86
3 87
3 88
3 96
4 13
4 15
4 16
4 17
4 22
4 23
4 34
4 35
4 37
4 38
4 41
4 42
4 44
4 45
4 46
4 47
4 49
4 63
4 73
4 74
4 79
4 85
4 88
4 95
4 97
5 7
5 10
5 13
5 19
5 20
5 22
5 23
5 39
5 40
5 46
5 47
5 52
5 63
5 64
5 72
5 86
5 90
6 6
6 10
6 11
6 12
6 22
6 23
6 35
6 45
6 46
6 48
6 52
6 57
6 63
6 64
6 65
6 71
6 86
6 87
6 90
6 95
6 96
7 7
7 9
7 21
7 35
7 44
7 45
7 49
7 51
7 55
7 56
7 57
7 62
7 65
7 71
7 75
7 76
7 80
7 82
7 87
7 91
7 94
7 96
8 8
8 30
8 35
8 43
8 46
8 50
8 55
8 58
8 62
8 75
8 77
8 82
8 88
8 92
8 93
8 94
8 96
9 30
9 35
9 36
9 37
9 39
9 44
9 46
9 55
9 58
9 63
9 64
9 65
9 75
9 79
9 85
9 86
9 87
9 89
9 95
10 12
10 13
10 30
10 39
10 45
10 56
10 58
10 64
10 65
10 68
10 69
10 74
10 76
10 77
10 80
10 81
10 83
10 85
10 90
11 11
11 13
11 14
11 15
11 16
11 17
11 19
11 37
11 81
11 83
11 84
11 87
11 94
11 95
12 11
12 12
12 15
12 16
12 19
12 37
12 39
12 61
12 62
12 75
12 81
12 82
12 84
12 85
12 91
12 92
12 94
12 95
13 16
13 19
13 37
13 38
13 62
13 65
13 66
13 75
13 76
13 77
13 91
13 93
13 95
14 18
14 19
14 44
14 45
14 60
14 61
14 62
14 65
14 66
14 77
14 90
15 14
15 18
15 44
15 45
15 64
15 67
15 91
15 92
16 14
16 18
16 38
16 59
16 60
16 64
16 66
16 92
17 0
17 2
17 16
17 38
17 40
17 58
17 59
17 61
17 63
17 65
17 66
18 1
18 14
18 40
18 41
18 57
18 63
18 70
18 71
18 86
19 11
19 12
19 24
19 25
19 44
19 45
19 46
19 54
19 55
19 56
19 57
19 58
19 60
19 61
19 62
19 69
19 72
19 86
20 4
20 11
20 12
20 24
20 27
20 30
20 31
20 37
20 38
20 39
20 40
20 41
20 42
20 44
20 45
20 47
20 54
20 55
20 57
20 62
20 64
20 70
20 71
20 85
20 87
21 0
21 1
21 4
21 29
21 30
21 37
21 41
21 42
21 43
21 47
21 53
21 54
21 58
21 59
21 60
21 65
21 84
21 85
22 4
22 21
22 31
22 44
22 45
22 46
22 53
22 54
22 58
22 61
22 64
22 79
22 84
22 85
22 86
23 13
23 16
23 19
23 20
23 22
23 26
23 36
23 37
23 38
23 42
23 44
23 45
23 46
23 52
23 54
23 55
23 58
23 78
23 79
23 80
23 81
23 83
23 85
24 13
24 22
24 23
24 25
24 26
24 33
24 35
24 36
24 37
24 49
24 50
24 51
24 52
24 53
24 54
24 55
24 58
24 62
24 77
24 82
24 83
24 84
25 13
25 14
25 19
25 20
25 21
25 23
25 27
25 28
25 29
25 32
25 33
25 36
25 40
25 41
25 48
25 49
25 50
25 51
25 52
25 59
25 77
26 0
26 1
26 2
26 30
26 35
26 36
26 37
26 38
26 39
26 47
26 78
26 79
26 80
26 81
26 82
26 98
27 28
27 30
27 31
27 33
27 35
27 36
27 37
27 38
27 48
27 64
27 97
28 0
28 1
28 2
28 5
28 9
28 32
28 33
28 63
28 65
28 66
28 92
28 93
28 94
28 96
28 97
28 98
29 4
29 5
29 6
29 7
29 8
29 9
29 10
29 15
29 16
29 17
29 23
29 24
29 28
29 29
29 33
29 51
29 59
29 60
29 63
29 87
29 88
29 89
29 90
29 91
29 92
29 93
29 94
29 96
29 97
29 98
30 3
30 7
30 11
30 14
30 24
30 29
30 32
30 50
30 52
30 58
30 63
30 64
30 65
30 67
30 68
30 76
30 87
30 88
30 90
30 96
30 97
30 98
31 4
31 5
31 6
31 8
31 9
31 10
31 15
31 16
31 18
31 19
31 46
31 47
31 48
31 50
31 52
31 58
31 63
31 66
31 67
31 68
31 76
31 87
31 90
31 97
31 99
32 5
32 9
32 10
32 47
32 48
32 57
32 58
32 62
32 63
32 69
32 76
32 88
32 89
32 98
32 99
33 7
33 10
33 11
33 13
33 49
33 57
33 58
33 62
33 63
33 67
33 68
33 69
34 7
34 9
34 10
34 12
34 13
34 46
34 47
34 48
34 57
34 58
34 60
34 62
34 65
34 66
34 69
35 1
35 10
35 13
35 39
35 45
35 59
35 65
35 66
35 67
35 68
36 0
36 2
36 11
36 28
36 38
36 40
36 44
36 45
36 47
36 48
36 52
36 53
36 54
36 66
36 67
36 68
36 74
36 82
36 83
36 84
37 3
37 24
37 25
37 29
37 38
37 40
37 43
37 52
37 54
37 73
37 74
37 75
37 82
37 83
37 99
38 0
38 3
38 4
38 24
38 39
38 42
38 43
38 47
38 48
38 52
38 53
38 54
38 59
38 72
38 73
38 76
38 83
38 84
38 85
38 94
38 95
39 4
39 22
39 30
39 43
39 44
39 46
39 47
39 48
39 57
39 72
39 73
39 74
39 84
39 85
39 94
39 96
40 20
40 21
40 25
40 26
40 28
40 29
40 37
40 56
40 62
40 72
40 82
40 95
41 8
41 16
41 20
41 21
41 24
41 26
41 28
41 37
41 56
41 57
41 58
41 64
41 71
41 72
41 82
41 85
42 7
42 8
42 9
42 19
42 20
42 21
42 24
42 25
42 26
42 37
42 65
42 66
42 71
42 72
42 73
42 74
43 6
43 9
43 14
43 15
43 19
43 20
43 21
43 23
43 24
43 26
43 46
43 47
43 62
43 63
43 65
43 71
43 74
43 84
43 97
43 99
44 0
44 5
44 6
44 8
44 11
44 15
44 16
44 23
44 24
44 33
44 34
44 35
44 39
44 40
44 41
44 44
44 45
44 47
44 61
44 62
44 63
44 64
44 69
44 72
44 85
44 86
45 0
45 1
45 2
45 3
45 5
45 6
45 8
45 9
45 10
45 11
45 19
45 23
45 24
45 25
45 44
45 45
45 61
45 70
45 72
45 84
45 86
45 96
46 4
46 6
46 10
46 18
46 19
46 20
46 23
46 24
46 45
46 70
46 73
46 84
46 85
46 96
46 97
46 98
46 99
47 0
47 1
47 3
47 4
47 7
47 9
47 37
47 46
47 52
47 53
47 83
47 86
48 1
48 2
48 7
48 18
48 19
48 21
48 22
48 35
48 38
48 39
48 46
48 47
48 52
48 53
48 68
48 70
48 76
48 84
48 85
49 7
49 10
49 19
49 20
49 21
49 37
49 38
49 40
49 45
49 61
49 62
49 68
49 77
49 96
49 97
50 7
50 10
50 21
50 33
50 37
50 38
50 40
50 45
50 46
50 58
50 59
50 61
50 62
50 74
50 76
50 77
50 79
50 80
50 81
50 96
50 97
50 98
51 8
51 10
51 37
51 38
51 40
51 41
51 57
51 58
51 62
51 75
51 79
51 81
51 97
51 98
51 99
52 9
52 32
52 42
52 48
52 55
52 56
52 57
52 58
52 79
52 80
52 81
52 99
53 29
53 30
53 33
53 35
53 43
53 47
53 48
53 55
53 57
53 60
53 64
53 65
54 22
54 25
54 26
54 29
54 31
54 33
54 39
54 44
54 47
54 48
54 55
54 56
55 2
55 3
55 20
55 24
55 26
55 28
55 29
55 38
55 44
55 60
55 61
55 63
55 64
55 65
55 73
55 74
56 2
56 3
56 4
56 20
56 22
56 23
56 25
56 26
56 27
56 28
56 30
56 31
56 32
56 43
56 44
56 59
56 60
56 61
56 69
56 72
56 83
56 84
57 2
57 4
57 19
57 25
57 28
57 36
57 37
57 58
57 59
57 68
57 70
57 72
57 82
57 85
57 88
57 89
57 98
57 99
58 2
58 3
58 4
58 19
58 20
58 22
58 26
58 27
58 32
58 68
58 71
58 73
58 74
58 82
58 84
58 87
58 90
58 97
58 99
59 1
59 2
59 3
59 19
59 20
59 23
59 33
59 68
59 72
59 74
59 83
59 88
59 89
59 97
60 0
60 1
60 2
60 19
60 20
60 22
60 23
60 27
60 69
60 72
60 73
60 89
60 90
60 98
60 99
61 20
61 23
61 27
61 44
61 45
61 55
61 56
61 69
61 73
61 90
61 91
61 98
61 99
62 11
62 12
62 19
62 20
62 21
62 26
62 43
62 44
62 46
62 56
62 60
62 66
62 70
62 71
62 72
62 89
62 92
63 2
63 3
63 6
63 7
63 10
63 12
63 19
63 20
63 21
63 22
63 23
63 39
63 43
63 44
63 56
63 60
63 62
63 89
63 93
64 2
64 5
64 6
64 7
64 11
64 20
64 21
64 38
64 40
64 45
64 47
64 48
64 62
64 63
64 64
65 3
65 6
65 8
65 15
65 21
65 23
65 24
65 28
65 38
65 40
65 48
65 49
65 50
65 63
65 64
65 95
65 96
66 13
66 16
66 21
66 23
66 24
66 27
66 29
66 39
66 44
66 45
66 46
66 47
66 49
66 51
66 52
66 63
66 64
66 70
66 80
66 81
66 84
66 90
66 91
66 95
66 96
66 97
67 11
67 12
67 13
67 21
67 23
67 26
67 29
67 33
67 34
67 48
67 49
67 50
67 52
67 53
67 70
67 79
67 80
67 81
67 82
67 84
67 94
67 96
68 7
68 12
68 21
68 22
68 26
68 27
68 33
68 34
68 38
68 48
68 52
68 69
68 79
68 82
68 92
68 93
68 94
68 95
69 8
69 9
69 12
69 14
69 25
69 26
69 32
69 33
69 34
69 35
69 37
69 38
69 39
69 49
69 52
69 63
69 64
69 78
69 79
69 82
69 83
69 92
69 93
70 4
70 6
70 8
70 9
70 13
70 14
70 24
70 26
70 36
70 37
70 39
70 40
70 44
70 45
70 49
70 51
70 62
70 63
70 64
70 73
70 74
70 77
70 78
70 91
70 93
71 2
71 6
71 10
71 19
71 26
71 33
71 34
71 39
71 43
71 46
71 51
71 52
71 53
71 58
71 59
71 65
71 73
71 74
71 78
71 83
71 92
72 2
72 3
72 4
72 6
72 7
72 9
72 10
72 11
72 18
72 19
72 25
72 26
72 27
72 37
72 38
72 44
72 53
72 54
72 56
72 57
72 59
72 62
72 64
72 65
72 66
72 67
72 68
72 69
72 72
72 73
72 74
72 77
72 78
72 86
72 87
72 93
72 94
72 96
73 2
73 5
73 8
73 10
73 11
73 19
73 24
73 28
73 29
73 30
73 31
73 37
73 49
73 50
73 55
73 57
73 69
73 77
73 78
73 95
73 96
74 3
74 4
74 10
74 11
74 22
74 23
74 27
74 29
74 53
74 55
74 56
74 57
74 58
74 60
74 64
74 77
74 85
74 87
74 92
74 93
74 95
75 4
75 7
75 8
75 10
75 22
75 29
75 30
75 32
75 46
75 47
75 48
75 49
75 50
75 53
75 54
75 57
75 66
75 71
75 72
76 8
76 9
76 22
76 23
76 31
76 32
76 46
76 47
76 48
76 52
76 53
76 58
76 60
76 61
76 65
76 66
76 68
76 69
76 70
76 71
76 72
76 73
76 74
77 9
77 10
77 44
77 45
77 58
77 60
77 65
77 66
77 67
77 85
78 10
78 12
78 24
78 25
78 27
78 29
78 43
78 45
78 47
78 48
78 58
78 59
78 63
78 68
78 70
78 71
78 72
78 73
78 75
78 76
78 85
78 86
79 10
79 12
79 14
79 15
79 30
79 42
79 60
79 61
79 64
79 67
79 70
79 72
79 73
79 75
79 84
80 11
80 12
80 13
80 14
80 16
80 25
80 26
80 27
80 28
80 29
80 43
80 47
80 60
80 61
80 64
80 74
80 75
80 83
80 84
80 85
80 87
80 88
80 89
81 13
81 17
81 24
81 44
81 45
81 46
81 58
81 59
81 61
81 64
81 68
81 69
81 88
81 89
82 8
82 9
82 10
82 15
82 16
82 17
82 24
82 28
82 29
82 35
82 57
82 83
82 84
82 86
82 90
83 7
83 10
83 11
83 12
83 14
83 16
83 24
83 25
83 30
83 31
83 33
83 34
83 35
83 56
83 65
83 66
83 70
83 71
83 78
83 79
83 84
83 86
83 87
83 88
83 89
83 90
84 6
84 14
84 15
84 16
84 26
84 27
84 30
84 33
84 56
84 57
84 62
84 68
84 69
84 70
84 78
84 79
84 85
84 86
84 87
84 90
85 7
85 9
85 10
85 11
85 13
85 15
85 27
85 29
85 32
85 33
85 40
85 41
85 56
85 60
85 62
85 71
85 79
85 91
86 8
86 9
86 10
86 29
86 30
86 31
86 35
86 40
86 41
86 58
86 59
86 71
86 80
86 89
86 90
86 98
87 9
87 12
87 26
87 30
87 65
87 66
87 68
87 71
87 79
87 80
87 81
87 87
87 88
87 89
87 96
87 98
88 8
88 10
88 13
88 15
88 25
88 37
88 78
88 79
88 81
88 82
88 86
88 89
89 8
89 10
89 13
89 15
89 17
89 18
89 37
89 69
89 71
89 79
89 80
89 81
89 86
89 89
89 96
89 97
89 98
90 8
90 9
90 19
90 23
90 31
90 37
90 43
90 57
90 68
90 71
90 80
91 8
91 9
91 14
91 23
91 26
91 28
91 29
91 40
91 41
91 43
91 45
91 55
91 56
91 68
91 71
91 72
91 81
91 82
91 87
92 9
92 13
92 14
92 17
92 18
92 22
92 27
92 29
92 33
92 34
92 35
92 41
92 46
92 60
92 61
92 68
92 69
92 72
92 73
92 82
92 83
92 87
92 90
93 4
93 5
93 6
93 8
93 9
93 13
93 14
93 22
93 29
93 41
93 42
93 46
93 51
93 52
93 53
93 61
93 62
93 73
93 74
93 80
93 83
93 87
93 90
94 4
94 5
94 6
94 9
94 12
94 13
94 14
94 19
94 20
94 21
94 22
94 29
94 42
94 46
94 50
94 54
94 59
94 61
94 72
94 74
94 78
94 79
94 80
94 81
94 82
94 87
94 90
95 8
95 9
95 10
95 12
95 13
95 26
95 27
95 28
95 46
95 53
95 54
95 59
95 60
95 72
95 75
95 77
95 78
95 81
95 82
95 88
95 89
96 3
96 9
96 10
96 11
96 12
96 19
96 20
96 21
96 24
96 25
96 26
96 32
96 46
96 48
96 52
96 57
96 61
96 72
96 78
96 79
96 80
96 88
97 11
97 20
97 22
97 23
97 24
97 25
97 26
97 32
97 45
97 46
97 51
97 60
97 61
97 66
97 67
97 71
97 76
97 79
97 87
98 0
98 1
98 9
98 13
98 14
98 15
98 19
98 20
98 21
98 27
98 32
98 47
98 57
98 58
98 61
98 65
98 66
98 68
98 71
98 83
98 85
98 86
98 88
99 0
99 3
99 4
99 5
99 13
99 15
99 16
99 17
99 18
99 19
99 20
99 21
99 27
99 28
99 48
99 59
99 60
99 64
99 69
99 70
99 83
99 85
99 86
99 87
99 99
