0 14
0 17
0 87
0 88
0 89
0 91
0 95
0 96
1 15
1 16
1 36
1 37
1 54
1 87
1 88
1 90
1 92
1 94
1 95
2 35
2 38
2 56
2 89
2 90
2 94
3 12
3 23
3 24
3 36
3 37
3 52
3 54
3 90
3 91
3 92
4 12
4 22
4 25
4 54
4 56
4 57
5 12
5 23
5 25
5 51
5 53
5 54
5 55
5 56
5 86
5 87
5 88
6 24
6 35
6 43
6 44
6 52
6 55
6 72
6 73
7 35
7 43
7 44
7 48
7 49
7 52
7 54
7 58
7 60
7 61
7 62
7 72
8 35
8 48
8 49
8 53
8 54
8 58
8 60
8 61
8 62
8 68
8 72
8 74
8 75
8 77
9 29
9 30
9 31
9 58
9 68
9 69
9 71
9 72
9 75
9 76
9 77
10 74
10 75
13 71
14 20
14 21
14 67
14 68
14 70
14 72
15 19
15 22
15 34
15 35
15 36
15 67
15 68
15 70
15 73
16 19
16 22
16 70
16 72
16 87
17 20
17 21
17 70
17 72
17 87
18 40
18 41
18 70
19 40
19 41
19 68
19 70
20 68
20 70
20 74
20 75
20 84
20 87
21 3
21 4
21 5
21 20
21 21
21 69
21 70
21 71
21 84
21 86
21 87
21 88
22 12
22 20
22 21
22 89
23 11
23 13
23 52
23 53
23 87
23 88
24 10
24 11
24 13
24 14
24 16
24 17
24 52
24 53
24 87
25 11
25 13
25 15
25 16
25 17
25 18
26 11
26 19
27 10
27 11
27 12
27 14
27 15
27 16
27 17
27 18
27 36
27 37
27 38
27 77
27 78
28 9
28 11
28 15
28 52
28 53
28 54
28 77
28 78
29 9
30 15
30 17
30 21
30 83
30 84
31 1
31 2
31 13
31 14
31 18
31 19
31 21
31 22
31 59
31 72
31 73
31 80
31 83
31 84
32 22
32 58
32 60
32 69
32 70
32 73
32 74
32 83
33 12
33 19
33 20
33 21
33 61
33 69
33 70
33 71
33 72
33 74
33 79
33 82
34 8
34 9
34 10
34 12
34 17
34 18
34 19
34 20
34 35
34 51
34 52
34 53
34 58
34 60
34 72
34 73
34 74
34 80
34 81
35 3
35 8
35 9
35 10
35 13
35 36
35 37
35 51
35 53
35 54
35 59
35 69
35 70
35 73
35 74
35 80
35 85
35 86
35 99
36 0
36 2
36 4
36 8
36 9
36 30
36 31
36 36
36 37
36 50
36 51
36 53
36 68
36 71
36 72
36 73
36 78
36 80
36 91
36 99
37 10
37 30
37 31
37 32
37 36
37 38
37 39
37 51
37 53
37 67
37 68
37 69
37 72
37 73
37 82
37 83
37 86
37 87
37 88
37 89
37 90
37 91
37 92
37 93
37 95
37 97
38 3
38 10
38 15
38 30
38 31
38 36
38 38
38 40
38 51
38 52
38 58
38 60
38 68
38 71
38 78
38 80
38 86
38 88
38 89
38 90
38 92
38 94
38 97
38 98
38 99
39 1
39 2
39 3
39 10
39 16
39 32
39 33
39 36
39 37
39 38
39 39
39 40
39 59
39 69
39 70
39 71
39 79
39 80
39 82
39 88
39 91
39 92
39 98
39 99
40 0
40 1
40 2
40 3
40 32
40 33
40 34
40 35
40 36
40 55
40 56
40 58
40 59
40 60
40 70
40 92
40 95
40 99
41 0
41 1
41 11
41 12
41 14
41 15
41 34
41 48
41 49
41 55
41 57
41 60
41 61
41 81
41 84
41 85
41 91
41 92
41 93
41 94
41 96
42 13
42 48
42 49
42 55
42 57
42 59
42 61
42 81
42 86
42 90
42 93
42 94
42 96
43 1
43 2
43 3
43 47
43 49
43 58
43 59
43 60
43 86
43 91
43 92
43 94
44 2
44 3
44 58
44 59
44 83
44 84
44 86
44 91
44 92
44 93
44 99
45 0
45 24
45 25
45 58
45 86
45 94
45 95
46 24
46 25
46 86
46 95
47 34
47 52
47 53
47 87
47 94
48 34
48 52
48 53
49 33
49 35
49 80
49 81
50 49
50 50
50 80
50 81
51 32
51 33
51 35
51 36
51 49
51 50
52 32
52 36
53 31
53 32
53 33
53 34
53 91
54 16
54 32
54 34
54 35
54 37
54 90
54 91
54 98
55 2
55 3
55 4
55 16
55 35
55 36
55 37
55 38
55 89
55 90
55 92
55 98
56 16
56 33
56 37
56 88
56 89
56 92
56 93
56 98
57 33
57 34
57 36
57 37
57 87
57 88
57 89
57 92
57 93
58 36
58 37
58 88
58 89
58 93
59 33
59 34
59 54
59 55
59 89
60 32
60 33
60 34
60 35
60 40
60 41
60 45
60 46
60 47
60 54
60 55
61 30
61 31
61 32
61 35
61 40
61 42
61 75
61 76
61 91
62 30
62 32
62 34
62 41
62 43
62 74
62 77
62 91
62 92
63 30
63 31
63 32
63 42
63 74
63 76
63 90
63 91
64 26
64 27
64 28
64 32
64 33
64 75
65 26
65 33
65 35
65 36
65 63
65 64
65 78
65 79
65 80
66 26
66 27
66 28
66 31
66 32
66 33
66 34
66 62
66 65
66 86
66 87
67 29
67 30
67 32
67 33
67 62
67 65
67 86
67 88
68 29
68 30
68 32
68 50
68 51
68 86
68 89
69 4
69 5
69 31
69 50
69 51
69 61
69 87
69 88
70 4
70 6
70 60
70 64
71 3
71 6
71 59
71 63
71 64
71 76
71 77
71 78
72 2
72 3
72 5
72 6
72 7
72 45
72 58
72 68
72 69
72 94
72 95
72 96
73 1
73 42
73 47
73 58
73 67
73 68
73 69
74 7
74 41
74 48
74 58
74 59
74 61
74 62
74 63
74 67
75 2
75 40
75 48
75 60
75 61
75 62
75 63
75 67
75 68
76 6
76 14
76 40
76 43
76 46
76 48
76 67
76 68
77 3
77 4
77 5
77 13
77 14
77 21
77 40
77 43
77 45
77 48
77 67
77 68
78 4
78 6
78 12
78 13
78 15
78 19
78 20
78 22
78 23
78 41
78 47
79 4
79 6
79 7
79 13
79 15
79 16
79 18
79 20
79 42
79 43
80 5
80 6
80 14
80 18
80 20
80 21
80 43
81 43
81 48
81 74
82 15
82 16
82 20
82 42
82 48
82 72
82 73
82 74
83 0
83 7
83 15
83 17
83 18
83 20
83 42
83 49
83 98
83 99
84 6
84 9
84 18
84 19
84 42
84 43
84 44
84 47
84 48
84 49
84 87
84 88
85 7
85 10
85 45
85 49
85 51
85 52
85 78
85 79
85 80
85 87
85 89
86 8
86 9
86 10
86 47
86 49
86 50
86 52
86 56
86 57
86 88
86 89
86 90
87 44
87 50
87 51
87 55
87 58
87 82
87 84
87 89
87 91
87 92
88 24
88 25
88 45
88 46
88 49
88 50
88 56
88 57
88 82
88 83
88 91
88 92
89 23
89 26
89 45
89 83
89 89
89 91
89 92
90 24
90 25
90 47
90 49
90 71
90 72
90 88
90 91
91 63
91 64
91 65
91 69
91 70
91 72
91 73
91 91
92 46
92 47
92 63
92 64
92 66
92 68
92 70
92 72
92 73
93 3
93 45
93 49
93 63
93 65
93 66
93 71
93 88
93 92
94 3
94 4
94 13
94 14
94 46
94 47
94 48
94 63
94 67
94 91
94 92
95 3
95 4
95 13
95 14
95 47
95 63
95 68
95 69
95 91
96 5
96 6
96 70
96 87
96 88
96 89
96 92
96 93
96 94
97 5
97 6
97 80
97 81
97 86
97 91
97 93
97 94
98 8
98 25
98 26
98 80
98 81
98 85
98 86
98 89
98 90
98 91
98 93
99 6
99 8
99 15
99 16
99 25
99 26
99 86
99 92
