0 2
0 7
0 12
0 18
0 19
0 20
0 22
0 23
0 40
0 48
0 65
0 66
0 67
0 73
0 78
0 79
0 81
0 82
0 84
0 85
1 3
1 4
1 7
1 10
1 13
1 18
1 22
1 39
1 40
1 41
1 49
1 50
1 58
1 61
1 64
1 68
1 78
1 79
1 84
1 87
2 5
2 10
2 14
2 18
2 19
2 21
2 36
2 38
2 41
2 42
2 47
2 49
2 53
2 58
2 61
2 64
2 65
2 66
2 67
2 83
2 84
2 86
2 87
2 96
2 97
3 8
3 13
3 19
3 21
3 35
3 38
3 41
3 42
3 43
3 45
3 46
3 49
3 50
3 52
3 53
3 58
3 61
3 65
3 66
3 74
3 75
3 76
3 77
3 78
3 83
3 84
3 85
3 89
3 90
3 92
3 96
3 97
4 8
4 9
4 10
4 11
4 12
4 35
4 38
4 42
4 43
4 47
4 48
4 50
4 59
4 60
4 73
4 74
4 75
4 76
4 78
4 84
4 85
4 86
4 87
4 88
4 89
4 91
5 8
5 11
5 12
5 16
5 20
5 21
5 36
5 41
5 43
5 47
5 50
5 76
5 85
5 88
5 94
6 9
6 10
6 11
6 15
6 17
6 18
6 19
6 21
6 40
6 42
6 48
6 49
6 50
6 54
6 86
6 87
6 93
6 94
6 95
7 9
7 30
7 37
7 39
7 40
7 42
7 58
7 73
7 75
7 92
7 95
8 21
8 30
8 36
8 37
8 38
8 42
8 45
8 46
8 56
8 57
8 59
8 64
8 70
8 72
8 73
8 91
8 92
8 94
8 97
9 1
9 15
9 20
9 29
9 30
9 36
9 41
9 44
9 47
9 57
9 59
9 63
9 65
9 69
9 70
9 71
9 72
9 73
9 74
9 75
9 76
9 77
9 80
9 81
9 84
9 85
9 92
9 93
9 94
9 95
9 96
10 15
10 30
10 31
10 37
10 41
10 45
10 46
10 58
10 62
10 66
10 69
10 70
10 71
10 74
10 77
10 81
10 82
10 84
10 85
10 93
10 94
10 96
10 97
11 1
11 13
11 30
11 31
11 38
11 39
11 61
11 66
11 75
11 76
11 77
11 80
11 85
11 95
12 13
12 14
12 15
12 18
12 60
12 65
12 66
12 80
12 81
12 83
12 84
12 93
12 94
12 95
13 14
13 15
13 16
13 17
13 19
13 61
13 66
13 83
13 84
13 93
13 94
14 18
14 20
14 21
14 44
14 45
14 62
14 92
14 94
15 15
15 16
15 18
15 19
15 44
15 45
15 56
15 57
15 92
15 96
15 97
15 98
16 2
16 3
16 15
16 16
16 19
16 55
16 57
16 61
16 62
16 63
16 64
16 65
16 93
16 96
16 97
16 98
16 99
17 2
17 4
17 19
17 35
17 36
17 50
17 56
17 58
17 59
17 66
17 77
17 78
17 80
17 93
17 96
17 98
17 99
18 2
18 3
18 21
18 35
18 36
18 37
18 38
18 39
18 47
18 57
18 70
18 80
19 2
19 19
19 21
19 26
19 40
19 46
19 51
19 56
19 57
19 59
19 61
19 62
19 63
19 68
19 69
19 70
19 71
19 77
19 78
20 2
20 5
20 12
20 13
20 20
20 25
20 30
20 37
20 39
20 45
20 49
20 50
20 57
20 59
20 60
20 61
20 70
20 86
20 87
21 3
21 5
21 11
21 12
21 14
21 15
21 25
21 30
21 31
21 38
21 45
21 46
21 47
21 59
21 60
21 62
21 68
21 80
21 83
21 85
21 87
21 88
22 4
22 9
22 10
22 14
22 15
22 25
22 27
22 55
22 57
22 60
22 62
22 63
22 64
22 80
22 85
22 99
23 0
23 8
23 11
23 23
23 31
23 32
23 39
23 55
23 58
23 63
23 85
23 99
24 0
24 1
24 12
24 21
24 25
24 26
24 27
24 28
24 31
24 32
24 38
24 40
24 53
24 57
24 59
24 60
24 61
24 63
24 78
25 0
25 1
25 6
25 11
25 12
25 20
25 21
25 23
25 25
25 28
25 33
25 34
25 35
25 38
25 40
25 49
25 50
25 52
25 60
25 61
25 62
25 68
25 69
25 77
25 78
25 79
25 84
25 99
26 0
26 1
26 9
26 19
26 20
26 24
26 25
26 35
26 39
26 49
26 52
26 60
26 63
26 70
26 77
26 78
26 82
26 83
26 99
27 0
27 1
27 20
27 21
27 23
27 29
27 34
27 50
27 52
27 58
27 59
27 61
27 62
27 85
27 87
27 99
28 0
28 1
28 8
28 16
28 17
28 21
28 22
28 23
28 27
28 51
28 58
28 59
28 80
28 84
28 85
28 86
28 90
28 91
28 93
28 94
28 99
29 0
29 6
29 7
29 10
29 13
29 14
29 15
29 16
29 18
29 22
29 26
29 27
29 31
29 32
29 52
29 58
29 59
29 60
29 61
29 62
29 63
29 72
29 79
29 84
29 85
29 91
29 92
29 93
29 99
30 0
30 6
30 7
30 9
30 14
30 15
30 19
30 26
30 27
30 32
30 52
30 59
30 63
30 67
30 68
30 71
30 75
30 88
30 89
30 91
30 92
30 99
31 0
31 6
31 7
31 8
31 12
31 26
31 27
31 29
31 47
31 52
31 58
31 60
31 65
31 67
31 76
31 85
31 89
31 98
31 99
32 12
32 14
32 15
32 18
32 27
32 29
32 45
32 46
32 47
32 58
32 60
32 65
32 71
32 76
32 88
32 99
33 1
33 15
33 17
33 39
33 40
33 42
33 43
33 59
33 60
33 65
33 66
33 67
33 72
33 73
33 74
33 75
33 83
34 11
34 12
34 13
34 39
34 47
34 59
34 66
34 67
34 85
34 86
35 1
35 11
35 12
35 13
35 38
35 46
35 58
35 84
35 98
36 1
36 18
36 19
36 39
36 41
36 43
36 44
36 47
36 62
36 63
36 66
36 67
36 68
36 84
36 96
36 98
37 0
37 1
37 26
37 27
37 39
37 40
37 45
37 46
37 47
37 48
37 49
37 52
37 53
37 84
37 95
37 99
38 0
38 1
38 2
38 6
38 7
38 8
38 29
38 44
38 47
38 51
38 53
38 55
38 71
38 72
38 75
38 95
38 98
39 0
39 3
39 5
39 27
39 28
39 29
39 44
39 46
39 49
39 53
39 57
39 58
39 59
39 64
39 69
39 73
39 74
39 75
39 96
39 99
40 5
40 7
40 9
40 17
40 18
40 19
40 28
40 37
40 46
40 53
40 58
40 59
40 60
40 61
40 62
40 63
40 64
40 68
40 73
40 74
41 4
41 6
41 17
41 19
41 22
41 23
41 24
41 37
41 43
41 47
41 53
41 56
41 61
41 68
41 83
41 84
41 94
41 95
41 96
42 15
42 19
42 20
42 22
42 24
42 37
42 43
42 47
42 48
42 54
42 58
42 64
42 69
42 71
42 72
42 83
42 85
42 93
42 94
42 95
43 2
43 15
43 19
43 20
43 22
43 25
43 47
43 57
43 59
43 60
43 61
43 64
43 71
43 82
43 85
43 94
43 95
44 1
44 2
44 7
44 8
44 13
44 14
44 15
44 20
44 23
44 24
44 33
44 34
44 35
44 39
44 40
44 41
44 44
44 47
44 57
44 59
44 66
44 67
44 68
44 73
44 83
44 84
45 0
45 8
45 9
45 13
45 14
45 19
45 20
45 22
45 24
45 57
45 58
45 63
45 64
45 65
45 66
45 67
45 68
45 71
45 73
45 83
45 97
45 98
46 3
46 4
46 5
46 7
46 13
46 18
46 19
46 22
46 23
46 37
46 45
46 46
46 47
46 57
46 62
46 68
46 72
46 73
46 85
46 97
46 98
47 3
47 4
47 5
47 8
47 9
47 11
47 13
47 14
47 18
47 22
47 23
47 37
47 52
47 53
47 58
47 63
47 65
47 66
47 67
47 68
47 69
47 73
47 74
47 77
47 78
47 85
47 86
47 87
47 97
47 98
48 3
48 13
48 14
48 18
48 19
48 36
48 52
48 53
48 57
48 62
48 67
48 68
48 71
48 72
48 74
48 75
48 84
48 85
48 88
49 8
49 13
49 18
49 19
49 20
49 36
49 46
49 48
49 49
49 63
49 72
49 96
50 7
50 18
50 19
50 34
50 35
50 37
50 39
50 40
50 41
50 47
50 61
50 63
50 65
50 69
50 70
50 72
50 73
50 74
50 75
50 86
50 89
50 94
50 95
51 7
51 8
51 9
51 18
51 39
51 42
51 55
51 56
51 58
51 62
51 63
51 64
51 65
51 66
51 67
51 69
51 70
51 80
51 81
51 86
51 87
51 88
51 89
51 95
51 99
52 8
52 9
52 34
52 35
52 39
52 43
52 57
52 58
52 69
52 79
52 80
52 82
52 86
52 87
52 96
52 99
53 0
53 34
53 35
53 39
53 41
53 42
53 43
53 48
53 54
53 55
53 59
53 67
53 68
53 70
53 73
53 79
53 96
54 3
54 4
54 24
54 28
54 38
54 40
54 44
54 45
54 46
54 47
54 54
54 55
54 56
54 57
54 58
54 59
54 66
54 67
54 74
54 78
54 99
55 23
55 24
55 29
55 30
55 33
55 34
55 35
55 46
55 57
55 58
55 59
55 60
55 61
55 68
55 69
55 70
55 71
55 72
55 73
55 78
55 81
56 2
56 3
56 21
56 22
56 24
56 28
56 29
56 31
56 32
56 33
56 36
56 58
56 59
56 60
56 61
56 66
56 67
56 70
56 71
56 72
56 73
56 78
56 81
56 85
57 1
57 22
57 30
57 31
57 34
57 35
57 59
57 66
57 67
57 69
57 73
57 79
57 80
57 83
57 84
57 93
57 97
58 3
58 20
58 21
58 22
58 23
58 27
58 29
58 31
58 59
58 60
58 66
58 67
58 69
58 73
58 86
58 87
58 88
58 89
58 98
58 99
59 0
59 2
59 3
59 19
59 20
59 25
59 48
59 50
59 58
59 59
59 72
59 85
59 89
59 98
59 99
60 25
60 26
60 46
60 51
60 70
60 71
60 97
61 2
61 18
61 21
61 26
61 27
61 28
61 42
61 43
61 51
61 58
61 59
61 60
61 67
61 77
61 90
61 92
61 94
62 0
62 1
62 3
62 11
62 12
62 18
62 19
62 21
62 22
62 25
62 42
62 45
62 48
62 50
62 51
62 52
62 57
62 58
62 67
62 76
62 77
62 89
62 92
62 93
62 95
62 96
62 97
62 98
62 99
63 10
63 12
63 23
63 25
63 45
63 48
63 51
63 56
63 57
63 58
63 59
63 67
63 79
63 80
63 87
63 91
63 92
63 93
63 95
63 96
63 97
64 1
64 2
64 3
64 6
64 11
64 27
64 28
64 38
64 39
64 40
64 45
64 47
64 48
64 49
64 50
64 58
64 64
64 66
64 69
64 70
64 76
64 77
64 91
64 94
65 6
65 7
65 15
65 16
65 21
65 25
65 26
65 28
65 45
65 46
65 49
65 57
65 58
65 60
65 62
65 63
65 65
65 66
65 67
65 69
65 70
65 86
65 95
65 96
65 97
65 98
66 5
66 7
66 8
66 21
66 28
66 29
66 34
66 37
66 52
66 53
66 57
66 58
66 60
66 62
66 66
66 67
66 68
66 80
66 85
66 86
66 90
66 96
67 8
67 12
67 13
67 14
67 15
67 22
67 23
67 29
67 33
67 67
67 69
67 70
67 72
67 80
67 84
67 87
67 90
67 92
68 5
68 8
68 13
68 14
68 23
68 32
68 38
68 51
68 52
68 53
68 68
68 69
68 71
68 72
68 79
68 84
68 87
68 92
68 93
69 6
69 8
69 14
69 15
69 16
69 20
69 23
69 27
69 28
69 32
69 35
69 38
69 42
69 43
69 52
69 67
69 73
69 80
69 81
69 84
69 85
69 88
69 90
69 93
70 1
70 16
70 17
70 18
70 19
70 21
70 24
70 25
70 32
70 33
70 35
70 37
70 38
70 42
70 43
70 44
70 66
70 67
70 76
70 77
70 78
70 80
70 81
70 84
70 88
70 93
70 94
70 95
71 0
71 1
71 6
71 16
71 17
71 18
71 22
71 26
71 27
71 29
71 30
71 34
71 36
71 44
71 51
71 61
71 65
71 67
71 68
71 70
71 72
71 76
71 77
71 78
71 84
71 88
71 94
71 95
71 96
71 97
71 98
72 0
72 1
72 4
72 5
72 6
72 7
72 9
72 19
72 22
72 24
72 26
72 27
72 28
72 29
72 30
72 31
72 44
72 45
72 46
72 50
72 52
72 59
72 62
72 63
72 66
72 67
72 68
72 72
72 77
72 80
72 84
72 88
72 89
72 90
72 94
72 96
73 1
73 5
73 9
73 19
73 20
73 21
73 24
73 30
73 31
73 32
73 49
73 50
73 52
73 53
73 58
73 63
73 67
73 72
73 78
73 80
73 85
73 88
73 90
73 91
73 92
73 96
74 1
74 5
74 7
74 8
74 9
74 20
74 21
74 24
74 26
74 28
74 29
74 31
74 32
74 42
74 49
74 50
74 52
74 58
74 59
74 67
74 68
74 69
74 71
74 72
74 78
74 80
74 86
74 87
74 89
74 90
74 92
74 93
74 98
74 99
75 1
75 4
75 19
75 20
75 24
75 26
75 27
75 28
75 29
75 31
75 32
75 42
75 49
75 50
75 52
75 53
75 58
75 62
75 68
75 71
75 72
75 73
75 90
75 92
76 2
76 20
76 25
76 30
76 46
76 50
76 51
76 52
76 59
76 60
76 62
76 72
76 74
76 91
77 3
77 8
77 46
77 47
77 48
77 50
77 59
77 60
77 66
77 75
78 10
78 37
78 47
78 48
78 49
78 50
78 65
78 67
78 70
78 71
79 7
79 10
79 38
79 39
79 44
79 46
79 47
79 48
79 49
79 50
79 59
79 60
79 61
79 62
79 63
79 65
79 67
79 69
79 75
79 76
79 85
79 96
80 1
80 2
80 4
80 5
80 11
80 17
80 28
80 35
80 36
80 37
80 44
80 47
80 55
80 56
80 59
80 60
80 61
80 62
80 63
80 66
80 68
80 74
80 75
80 76
80 82
80 84
80 85
80 86
80 96
80 98
81 5
81 6
81 10
81 11
81 15
81 27
81 28
81 35
81 36
81 37
81 44
81 46
81 55
81 56
81 57
81 65
81 70
81 71
81 72
81 81
81 82
81 84
81 87
81 98
82 8
82 9
82 10
82 11
82 15
82 16
82 26
82 27
82 31
82 32
82 36
82 37
82 55
82 56
82 57
82 59
82 60
82 63
82 64
82 65
82 80
82 82
82 87
82 98
82 99
83 12
83 14
83 17
83 27
83 33
83 35
83 36
83 56
83 57
83 59
83 60
83 62
83 63
83 76
83 77
83 78
83 84
83 85
83 86
83 87
83 98
83 99
84 8
84 12
84 14
84 16
84 17
84 19
84 28
84 32
84 58
84 61
84 68
84 78
84 97
84 99
85 9
85 12
85 14
85 16
85 17
85 19
85 29
85 30
85 31
85 40
85 41
85 59
85 67
85 68
85 69
85 77
85 96
85 97
86 9
86 10
86 11
86 24
86 25
86 40
86 41
86 59
86 60
86 66
86 67
86 69
86 89
87 24
87 25
87 34
87 66
87 67
87 80
87 88
87 90
87 91
87 92
87 93
87 99
88 0
88 9
88 11
88 15
88 17
88 34
88 63
88 80
88 81
88 88
88 94
88 98
89 0
89 8
89 12
89 14
89 18
89 27
89 33
89 35
89 43
89 59
89 60
89 61
89 63
89 80
89 89
89 98
90 1
90 2
90 3
90 4
90 5
90 12
90 13
90 14
90 19
90 26
90 27
90 34
90 42
90 44
90 59
90 60
90 61
90 68
90 89
90 91
90 93
90 94
90 98
91 0
91 2
91 3
91 6
91 9
91 10
91 12
91 13
91 16
91 19
91 25
91 34
91 42
91 44
91 59
91 60
91 66
91 67
91 68
91 69
92 1
92 2
92 7
92 12
92 18
92 26
92 27
92 29
92 43
92 44
92 45
92 59
92 69
92 81
92 82
93 4
93 6
93 10
93 12
93 27
93 28
93 29
93 45
93 52
93 53
93 59
93 63
93 64
93 72
93 80
93 82
93 89
93 90
94 5
94 10
94 12
94 13
94 21
94 44
94 52
94 53
94 54
94 59
94 60
94 61
94 71
94 72
94 73
94 81
94 88
94 89
95 11
95 12
95 14
95 19
95 20
95 22
95 38
95 39
95 45
95 52
95 54
95 58
95 59
95 60
95 71
95 72
95 73
95 88
95 91
96 6
96 7
96 8
96 13
96 15
96 17
96 18
96 22
96 23
96 32
96 49
96 51
96 53
96 54
96 55
96 58
96 59
96 79
96 80
96 88
96 92
97 3
97 5
97 6
97 8
97 14
97 17
97 18
97 22
97 23
97 32
97 38
97 39
97 48
97 49
97 50
97 51
97 52
97 54
97 61
97 62
97 79
97 80
97 81
97 87
98 2
98 4
98 6
98 8
98 17
98 20
98 22
98 23
98 26
98 27
98 32
98 37
98 46
98 47
98 52
98 53
98 59
98 74
98 75
98 80
98 81
98 82
98 83
98 86
98 88
98 89
98 90
98 91
99 1
99 22
99 23
99 26
99 27
99 49
99 50
99 66
99 73
99 74
99 81
99 83
99 84
99 88
