0 2
0 3
0 5
0 6
0 7
0 19
0 20
0 22
0 27
0 46
0 47
0 48
0 59
0 60
0 65
0 67
0 72
0 79
0 80
0 81
0 85
0 86
0 87
1 4
1 5
1 6
1 11
1 12
1 13
1 19
1 22
1 39
1 40
1 41
1 45
1 46
1 50
1 51
1 52
1 59
1 60
1 64
1 68
1 78
1 79
1 84
1 86
1 87
2 10
2 11
2 12
2 13
2 19
2 20
2 21
2 38
2 41
2 45
2 46
2 50
2 51
2 52
2 53
2 54
2 56
2 58
2 61
2 64
2 65
2 66
2 67
2 73
2 84
2 90
2 92
2 96
2 97
3 8
3 13
3 19
3 35
3 36
3 37
3 38
3 42
3 46
3 50
3 59
3 60
3 76
3 77
3 78
3 79
3 84
3 87
3 90
3 92
3 97
4 8
4 9
4 11
4 12
4 21
4 35
4 36
4 37
4 42
4 43
4 47
4 48
4 59
4 60
4 73
4 75
4 76
4 82
4 85
4 88
4 91
5 11
5 48
5 49
5 50
5 54
5 72
5 74
5 85
5 88
5 95
6 8
6 10
6 15
6 16
6 17
6 20
6 21
6 41
6 42
6 49
6 74
6 75
6 86
6 87
6 93
6 94
7 10
7 16
7 17
7 19
7 20
7 21
7 30
7 31
7 40
7 41
7 42
7 53
7 55
7 74
7 75
7 92
7 95
8 1
8 2
8 16
8 17
8 18
8 19
8 20
8 29
8 36
8 37
8 38
8 40
8 45
8 46
8 57
8 58
8 59
8 73
8 80
8 92
8 94
8 97
8 98
9 7
9 8
9 17
9 19
9 36
9 39
9 40
9 41
9 45
9 46
9 57
9 58
9 59
9 63
9 64
9 65
9 69
9 70
9 71
9 73
9 74
9 76
9 81
9 84
9 92
9 93
9 95
9 96
10 0
10 14
10 16
10 17
10 18
10 28
10 30
10 31
10 37
10 39
10 40
10 44
10 47
10 63
10 64
10 66
10 70
10 76
10 77
10 81
10 84
10 85
10 96
11 0
11 3
11 13
11 16
11 17
11 28
11 30
11 31
11 38
11 61
11 64
11 65
11 75
11 76
11 80
11 81
11 85
11 94
11 96
12 2
12 13
12 14
12 15
12 16
12 17
12 45
12 61
12 62
12 63
12 64
12 65
12 81
12 82
12 83
12 84
13 18
13 20
13 47
13 61
13 62
13 63
13 67
13 83
13 93
13 94
14 20
14 28
14 44
14 67
14 93
14 94
15 15
15 18
15 19
15 21
15 28
15 44
15 45
15 56
15 57
15 92
15 97
16 2
16 3
16 15
16 16
16 19
16 55
16 57
16 64
16 65
16 93
16 94
16 95
16 96
16 98
16 99
17 2
17 4
17 19
17 35
17 36
17 50
17 54
17 60
17 61
17 62
17 63
17 66
17 78
17 80
17 94
17 95
17 99
18 3
18 20
18 21
18 35
18 38
18 39
18 48
18 49
18 50
18 57
18 59
18 60
18 61
18 63
18 64
18 65
18 71
18 76
18 78
18 79
18 80
19 2
19 19
19 20
19 21
19 27
19 28
19 38
19 39
19 47
19 48
19 49
19 50
19 51
19 53
19 57
19 58
19 59
19 62
19 65
19 66
19 69
19 70
19 77
19 78
20 3
20 4
20 5
20 12
20 13
20 26
20 27
20 28
20 29
20 30
20 37
20 38
20 39
20 46
20 47
20 57
20 66
20 67
20 68
20 71
20 82
20 86
20 87
20 96
20 97
21 3
21 4
21 5
21 11
21 14
21 25
21 26
21 27
21 30
21 45
21 46
21 60
21 61
21 66
21 67
21 68
21 80
21 83
21 85
21 87
22 10
22 14
22 15
22 25
22 27
22 28
22 29
22 32
22 49
22 55
22 58
22 60
22 61
22 62
22 64
22 65
22 66
22 80
22 81
22 83
22 84
22 85
22 87
23 0
23 8
23 9
23 23
23 24
23 29
23 30
23 31
23 39
23 54
23 56
23 58
23 63
23 65
23 81
23 82
23 83
23 84
23 98
23 99
24 0
24 8
24 9
24 11
24 12
24 21
24 22
24 23
24 25
24 26
24 28
24 31
24 38
24 40
24 48
24 52
24 58
24 60
24 61
24 65
24 79
24 82
24 83
25 0
25 6
25 7
25 9
25 13
25 20
25 23
25 25
25 28
25 31
25 34
25 35
25 38
25 40
25 49
25 52
25 61
25 62
25 63
25 68
25 69
25 77
25 78
25 82
25 83
26 0
26 6
26 7
26 8
26 10
26 19
26 26
26 27
26 28
26 30
26 31
26 32
26 33
26 35
26 39
26 50
26 51
26 67
26 70
26 78
26 83
26 86
26 87
27 0
27 7
27 14
27 20
27 23
27 26
27 27
27 29
27 31
27 33
27 34
27 50
27 51
27 59
27 61
27 62
27 69
27 91
27 93
28 0
28 7
28 11
28 14
28 21
28 22
28 23
28 27
28 29
28 32
28 52
28 58
28 59
28 61
28 62
28 65
28 79
28 81
28 85
28 86
28 94
29 0
29 9
29 13
29 14
29 15
29 16
29 17
29 18
29 27
29 31
29 32
29 62
29 64
29 68
29 71
29 79
29 83
29 85
29 86
29 90
29 91
29 93
30 6
30 7
30 9
30 17
30 18
30 27
30 51
30 53
30 59
30 67
30 72
30 73
30 80
30 87
30 88
30 92
30 99
31 7
31 8
31 17
31 18
31 27
31 28
31 29
31 33
31 52
31 58
31 60
31 64
31 67
31 72
31 73
31 74
31 75
31 76
31 87
31 88
31 99
32 11
32 12
32 13
32 15
32 16
32 17
32 21
32 27
32 30
32 32
32 46
32 47
32 48
32 58
32 59
32 65
32 66
32 71
32 72
32 73
32 74
32 75
32 76
32 82
32 84
32 85
32 86
32 87
32 88
32 99
33 0
33 15
33 16
33 21
33 40
33 45
33 46
33 59
33 66
33 67
33 83
33 84
33 85
33 86
33 97
33 99
34 0
34 2
34 11
34 12
34 13
34 39
34 40
34 41
34 42
34 43
34 44
34 45
34 46
34 59
34 85
34 98
34 99
35 0
35 1
35 12
35 19
35 41
35 42
35 43
35 44
35 46
35 57
35 58
35 63
35 67
35 99
36 6
36 18
36 38
36 39
36 41
36 63
36 67
36 83
36 85
37 0
37 5
37 19
37 26
37 27
37 40
37 45
37 46
37 47
37 49
37 50
37 52
37 53
37 62
37 67
37 72
37 74
37 84
37 95
37 96
37 97
37 99
38 0
38 1
38 3
38 8
38 25
38 28
38 46
38 49
38 50
38 51
38 53
38 54
38 55
38 71
38 76
38 96
38 97
38 98
39 3
39 5
39 7
39 8
39 27
39 28
39 29
39 44
39 45
39 49
39 55
39 56
39 57
39 59
39 60
39 71
39 75
40 3
40 5
40 6
40 7
40 9
40 10
40 18
40 44
40 45
40 54
40 55
40 56
40 58
40 63
40 64
40 65
40 68
40 69
40 70
40 71
40 72
40 73
40 74
40 97
40 99
41 17
41 18
41 19
41 23
41 36
41 37
41 38
41 43
41 44
41 45
41 48
41 53
41 54
41 55
41 61
41 62
41 68
41 70
41 72
41 83
41 84
41 94
41 97
41 99
42 3
42 16
42 19
42 22
42 23
42 24
42 44
42 45
42 46
42 47
42 61
42 62
42 63
42 71
42 82
42 85
42 94
42 95
43 2
43 6
43 15
43 16
43 17
43 19
43 22
43 25
43 34
43 40
43 45
43 47
43 57
43 58
43 59
43 61
43 62
43 63
43 64
43 69
43 71
43 85
43 94
44 1
44 7
44 10
44 11
44 13
44 16
44 17
44 18
44 19
44 23
44 24
44 34
44 40
44 45
44 46
44 57
44 58
44 71
44 72
44 82
44 83
44 84
45 1
45 8
45 9
45 10
45 11
45 12
45 13
45 18
45 19
45 34
45 40
45 45
45 46
45 63
45 64
45 65
45 66
45 67
45 68
45 71
45 72
45 73
46 4
46 5
46 13
46 21
46 22
46 24
46 46
46 48
46 57
46 63
46 68
46 78
46 96
46 97
46 98
46 99
47 2
47 4
47 7
47 8
47 9
47 11
47 18
47 23
47 36
47 37
47 38
47 52
47 56
47 58
47 63
47 64
47 65
47 74
47 78
47 84
47 85
47 86
48 10
48 11
48 12
48 13
48 15
48 17
48 19
48 46
48 48
48 51
48 53
48 54
48 58
48 64
48 65
48 67
48 68
48 70
48 73
48 74
48 77
48 87
48 88
49 3
49 9
49 10
49 13
49 20
49 36
49 46
49 48
49 61
49 63
49 66
49 67
49 71
49 72
49 74
49 83
49 87
49 88
49 95
50 0
50 5
50 6
50 8
50 9
50 13
50 19
50 35
50 37
50 39
50 40
50 47
50 50
50 61
50 63
50 65
50 66
50 68
50 70
50 71
50 74
50 75
50 88
50 89
50 95
50 97
51 2
51 8
51 9
51 17
51 18
51 34
51 35
51 37
51 39
51 41
51 42
51 55
51 56
51 62
51 63
51 66
51 70
51 80
51 81
51 85
51 87
51 88
51 95
52 34
52 35
52 39
52 41
52 42
52 53
52 56
52 57
52 58
52 59
52 71
52 80
52 82
52 86
52 96
52 97
52 98
52 99
53 6
53 9
53 37
53 39
53 41
53 44
53 48
53 49
53 51
53 54
53 55
53 67
53 69
53 70
53 71
53 72
53 73
53 79
53 82
53 91
53 97
53 98
53 99
54 3
54 4
54 28
54 34
54 39
54 44
54 47
54 55
54 58
54 65
54 66
54 67
54 72
54 73
54 79
54 80
54 91
54 99
55 3
55 23
55 24
55 25
55 27
55 29
55 33
55 36
55 45
55 47
55 57
55 58
55 59
55 68
55 69
55 70
55 73
55 79
55 80
55 81
56 2
56 3
56 6
56 7
56 18
56 20
56 22
56 29
56 30
56 33
56 36
56 60
56 61
56 62
56 67
56 70
56 79
56 84
57 1
57 22
57 30
57 31
57 34
57 35
57 66
57 67
57 69
57 72
57 73
57 79
57 80
57 84
57 86
57 87
57 93
57 97
58 1
58 2
58 3
58 14
58 15
58 21
58 23
58 24
58 28
58 59
58 60
58 67
58 69
58 70
58 71
58 72
58 73
58 84
58 89
58 92
58 94
58 96
58 98
59 0
59 2
59 19
59 20
59 26
59 28
59 32
59 49
59 50
59 59
59 70
59 86
59 89
59 90
59 91
59 92
59 93
59 94
59 95
59 96
59 97
59 99
60 19
60 26
60 31
60 46
60 48
60 49
60 50
60 59
60 70
60 76
60 86
60 91
60 92
60 94
60 95
60 96
61 18
61 19
61 20
61 26
61 27
61 42
61 43
61 46
61 47
61 48
61 51
61 62
61 63
61 65
61 66
61 71
61 89
61 90
61 92
61 95
62 1
62 2
62 3
62 11
62 19
62 21
62 22
62 27
62 29
62 42
62 45
62 46
62 48
62 50
62 51
62 57
62 58
62 60
62 61
62 62
62 63
62 64
62 65
62 66
62 67
62 77
62 78
62 86
62 92
62 96
63 0
63 2
63 3
63 10
63 12
63 13
63 23
63 25
63 26
63 27
63 28
63 39
63 43
63 45
63 48
63 51
63 56
63 59
63 60
63 61
63 62
63 63
63 64
63 65
63 69
63 75
63 77
63 78
63 79
63 80
63 88
63 92
63 95
63 97
63 98
63 99
64 1
64 2
64 10
64 15
64 16
64 23
64 24
64 25
64 27
64 39
64 45
64 48
64 49
64 50
64 55
64 62
64 66
64 70
64 76
64 81
64 87
64 91
64 94
64 98
64 99
65 5
65 6
65 7
65 21
65 22
65 23
65 24
65 25
65 39
65 45
65 46
65 58
65 59
65 60
65 61
65 62
65 66
65 69
65 79
65 90
65 95
65 96
65 97
66 7
66 11
66 16
66 22
66 28
66 29
66 35
66 36
66 52
66 53
66 56
66 58
66 60
66 62
66 66
66 69
66 85
66 86
67 5
67 8
67 12
67 23
67 25
67 26
67 27
67 28
67 34
67 35
67 36
67 37
67 52
67 67
67 80
67 81
67 85
67 86
67 90
67 91
67 92
68 6
68 7
68 8
68 13
68 14
68 15
68 23
68 24
68 25
68 26
68 27
68 33
68 34
68 36
68 38
68 51
68 52
68 53
68 68
68 69
68 71
68 72
68 73
68 79
68 84
68 87
68 90
68 91
68 92
69 0
69 6
69 7
69 24
69 25
69 27
69 32
69 33
69 35
69 37
69 38
69 43
69 55
69 69
69 70
69 80
69 81
69 85
69 88
69 90
69 94
70 0
70 16
70 17
70 19
70 20
70 21
70 27
70 33
70 35
70 37
70 42
70 43
70 66
70 67
70 69
70 72
70 76
70 77
70 82
70 85
70 86
70 88
70 94
71 2
71 17
71 20
71 21
71 25
71 30
71 35
71 45
71 65
71 67
71 68
71 70
71 72
71 76
71 77
71 79
71 85
71 86
71 88
71 91
71 93
71 95
72 0
72 5
72 6
72 7
72 9
72 20
72 21
72 24
72 27
72 28
72 29
72 31
72 45
72 50
72 51
72 52
72 60
72 61
72 62
72 64
72 70
72 71
72 82
72 85
72 86
72 88
72 89
72 96
72 97
72 98
72 99
73 0
73 3
73 5
73 8
73 9
73 20
73 21
73 24
73 25
73 28
73 32
73 45
73 50
73 52
73 59
73 60
73 61
73 62
73 67
73 70
73 71
73 78
73 79
73 80
73 85
73 88
73 91
73 93
73 97
73 98
73 99
74 1
74 5
74 7
74 8
74 16
74 18
74 25
74 26
74 29
74 32
74 42
74 50
74 52
74 58
74 59
74 61
74 67
74 68
74 69
74 71
74 78
74 79
74 86
74 87
74 90
74 92
75 1
75 3
75 6
75 21
75 26
75 28
75 31
75 41
75 43
75 50
75 52
75 53
75 62
75 72
75 90
75 92
76 2
76 5
76 6
76 19
76 20
76 24
76 25
76 29
76 31
76 47
76 50
76 51
76 59
76 60
76 61
76 62
76 72
76 74
76 75
76 91
77 3
77 4
77 5
77 6
77 8
77 45
77 46
77 60
77 73
78 4
78 5
78 6
78 8
78 9
78 10
78 16
78 33
78 36
78 38
78 47
78 49
78 65
78 66
78 67
78 69
78 72
78 73
78 74
79 2
79 4
79 7
79 9
79 10
79 18
79 33
79 36
79 39
79 44
79 46
79 49
79 50
79 65
79 67
79 69
79 71
79 72
79 73
79 75
79 86
79 96
80 2
80 4
80 5
80 7
80 16
80 18
80 38
80 44
80 45
80 46
80 55
80 58
80 59
80 60
80 61
80 62
80 63
80 64
80 69
80 71
80 72
80 74
80 75
80 77
80 82
80 84
80 85
80 96
80 97
80 98
81 2
81 5
81 9
81 10
81 11
81 15
81 27
81 28
81 29
81 35
81 36
81 45
81 46
81 55
81 56
81 60
81 64
81 65
81 71
81 80
81 81
81 82
81 84
81 87
81 98
82 4
82 12
82 16
82 17
82 27
82 33
82 36
82 56
82 60
82 62
82 63
82 64
82 86
82 87
83 7
83 8
83 14
83 27
83 29
83 30
83 31
83 32
83 36
83 57
83 60
83 76
83 77
83 80
83 83
83 84
83 85
83 86
83 98
83 99
84 12
84 13
84 14
84 15
84 16
84 20
84 28
84 29
84 30
84 31
84 32
84 35
84 57
84 60
84 61
84 77
84 78
84 97
84 99
85 9
85 12
85 16
85 18
85 20
85 40
85 41
85 59
85 60
85 67
85 68
85 69
85 75
85 77
85 83
85 84
85 97
86 0
86 9
86 10
86 11
86 24
86 25
86 40
86 41
86 60
86 67
86 70
86 75
86 77
86 89
86 97
87 0
87 24
87 25
87 34
87 67
87 80
87 88
87 90
88 9
88 10
88 11
88 15
88 16
88 33
88 35
88 60
88 63
88 66
88 79
88 81
88 88
88 91
88 92
88 93
88 94
88 98
89 0
89 9
89 10
89 15
89 16
89 17
89 60
89 63
89 64
89 65
89 66
89 67
89 82
89 89
89 90
89 91
89 93
89 94
89 98
89 99
90 1
90 4
90 9
90 10
90 12
90 13
90 16
90 18
90 19
90 26
90 27
90 28
90 33
90 34
90 35
90 42
90 43
90 44
90 60
90 64
90 66
90 67
90 79
90 91
90 93
90 99
91 0
91 2
91 3
91 5
91 6
91 10
91 11
91 12
91 15
91 18
91 19
91 26
91 42
91 43
91 44
91 60
91 64
91 65
91 68
91 70
91 90
92 2
92 5
92 6
92 17
92 26
92 27
92 29
92 60
92 61
92 63
92 64
92 69
92 81
92 83
93 4
93 5
93 6
93 10
93 11
93 28
93 29
93 45
93 46
93 53
93 60
93 61
93 63
93 64
93 80
93 82
93 89
94 10
94 11
94 12
94 14
94 21
94 44
94 52
94 53
94 60
94 71
94 72
94 73
94 80
94 89
94 90
95 14
95 18
95 20
95 22
95 38
95 39
95 45
95 46
95 51
95 54
95 59
95 70
95 74
95 84
95 85
95 89
95 91
96 7
96 13
96 20
96 23
96 38
96 39
96 54
96 58
96 59
96 80
96 88
96 90
96 91
97 6
97 7
97 8
97 14
97 15
97 17
97 18
97 22
97 27
97 31
97 32
97 33
97 36
97 38
97 48
97 49
97 50
97 51
97 54
97 59
97 61
97 62
97 70
97 74
97 79
97 80
97 87
97 90
97 91
98 2
98 3
98 4
98 6
98 18
98 19
98 20
98 21
98 22
98 26
98 37
98 47
98 49
98 52
98 53
98 59
98 60
98 61
98 74
98 82
98 84
98 86
98 90
99 2
99 3
99 5
99 8
99 19
99 22
99 26
99 46
99 47
99 49
99 50
99 60
99 61
99 66
99 73
99 74
99 81
99 83
99 87
99 88
