0 14
0 17
0 86
0 87
0 91
1 15
1 16
1 36
1 37
1 92
1 96
2 35
2 38
2 54
2 56
2 92
2 93
2 95
3 23
3 24
3 36
3 37
3 52
3 54
3 55
3 56
3 57
3 87
3 93
4 11
4 12
4 13
4 22
4 25
4 52
4 56
4 57
4 58
4 91
4 92
5 23
5 25
5 52
5 53
5 54
5 55
5 56
5 57
5 72
5 87
5 88
6 24
6 43
6 44
6 49
6 51
6 58
6 60
6 61
6 71
6 72
6 73
6 74
6 87
7 34
7 35
7 36
7 43
7 44
7 48
7 51
7 52
7 57
7 58
7 59
7 60
7 62
7 70
7 71
7 76
8 30
8 48
8 51
8 52
8 53
8 62
8 68
8 72
8 73
8 74
8 76
9 30
9 54
9 58
9 60
9 61
9 68
9 70
9 71
9 75
10 30
10 59
10 60
10 69
10 70
10 71
13 71
13 72
14 20
14 21
14 35
14 67
14 68
14 70
14 72
15 19
15 22
15 35
15 70
16 19
16 22
16 35
16 67
16 68
16 70
17 20
17 21
17 69
17 70
17 71
18 40
18 41
18 71
19 40
19 41
19 70
19 86
19 87
20 4
20 86
20 87
20 88
21 4
21 12
21 20
21 21
21 69
21 71
21 88
21 89
22 4
22 11
22 12
22 13
22 14
22 20
22 21
22 69
22 71
22 88
22 89
22 90
23 11
23 14
23 52
23 53
23 70
23 86
23 87
23 89
24 10
24 11
24 13
24 52
24 53
24 87
24 88
25 13
25 14
25 18
25 19
26 10
26 13
26 17
26 19
26 37
27 10
27 17
27 18
27 19
27 37
27 53
27 77
27 78
28 14
28 15
28 16
28 18
28 37
28 53
28 77
28 78
29 10
29 13
29 14
29 16
29 17
29 18
29 21
29 53
30 12
30 15
30 19
30 20
30 22
30 73
30 74
31 14
31 16
31 17
31 18
31 20
31 22
31 23
31 59
31 60
31 73
31 75
32 10
32 12
32 13
32 14
32 18
32 19
32 20
32 22
32 23
32 59
32 61
33 8
33 11
33 12
33 18
33 22
33 52
33 54
33 61
33 62
33 74
33 75
34 7
34 13
34 18
34 20
34 21
34 54
34 59
34 61
34 69
34 70
35 1
35 2
35 3
35 7
35 11
35 12
35 18
35 20
35 34
35 35
35 37
35 51
35 55
35 59
35 60
35 69
35 70
35 71
35 97
35 98
35 99
36 0
36 4
36 8
36 9
36 12
36 30
36 31
36 32
36 33
36 34
36 35
36 37
36 38
36 50
36 52
36 54
36 72
36 86
36 97
36 98
36 99
37 5
37 9
37 11
37 30
37 31
37 32
37 33
37 39
37 51
37 54
37 80
37 81
37 82
37 85
37 86
37 87
37 93
37 94
37 95
37 97
37 98
37 99
38 0
38 1
38 5
38 9
38 12
38 33
38 34
38 38
38 40
38 67
38 69
38 73
38 80
38 85
38 98
38 99
39 0
39 3
39 4
39 11
39 13
39 34
39 40
39 68
39 69
39 78
39 79
39 93
39 94
39 97
39 99
40 11
40 12
40 13
40 14
40 36
40 37
40 38
40 39
40 54
40 55
40 56
40 61
40 68
40 69
40 71
40 72
40 80
40 95
40 97
40 99
41 11
41 15
41 38
41 49
41 54
41 55
41 56
41 57
41 58
41 59
41 61
41 70
41 86
41 90
41 91
41 94
41 95
41 97
41 98
41 99
42 0
42 12
42 13
42 14
42 49
42 55
42 58
42 59
42 61
42 85
42 86
42 90
42 91
42 95
42 96
42 99
43 0
43 2
43 13
43 56
43 59
43 84
43 85
43 87
43 89
43 94
43 95
43 96
44 2
44 56
44 59
44 84
44 85
44 86
44 89
44 90
44 96
45 24
45 25
45 58
45 59
45 85
45 88
45 91
45 93
45 95
45 96
46 24
46 25
46 86
46 87
46 92
46 93
46 95
46 96
47 33
47 34
47 35
47 52
47 53
48 33
48 34
48 35
48 52
48 53
49 32
49 34
49 36
49 80
49 81
50 31
50 32
50 36
50 37
50 49
50 50
50 80
50 81
51 31
51 34
51 35
51 37
51 49
51 50
52 34
52 37
53 38
53 89
53 90
53 91
53 92
54 3
54 31
54 38
54 89
54 90
54 93
55 3
55 15
55 16
55 17
55 31
55 38
55 87
55 88
55 91
55 94
55 97
55 98
55 99
56 3
56 32
56 38
56 86
56 89
56 93
56 94
57 37
57 86
57 89
57 90
57 91
57 93
57 94
58 33
58 38
58 86
58 90
58 91
59 46
59 54
59 55
59 88
59 89
59 90
60 35
60 37
60 40
60 41
60 46
60 54
60 55
61 40
61 42
61 46
61 75
61 76
61 91
61 92
62 27
62 28
62 29
62 30
62 41
62 43
62 74
62 77
62 90
62 93
63 26
63 30
63 42
63 74
63 76
63 90
63 91
63 92
64 25
64 75
64 79
64 91
64 92
65 25
65 32
65 33
65 35
65 63
65 64
65 79
65 86
66 25
66 29
66 35
66 63
66 64
66 79
66 85
66 86
66 87
67 26
67 35
67 84
67 88
68 4
68 34
68 50
68 51
68 85
68 86
68 89
69 3
69 4
69 30
69 33
69 50
69 51
69 86
69 87
69 88
70 3
70 4
70 31
70 59
70 63
70 64
70 77
71 5
71 7
71 58
71 59
71 60
71 62
71 77
71 95
72 3
72 4
72 7
72 8
72 57
72 59
72 60
72 63
72 64
72 77
72 95
73 3
73 4
73 7
73 48
73 56
73 57
73 62
73 63
73 66
73 69
73 95
74 3
74 4
74 5
74 40
74 41
74 48
74 57
74 60
74 62
74 63
74 64
74 69
75 4
75 39
75 41
75 42
75 48
75 58
75 63
75 64
75 65
76 3
76 5
76 6
76 13
76 14
76 15
76 20
76 21
76 38
76 39
76 40
76 43
76 44
76 48
76 62
76 65
76 68
77 2
77 3
77 7
77 11
77 12
77 14
77 15
77 18
77 22
77 23
77 39
77 40
77 43
77 46
77 48
77 61
77 67
77 68
78 3
78 4
78 5
78 6
78 8
78 11
78 17
78 18
78 20
78 22
78 23
78 44
78 45
78 48
79 4
79 8
79 11
79 13
79 17
79 18
79 22
79 44
79 45
80 5
80 6
80 7
80 12
80 13
80 17
80 21
80 22
81 5
81 6
81 7
81 14
81 17
81 20
81 21
81 22
81 73
81 74
82 14
82 15
82 18
82 21
82 48
82 49
82 50
82 72
82 75
82 99
83 6
83 7
83 8
83 14
83 15
83 17
83 18
83 20
83 44
83 46
83 47
83 50
83 73
83 74
83 99
84 6
84 8
84 16
84 17
84 18
84 19
84 41
84 42
84 47
84 79
84 87
84 88
84 99
85 6
85 8
85 17
85 18
85 47
85 52
85 79
85 90
86 7
86 8
86 10
86 11
86 44
86 46
86 56
86 57
86 79
86 87
86 88
86 89
86 90
86 91
87 8
87 10
87 43
87 44
87 47
87 48
87 49
87 51
87 55
87 58
87 82
87 89
87 90
87 91
88 9
88 24
88 25
88 43
88 44
88 46
88 50
88 51
88 52
88 56
88 57
88 81
89 23
89 26
89 44
89 46
89 47
89 72
89 81
89 82
89 83
90 24
90 25
90 63
90 64
90 69
90 73
91 47
91 63
91 64
91 65
91 66
91 73
92 45
92 47
92 62
92 67
92 69
92 70
92 72
92 73
93 3
93 44
93 45
93 61
93 71
93 72
94 3
94 13
94 14
94 45
94 46
94 47
94 62
94 63
94 66
94 67
94 68
94 69
94 70
95 5
95 6
95 13
95 14
95 46
95 48
95 63
95 64
95 65
95 67
95 70
95 86
95 88
96 6
96 7
96 47
96 68
96 69
96 86
96 93
97 5
97 7
97 80
97 81
97 85
97 89
97 90
97 91
97 93
97 94
98 6
98 25
98 26
98 80
98 81
98 90
98 92
98 93
98 94
99 15
99 16
99 25
99 26
99 85
99 87
99 88
99 89
99 92
