0 14
0 17
0 60
0 66
0 80
0 83
0 93
0 94
0 99
1 15
1 16
1 36
1 37
1 61
1 65
1 81
1 82
2 0
2 35
2 38
2 61
2 65
2 94
3 0
3 12
3 23
3 24
3 36
3 37
3 56
3 57
3 58
3 63
4 12
4 22
4 25
4 55
4 59
4 95
4 99
5 12
5 23
5 25
5 54
5 60
5 66
5 67
5 68
5 86
5 87
5 88
5 96
5 97
6 24
6 35
6 43
6 44
6 54
6 60
6 93
6 94
6 95
7 35
7 43
7 44
7 54
7 60
7 66
7 68
8 35
8 55
8 67
9 29
9 30
9 31
9 56
9 60
9 62
9 64
9 72
9 73
10 57
10 60
10 62
10 64
10 71
10 72
11 58
11 60
11 62
11 64
11 65
11 71
11 72
11 73
12 61
12 65
12 72
12 74
12 75
13 65
13 67
13 74
13 75
14 66
14 70
14 74
14 90
14 91
14 92
15 18
15 19
15 34
15 35
15 36
15 70
15 83
16 19
16 20
16 65
16 66
16 70
16 73
16 82
16 83
16 94
17 20
17 21
17 64
17 65
17 66
17 67
17 70
17 71
17 72
17 81
17 83
17 94
18 15
18 16
18 40
18 41
18 64
18 67
18 68
18 80
18 81
18 87
18 88
18 94
19 20
19 40
19 41
19 66
19 70
19 81
19 82
19 83
19 84
19 87
20 14
20 18
20 20
20 21
20 23
20 66
20 67
20 68
20 69
20 73
20 74
20 83
20 85
20 86
20 90
20 91
20 92
21 3
21 4
21 5
21 13
21 18
21 21
21 24
21 66
21 67
21 69
21 82
21 86
22 13
22 14
22 16
22 17
22 18
22 25
22 66
22 83
22 84
23 10
23 11
23 19
23 25
23 52
23 53
23 65
23 66
23 75
23 76
24 19
24 24
24 25
24 52
24 53
24 64
24 65
24 66
25 10
25 13
25 20
25 24
25 65
25 67
25 68
26 10
26 13
26 24
26 65
26 69
26 77
27 17
27 18
27 19
27 21
27 24
27 36
27 37
27 38
27 66
27 68
27 74
27 75
27 76
27 77
27 78
28 17
28 20
28 24
28 52
28 53
28 54
28 67
28 79
28 84
28 85
29 11
29 13
29 18
29 21
29 23
29 77
29 78
30 9
30 10
30 13
30 14
30 22
30 84
30 85
31 9
31 13
31 65
31 66
31 78
31 80
31 83
31 84
31 86
31 87
31 89
31 90
32 9
32 12
32 65
32 66
32 78
32 79
32 80
32 81
32 82
32 89
32 90
33 10
33 11
33 12
33 18
33 78
33 79
33 80
33 81
33 82
33 83
33 90
34 11
34 18
34 22
34 58
34 59
34 60
34 77
34 78
34 82
34 83
34 84
34 85
34 87
34 88
35 4
35 5
35 7
35 8
35 9
35 11
35 12
35 13
35 17
35 22
35 29
35 30
35 31
35 77
35 78
36 7
36 9
36 14
36 17
36 18
36 20
36 21
36 29
36 30
36 32
36 56
36 62
37 2
37 3
37 5
37 9
37 11
37 15
37 17
37 20
37 31
37 32
37 33
37 56
37 62
38 2
38 3
38 5
38 7
38 9
38 14
38 18
38 56
38 62
39 3
39 6
39 7
39 8
39 10
39 11
39 12
39 19
39 20
39 21
39 32
40 7
40 9
40 12
40 44
40 45
40 47
40 48
40 58
40 59
40 60
41 6
41 7
41 9
41 10
41 12
41 13
41 31
41 32
41 44
41 47
42 6
42 7
42 9
42 10
42 11
42 13
42 14
42 44
42 45
42 46
42 47
43 0
43 10
43 11
43 13
43 14
43 31
43 32
43 33
43 85
43 86
43 98
43 99
44 0
44 85
44 86
44 97
44 98
44 99
45 0
45 1
45 24
45 25
45 96
45 97
46 0
46 24
46 25
46 97
46 99
47 0
47 90
47 91
47 92
47 98
47 99
48 99
49 80
49 81
50 80
50 81
51 37
51 50
51 51
52 36
52 37
52 38
52 50
52 52
53 35
53 36
53 37
53 38
53 39
53 51
54 35
54 36
54 40
54 98
55 2
55 3
55 4
55 16
55 36
55 37
55 40
55 41
55 42
55 98
56 15
56 16
56 17
56 37
56 38
56 40
56 42
56 54
56 98
57 15
57 16
57 17
57 38
57 39
57 40
57 41
57 42
57 43
57 53
57 55
57 85
58 14
58 15
58 17
58 18
58 34
58 35
58 39
58 40
58 43
58 52
58 56
58 84
58 85
58 86
59 33
59 41
59 43
59 51
59 54
59 56
59 57
59 83
59 84
59 86
59 87
60 33
60 35
60 36
60 41
60 52
60 53
60 56
60 57
60 87
60 88
61 16
61 32
61 33
61 35
61 42
61 43
61 52
61 53
61 54
61 56
61 87
61 88
61 89
62 16
62 33
62 35
62 37
62 42
62 43
62 87
62 88
63 15
63 17
63 33
63 39
63 40
63 41
63 83
63 84
63 86
63 87
64 16
64 34
64 36
64 37
64 77
64 84
64 85
64 86
65 16
65 35
65 76
65 78
65 85
66 17
66 75
66 79
67 17
67 18
67 36
67 60
67 62
67 76
67 78
67 79
67 80
68 17
68 18
68 35
68 37
68 50
68 51
68 60
68 61
68 63
68 70
68 71
68 76
68 77
68 79
68 81
69 35
69 37
69 50
69 51
69 57
69 70
69 71
69 75
69 76
69 77
69 79
69 82
69 87
69 88
69 89
70 36
70 56
70 58
70 64
70 69
70 71
70 82
70 90
71 20
71 21
71 23
71 24
71 26
71 27
71 28
71 59
71 61
71 69
71 70
71 73
71 76
71 82
71 87
72 21
72 22
72 26
72 27
72 28
72 29
72 30
72 60
72 63
72 73
72 76
72 78
72 82
72 94
72 95
72 96
73 20
73 22
73 26
73 30
73 57
73 76
73 77
73 78
73 79
73 82
73 83
74 22
74 29
74 31
74 58
74 59
74 61
74 78
74 80
74 81
74 83
74 89
74 90
74 92
75 8
75 9
75 11
75 12
75 28
75 29
75 30
75 31
75 32
75 60
75 66
75 67
75 76
75 77
75 80
75 83
75 85
75 87
75 92
76 9
76 12
76 15
76 16
76 21
76 29
76 30
76 65
76 68
76 80
76 92
77 10
77 12
77 17
77 18
77 21
77 30
77 65
77 67
77 68
77 79
78 11
78 18
78 22
78 30
78 64
78 65
78 67
78 69
78 79
78 81
79 10
79 12
79 13
79 14
79 15
79 16
79 17
79 22
79 29
79 69
79 71
79 72
79 80
79 81
80 11
80 17
80 22
80 28
80 29
80 68
80 69
80 70
80 72
80 73
81 14
81 15
81 16
81 21
81 22
81 26
81 27
81 70
81 71
81 73
81 74
81 75
82 12
82 17
82 22
82 26
82 71
82 76
82 85
82 86
83 0
83 12
83 13
83 14
83 17
83 25
83 51
83 70
83 73
83 75
83 76
83 77
83 84
83 86
83 98
83 99
84 13
84 16
84 46
84 47
84 48
84 49
84 50
84 52
84 71
84 73
84 75
84 76
84 85
85 13
85 14
85 15
85 38
85 39
85 46
85 50
85 51
85 56
85 74
85 75
86 38
86 39
86 47
86 49
86 52
86 54
86 55
86 56
86 72
86 73
86 74
86 75
86 76
86 80
87 50
87 51
87 52
87 54
87 55
87 56
87 73
87 74
87 75
87 76
87 78
87 81
87 87
87 88
87 89
88 24
88 25
88 50
88 51
88 52
88 75
88 77
88 78
88 79
88 81
88 86
88 90
89 23
89 26
89 76
89 77
89 86
89 87
89 89
89 90
90 24
90 25
90 77
90 78
90 79
90 80
90 86
90 91
91 77
91 87
91 88
91 90
91 91
92 46
92 87
92 91
93 46
93 76
93 77
93 81
93 83
93 88
93 89
93 90
94 13
94 14
94 46
94 75
94 77
94 78
94 80
94 83
95 2
95 3
95 13
95 14
95 73
95 74
95 80
95 81
95 85
96 1
96 4
96 63
96 64
96 71
96 72
96 73
96 74
96 77
96 80
96 83
96 93
96 95
97 2
97 3
97 62
97 65
97 70
97 71
97 73
97 74
97 75
97 76
97 77
97 79
97 80
97 83
97 85
97 92
97 96
98 7
98 8
98 25
98 26
98 62
98 72
98 77
98 79
98 84
98 92
99 7
99 8
99 15
99 16
99 25
99 26
99 61
99 62
99 63
99 66
99 78
99 79
99 81
99 82
99 92
99 96
