0 1
0 2
0 3
0 4
0 11
0 13
0 16
0 17
0 19
0 20
0 22
0 23
0 24
0 27
0 28
0 30
0 35
0 36
0 39
0 41
0 45
0 49
0 52
0 58
0 64
0 65
0 67
0 84
0 86
0 93
0 97
0 98
1 0
1 5
1 8
1 9
1 11
1 12
1 17
1 18
1 22
1 23
1 24
1 29
1 31
1 36
1 37
1 38
1 43
1 45
1 47
1 53
1 55
1 59
1 60
1 62
1 66
1 67
1 69
1 74
1 75
1 76
1 77
1 84
1 85
1 87
1 88
1 91
1 92
2 0
2 2
2 3
2 5
2 7
2 11
2 13
2 14
2 15
2 16
2 18
2 21
2 28
2 29
2 36
2 37
2 38
2 47
2 48
2 55
2 57
2 64
2 66
2 67
2 74
2 76
2 83
2 85
2 88
2 89
2 90
2 97
2 98
3 0
3 2
3 5
3 6
3 10
3 11
3 16
3 17
3 19
3 20
3 25
3 32
3 33
3 34
3 46
3 48
3 55
3 62
3 66
3 70
3 74
3 76
3 77
3 80
3 81
3 83
3 84
3 85
3 86
3 91
3 92
4 0
4 1
4 5
4 15
4 18
4 20
4 25
4 28
4 29
4 31
4 32
4 34
4 39
4 49
4 51
4 52
4 53
4 54
4 55
4 59
4 61
4 65
4 66
4 67
4 72
4 74
4 75
4 76
4 77
4 78
4 79
4 80
4 81
4 83
4 95
4 97
4 98
4 99
5 0
5 9
5 10
5 11
5 16
5 20
5 29
5 30
5 31
5 37
5 40
5 44
5 45
5 47
5 48
5 49
5 50
5 51
5 52
5 53
5 54
5 55
5 59
5 60
5 61
5 64
5 70
5 71
5 75
5 77
5 78
5 84
5 85
5 86
5 94
5 97
6 1
6 2
6 3
6 4
6 5
6 7
6 8
6 10
6 11
6 16
6 23
6 29
6 30
6 40
6 42
6 49
6 50
6 58
6 62
6 63
6 68
6 69
6 70
6 76
6 78
6 89
6 90
6 91
6 97
6 99
7 1
7 6
7 8
7 10
7 12
7 13
7 14
7 17
7 20
7 25
7 30
7 31
7 42
7 43
7 44
7 45
7 46
7 47
7 53
7 54
7 55
7 60
7 70
7 76
7 77
7 81
7 89
7 90
7 92
7 97
7 99
8 1
8 10
8 12
8 13
8 14
8 17
8 18
8 19
8 31
8 38
8 43
8 44
8 45
8 46
8 51
8 53
8 54
8 60
8 61
8 63
8 69
8 71
8 74
8 85
9 1
9 3
9 6
9 19
9 27
9 37
9 38
9 40
9 44
9 45
9 50
9 52
9 54
9 55
9 62
9 64
9 66
9 71
9 74
9 78
9 79
9 83
9 86
9 89
9 90
9 91
9 92
10 3
10 4
10 9
10 17
10 18
10 19
10 26
10 27
10 35
10 36
10 37
10 38
10 39
10 40
10 41
10 43
10 45
10 47
10 49
10 50
10 51
10 52
10 54
10 55
10 64
10 71
10 72
10 74
10 76
10 78
10 79
10 80
10 83
10 86
10 91
10 94
10 95
10 97
11 2
11 3
11 9
11 10
11 16
11 20
11 21
11 24
11 25
11 26
11 29
11 34
11 35
11 37
11 40
11 42
11 44
11 45
11 46
11 48
11 49
11 51
11 52
11 53
11 54
11 62
11 63
11 67
11 70
11 77
11 80
11 82
11 83
11 96
11 99
12 0
12 2
12 3
12 4
12 10
12 11
12 12
12 15
12 20
12 22
12 23
12 24
12 25
12 26
12 27
12 34
12 37
12 38
12 40
12 44
12 47
12 48
12 52
12 61
12 62
12 63
12 68
12 74
12 77
12 82
12 84
12 99
13 7
13 12
13 14
13 20
13 21
13 23
13 29
13 34
13 36
13 38
13 39
13 43
13 44
13 48
13 49
13 50
13 51
13 53
13 54
13 57
13 62
13 63
13 64
13 65
13 67
13 69
13 70
13 71
13 74
13 94
13 96
13 98
13 99
14 4
14 7
14 9
14 10
14 11
14 13
14 15
14 20
14 21
14 22
14 25
14 26
14 28
14 29
14 34
14 36
14 37
14 38
14 44
14 46
14 50
14 51
14 52
14 59
14 64
14 65
14 67
14 70
14 72
14 77
14 86
14 96
14 97
14 99
15 1
15 2
15 7
15 9
15 12
15 13
15 15
15 20
15 22
15 28
15 29
15 33
15 34
15 37
15 38
15 44
15 45
15 47
15 49
15 54
15 61
15 67
15 69
15 70
15 71
15 72
15 78
15 85
15 89
15 96
15 98
15 99
16 0
16 1
16 7
16 9
16 10
16 12
16 16
16 17
16 18
16 21
16 22
16 24
16 29
16 33
16 34
16 37
16 41
16 43
16 45
16 47
16 48
16 49
16 51
16 52
16 53
16 54
16 56
16 60
16 61
16 62
16 63
16 64
16 66
16 68
16 77
16 84
16 85
16 87
16 89
16 90
16 96
16 98
17 5
17 9
17 12
17 16
17 17
17 21
17 22
17 27
17 28
17 29
17 30
17 31
17 32
17 33
17 38
17 43
17 45
17 47
17 48
17 58
17 60
17 65
17 68
17 69
17 71
17 84
17 91
17 95
17 96
17 97
17 99
18 0
18 1
18 2
18 4
18 9
18 10
18 11
18 17
18 19
18 21
18 22
18 30
18 31
18 32
18 38
18 40
18 41
18 43
18 45
18 48
18 49
18 51
18 52
18 54
18 55
18 56
18 57
18 63
18 65
18 69
18 70
18 71
18 77
18 80
18 84
18 85
18 87
18 88
18 91
18 92
18 94
18 97
18 98
18 99
19 3
19 7
19 8
19 19
19 20
19 23
19 26
19 27
19 29
19 33
19 34
19 48
19 52
19 58
19 59
19 64
19 68
19 69
19 70
19 71
19 76
19 80
19 89
19 90
19 91
19 92
19 95
19 96
19 99
20 1
20 2
20 4
20 5
20 28
20 29
20 33
20 35
20 38
20 40
20 49
20 50
20 52
20 55
20 56
20 58
20 59
20 61
20 64
20 66
20 68
20 73
20 74
20 75
20 79
20 81
20 82
20 88
20 89
20 91
20 94
20 97
20 98
21 2
21 5
21 15
21 17
21 18
21 30
21 32
21 33
21 34
21 36
21 38
21 46
21 47
21 48
21 49
21 51
21 52
21 53
21 54
21 56
21 61
21 62
21 63
21 64
21 65
21 67
21 72
21 80
21 88
21 90
21 91
21 95
21 96
21 97
22 0
22 4
22 5
22 9
22 13
22 14
22 16
22 27
22 28
22 33
22 34
22 36
22 42
22 44
22 45
22 47
22 71
22 72
22 78
22 80
22 81
22 85
22 89
22 90
22 91
22 95
22 96
22 98
23 4
23 6
23 7
23 10
23 11
23 14
23 16
23 18
23 21
23 22
23 28
23 30
23 39
23 41
23 42
23 43
23 44
23 51
23 52
23 54
23 56
23 62
23 63
23 70
23 76
23 77
23 78
23 79
23 99
24 3
24 5
24 6
24 8
24 9
24 11
24 13
24 14
24 16
24 18
24 22
24 24
24 25
24 27
24 28
24 30
24 41
24 44
24 51
24 56
24 58
24 59
24 62
24 63
24 71
24 73
24 84
24 85
24 86
25 2
25 6
25 7
25 10
25 12
25 15
25 25
25 30
25 32
25 38
25 39
25 44
25 47
25 54
25 55
25 61
25 62
25 70
25 71
25 73
25 78
25 83
25 87
25 91
25 92
25 93
26 0
26 6
26 12
26 18
26 21
26 22
26 26
26 31
26 32
26 44
26 46
26 55
26 59
26 63
26 64
26 66
26 76
26 77
26 78
26 95
27 1
27 4
27 6
27 12
27 13
27 19
27 27
27 33
27 37
27 38
27 40
27 41
27 45
27 46
27 52
27 53
27 56
27 61
27 62
27 67
27 75
27 76
27 77
27 90
27 96
27 98
27 99
28 6
28 9
28 10
28 12
28 13
28 18
28 19
28 22
28 23
28 25
28 26
28 27
28 28
28 34
28 35
28 38
28 39
28 46
28 53
28 54
28 55
28 56
28 57
28 58
28 59
28 63
28 67
28 74
28 76
28 77
28 79
28 80
28 81
28 87
28 88
28 97
28 98
29 3
29 5
29 6
29 7
29 19
29 21
29 23
29 30
29 34
29 35
29 39
29 41
29 52
29 54
29 55
29 56
29 61
29 65
29 67
29 70
29 71
29 72
29 75
29 77
29 79
29 80
29 81
29 88
29 90
29 91
29 92
29 93
29 96
29 97
30 2
30 3
30 5
30 23
30 24
30 25
30 26
30 27
30 30
30 32
30 38
30 39
30 41
30 52
30 54
30 56
30 57
30 59
30 61
30 62
30 63
30 66
30 71
30 72
30 75
30 81
30 97
31 0
31 2
31 3
31 4
31 5
31 9
31 15
31 17
31 18
31 23
31 24
31 26
31 27
31 31
31 38
31 39
31 41
31 42
31 49
31 50
31 52
31 55
31 56
31 60
31 67
31 71
31 84
31 86
31 87
31 90
32 3
32 5
32 7
32 9
32 10
32 11
32 12
32 14
32 17
32 24
32 26
32 30
32 31
32 38
32 39
32 42
32 43
32 45
32 48
32 49
32 51
32 54
32 56
32 60
32 63
32 71
32 72
32 73
32 75
32 84
32 96
32 99
33 5
33 7
33 11
33 14
33 16
33 19
33 21
33 27
33 28
33 32
33 38
33 40
33 41
33 42
33 46
33 47
33 48
33 53
33 54
33 56
33 59
33 60
33 63
33 64
33 68
33 69
33 70
33 73
33 74
33 83
33 90
33 96
33 97
33 98
34 4
34 9
34 10
34 16
34 18
34 19
34 21
34 29
34 30
34 31
34 33
34 41
34 42
34 43
34 44
34 47
34 48
34 54
34 62
34 63
34 73
34 74
34 76
34 83
34 90
34 92
34 95
35 0
35 2
35 4
35 5
35 6
35 7
35 8
35 10
35 15
35 16
35 17
35 18
35 20
35 21
35 28
35 29
35 32
35 37
35 41
35 43
35 46
35 47
35 48
35 63
35 69
35 70
35 71
35 74
35 75
35 76
35 83
35 84
35 86
35 88
35 90
35 92
35 95
35 98
35 99
36 0
36 5
36 10
36 15
36 18
36 26
36 27
36 28
36 30
36 31
36 33
36 34
36 35
36 37
36 41
36 42
36 45
36 49
36 55
36 57
36 59
36 60
36 61
36 63
36 68
36 74
36 75
36 84
36 86
36 94
36 95
37 0
37 5
37 6
37 7
37 9
37 10
37 14
37 15
37 17
37 18
37 20
37 25
37 27
37 31
37 32
37 35
37 38
37 45
37 46
37 47
37 49
37 56
37 63
37 64
37 68
37 71
37 74
37 75
37 77
37 78
37 95
37 99
38 0
38 4
38 10
38 14
38 15
38 16
38 17
38 22
38 26
38 35
38 37
38 41
38 43
38 44
38 49
38 51
38 52
38 53
38 55
38 56
38 57
38 58
38 63
38 71
38 72
38 79
38 85
38 86
38 87
38 88
38 93
38 94
38 96
39 3
39 7
39 9
39 10
39 15
39 17
39 19
39 35
39 36
39 37
39 43
39 44
39 46
39 47
39 49
39 51
39 52
39 53
39 55
39 57
39 60
39 65
39 66
39 68
39 71
39 73
39 79
39 85
39 86
39 87
39 88
39 91
39 93
39 95
39 98
40 1
40 16
40 17
40 35
40 49
40 53
40 58
40 59
40 61
40 62
40 64
40 65
40 66
40 70
40 71
40 72
40 83
40 84
40 89
40 90
40 91
40 93
40 96
40 98
41 4
41 7
41 8
41 9
41 11
41 13
41 17
41 18
41 35
41 44
41 45
41 47
41 48
41 49
41 53
41 54
41 57
41 58
41 59
41 60
41 67
41 70
41 71
41 72
41 73
41 76
41 78
41 79
41 83
41 92
41 95
41 98
42 2
42 4
42 6
42 11
42 14
42 15
42 16
42 17
42 36
42 37
42 44
42 45
42 46
42 48
42 49
42 60
42 61
42 62
42 63
42 64
42 66
42 67
42 68
42 70
42 75
42 77
42 82
42 84
42 93
42 95
42 98
42 99
43 0
43 2
43 5
43 7
43 8
43 9
43 10
43 12
43 13
43 14
43 36
43 37
43 51
43 53
43 54
43 55
43 56
43 57
43 60
43 61
43 62
43 64
43 66
43 67
43 69
43 77
43 81
43 82
43 83
43 89
43 90
43 94
43 98
44 10
44 11
44 15
44 16
44 27
44 28
44 29
44 30
44 37
44 38
44 50
44 51
44 53
44 68
44 70
44 77
44 78
44 85
44 89
44 90
44 96
45 3
45 4
45 7
45 10
45 12
45 14
45 15
45 17
45 31
45 51
45 52
45 55
45 76
45 79
45 87
45 90
46 8
46 11
46 12
46 14
46 15
46 18
46 22
46 23
46 24
46 25
46 29
46 30
46 31
46 36
46 46
46 47
46 48
46 49
46 50
46 53
46 55
46 56
46 57
46 58
46 72
46 73
46 77
46 78
46 85
46 87
46 89
46 95
46 96
47 2
47 11
47 15
47 20
47 21
47 23
47 24
47 27
47 33
47 34
47 36
47 37
47 41
47 42
47 45
47 48
47 53
47 55
47 56
47 58
47 60
47 61
47 63
47 73
47 74
47 77
47 85
47 89
48 0
48 2
48 3
48 9
48 11
48 12
48 15
48 18
48 21
48 25
48 26
48 30
48 31
48 32
48 33
48 38
48 39
48 40
48 41
48 42
48 46
48 48
48 50
48 55
48 57
48 60
48 61
48 64
48 72
48 73
48 77
48 78
48 79
48 81
48 90
48 92
48 98
49 2
49 10
49 17
49 20
49 23
49 25
49 26
49 31
49 36
49 38
49 40
49 43
49 44
49 47
49 49
49 50
49 52
49 56
49 57
49 58
49 61
49 63
49 70
49 71
49 76
49 88
49 93
49 94
49 95
49 96
50 1
50 2
50 3
50 5
50 7
50 8
50 14
50 15
50 17
50 18
50 20
50 22
50 25
50 30
50 31
50 32
50 36
50 37
50 40
50 41
50 42
50 43
50 51
50 52
50 60
50 63
50 64
50 68
50 70
50 71
50 72
50 75
50 93
50 96
51 0
51 1
51 6
51 9
51 10
51 11
51 12
51 14
51 18
51 20
51 30
51 31
51 37
51 42
51 43
51 44
51 51
51 52
51 55
51 56
51 57
51 59
51 69
51 74
51 76
51 79
51 82
51 83
51 84
51 85
51 86
51 87
51 89
51 90
51 92
51 95
51 96
51 98
52 0
52 1
52 2
52 3
52 12
52 13
52 15
52 16
52 17
52 19
52 20
52 22
52 29
52 30
52 31
52 37
52 40
52 44
52 47
52 49
52 51
52 52
52 53
52 54
52 57
52 61
52 62
52 66
52 67
52 73
52 74
52 81
52 85
52 87
52 88
52 90
52 91
52 95
52 96
52 97
52 99
53 2
53 7
53 8
53 9
53 11
53 13
53 14
53 15
53 17
53 19
53 20
53 21
53 26
53 27
53 28
53 29
53 30
53 42
53 43
53 45
53 46
53 47
53 49
53 51
53 53
53 54
53 55
53 56
53 57
53 67
53 68
53 73
53 75
53 77
53 78
53 79
53 91
53 96
54 0
54 7
54 9
54 11
54 15
54 16
54 17
54 18
54 21
54 22
54 23
54 27
54 29
54 31
54 32
54 36
54 37
54 39
54 40
54 42
54 43
54 44
54 45
54 47
54 49
54 50
54 57
54 58
54 59
54 62
54 68
54 70
54 71
54 73
54 78
54 87
54 89
54 95
54 97
55 2
55 3
55 6
55 9
55 10
55 12
55 20
55 27
55 28
55 29
55 40
55 42
55 45
55 46
55 49
55 50
55 52
55 58
55 59
55 60
55 63
55 64
55 67
55 69
55 70
55 71
55 73
55 80
55 86
55 88
55 92
55 95
56 2
56 4
56 8
56 13
56 19
56 20
56 21
56 29
56 36
56 39
56 44
56 48
56 50
56 51
56 52
56 57
56 62
56 69
56 70
56 79
56 87
56 91
56 92
56 94
56 97
57 9
57 10
57 18
57 20
57 21
57 35
57 39
57 43
57 44
57 48
57 50
57 53
57 57
57 63
57 64
57 70
57 71
57 74
57 75
57 80
57 81
57 83
57 91
57 93
58 0
58 1
58 2
58 3
58 4
58 9
58 10
58 11
58 17
58 19
58 22
58 26
58 30
58 31
58 35
58 39
58 44
58 45
58 48
58 50
58 55
58 58
58 64
58 65
58 67
58 69
58 70
58 71
58 73
58 74
58 75
58 80
58 81
58 82
58 83
58 84
58 88
58 89
58 92
58 93
58 97
59 0
59 1
59 2
59 3
59 4
59 5
59 7
59 11
59 12
59 16
59 17
59 20
59 21
59 23
59 24
59 26
59 28
59 31
59 35
59 36
59 37
59 44
59 45
59 47
59 48
59 49
59 52
59 53
59 54
59 60
59 72
59 77
59 82
59 87
59 89
59 92
59 96
60 1
60 6
60 7
60 9
60 13
60 16
60 17
60 18
60 20
60 27
60 29
60 31
60 35
60 44
60 45
60 47
60 48
60 51
60 64
60 66
60 68
60 69
60 70
60 71
60 77
60 83
60 95
60 96
61 0
61 2
61 5
61 6
61 7
61 13
61 26
61 34
61 35
61 47
61 48
61 50
61 51
61 53
61 56
61 57
61 58
61 59
61 63
61 66
61 68
61 83
61 86
61 87
61 88
61 89
61 92
61 95
61 96
61 98
62 1
62 6
62 7
62 12
62 15
62 16
62 18
62 20
62 26
62 31
62 34
62 35
62 37
62 38
62 45
62 48
62 51
62 57
62 66
62 67
62 68
62 69
62 83
62 90
62 91
62 92
62 95
62 96
62 97
62 99
63 1
63 3
63 4
63 7
63 13
63 14
63 15
63 16
63 17
63 18
63 19
63 20
63 27
63 30
63 33
63 34
63 38
63 45
63 46
63 48
63 49
63 51
63 52
63 53
63 58
63 59
63 68
63 69
63 72
63 73
63 84
63 85
63 86
63 87
63 88
63 89
63 90
63 91
63 92
64 2
64 4
64 7
64 12
64 14
64 24
64 25
64 29
64 30
64 39
64 44
64 46
64 51
64 55
64 56
64 60
64 62
64 63
64 71
64 72
64 74
64 78
64 83
64 87
64 89
64 90
65 3
65 9
65 13
65 14
65 19
65 24
65 25
65 27
65 29
65 31
65 33
65 39
65 40
65 47
65 51
65 52
65 54
65 63
65 74
65 76
65 77
65 80
65 81
65 83
65 86
65 89
65 90
65 92
66 3
66 4
66 5
66 15
66 16
66 17
66 18
66 19
66 21
66 23
66 31
66 33
66 34
66 35
66 37
66 47
66 51
66 67
66 68
66 69
66 73
66 74
66 77
66 81
66 83
66 85
66 87
66 88
66 89
66 94
66 96
67 4
67 6
67 12
67 15
67 21
67 25
67 26
67 28
67 32
67 38
67 39
67 40
67 48
67 58
67 65
67 66
67 67
67 68
67 69
67 76
67 83
67 85
67 90
67 93
67 94
67 95
67 96
67 97
68 0
68 4
68 6
68 12
68 16
68 19
68 23
68 24
68 25
68 26
68 28
68 30
68 34
68 35
68 42
68 44
68 46
68 52
68 53
68 54
68 56
68 58
68 61
68 64
68 65
68 66
68 67
68 74
68 75
68 77
68 78
68 79
68 83
68 90
68 93
68 95
68 97
68 99
69 0
69 10
69 12
69 14
69 20
69 24
69 28
69 29
69 33
69 34
69 35
69 45
69 46
69 48
69 50
69 52
69 53
69 55
69 59
69 61
69 66
69 67
69 68
69 69
69 75
69 81
69 82
69 83
69 84
69 90
69 91
69 93
69 94
69 97
70 0
70 2
70 3
70 4
70 6
70 7
70 8
70 9
70 17
70 25
70 27
70 28
70 29
70 30
70 31
70 34
70 35
70 41
70 46
70 57
70 58
70 59
70 63
70 64
70 66
70 68
70 70
70 71
70 75
70 76
70 84
70 91
70 92
70 93
70 94
70 97
70 98
70 99
71 3
71 4
71 6
71 17
71 18
71 20
71 26
71 29
71 30
71 32
71 33
71 34
71 41
71 45
71 47
71 48
71 49
71 52
71 53
71 58
71 61
71 63
71 66
71 70
71 84
71 87
71 90
71 91
71 92
71 93
71 96
71 97
71 98
72 2
72 3
72 7
72 8
72 16
72 18
72 20
72 22
72 23
72 24
72 25
72 26
72 28
72 29
72 32
72 33
72 34
72 41
72 48
72 49
72 51
72 52
72 58
72 64
72 66
72 67
72 69
72 70
72 71
72 85
72 86
72 88
72 90
72 91
72 94
72 96
73 1
73 2
73 3
73 4
73 5
73 7
73 15
73 16
73 20
73 27
73 29
73 43
73 44
73 47
73 48
73 53
73 54
73 58
73 60
73 61
73 63
73 64
73 65
73 69
73 70
73 71
73 72
73 73
73 74
73 75
73 77
73 82
73 88
73 94
73 95
73 96
74 2
74 7
74 9
74 14
74 15
74 18
74 19
74 29
74 38
74 48
74 50
74 54
74 56
74 58
74 59
74 60
74 61
74 62
74 63
74 69
74 70
74 71
74 72
74 73
74 74
74 76
74 77
74 79
74 80
74 83
74 84
74 88
74 93
74 94
74 95
75 3
75 8
75 9
75 11
75 13
75 14
75 15
75 17
75 19
75 25
75 27
75 28
75 29
75 36
75 37
75 38
75 42
75 48
75 49
75 50
75 51
75 52
75 53
75 55
75 57
75 61
75 62
75 63
75 73
75 77
75 79
75 83
75 85
75 86
75 89
75 93
75 94
75 95
75 96
76 3
76 9
76 11
76 13
76 14
76 17
76 18
76 24
76 25
76 26
76 30
76 32
76 37
76 39
76 40
76 41
76 47
76 48
76 54
76 55
76 57
76 61
76 71
76 76
76 77
76 78
76 83
76 96
76 97
76 98
77 0
77 1
77 3
77 4
77 6
77 7
77 14
77 19
77 20
77 24
77 30
77 32
77 34
77 35
77 37
77 40
77 41
77 43
77 47
77 49
77 50
77 55
77 60
77 66
77 67
77 68
77 69
77 70
77 75
77 76
77 77
77 78
77 83
77 87
77 91
77 92
77 93
77 97
77 98
78 1
78 3
78 7
78 11
78 12
78 13
78 14
78 15
78 16
78 19
78 20
78 26
78 27
78 35
78 40
78 42
78 43
78 45
78 47
78 51
78 52
78 56
78 57
78 60
78 64
78 65
78 72
78 76
78 83
78 87
78 89
78 99
79 1
79 7
79 12
79 14
79 15
79 16
79 17
79 18
79 19
79 28
79 30
79 34
79 38
79 41
79 42
79 43
79 44
79 47
79 48
79 54
79 56
79 59
79 64
79 65
79 66
79 67
79 71
79 72
79 76
79 84
79 88
79 89
79 91
79 92
79 94
79 95
79 98
79 99
80 1
80 7
80 11
80 27
80 30
80 31
80 33
80 35
80 37
80 38
80 41
80 42
80 45
80 48
80 53
80 55
80 56
80 57
80 62
80 67
80 68
80 69
80 71
80 72
80 77
80 84
80 89
80 91
80 93
80 95
80 97
80 99
81 4
81 6
81 11
81 12
81 18
81 20
81 21
81 23
81 24
81 26
81 28
81 32
81 33
81 34
81 35
81 36
81 37
81 38
81 39
81 44
81 45
81 46
81 49
81 58
81 67
81 68
81 76
81 78
81 79
81 80
81 81
81 82
81 84
81 93
81 94
81 96
81 99
82 0
82 2
82 3
82 4
82 8
82 12
82 13
82 16
82 17
82 19
82 21
82 25
82 29
82 30
82 31
82 32
82 33
82 34
82 35
82 36
82 41
82 43
82 47
82 49
82 52
82 61
82 69
82 78
82 81
82 82
82 83
82 84
82 85
82 93
82 94
82 96
83 1
83 2
83 5
83 6
83 8
83 9
83 13
83 14
83 15
83 16
83 20
83 21
83 22
83 26
83 30
83 40
83 46
83 49
83 50
83 62
83 63
83 70
83 75
83 76
83 80
83 82
83 86
83 93
83 98
83 99
84 5
84 6
84 7
84 8
84 13
84 16
84 18
84 24
84 26
84 27
84 35
84 39
84 48
84 49
84 50
84 51
84 52
84 60
84 61
84 62
84 63
84 64
84 69
84 70
84 75
84 81
84 82
84 86
84 87
84 90
84 93
84 95
84 96
84 97
84 98
84 99
85 2
85 14
85 17
85 18
85 19
85 20
85 21
85 25
85 26
85 27
85 28
85 29
85 30
85 32
85 33
85 34
85 35
85 39
85 40
85 41
85 46
85 47
85 48
85 49
85 50
85 55
85 59
85 63
85 64
85 68
85 69
85 70
85 72
85 73
85 75
85 80
85 81
85 86
85 94
85 95
85 98
86 0
86 6
86 9
86 10
86 14
86 16
86 17
86 22
86 25
86 29
86 33
86 35
86 36
86 40
86 46
86 52
86 53
86 54
86 57
86 59
86 61
86 62
86 66
86 67
86 69
86 72
86 76
86 78
86 79
86 80
86 81
86 82
86 83
86 85
86 94
86 96
86 98
87 10
87 11
87 13
87 15
87 21
87 26
87 29
87 34
87 35
87 44
87 47
87 55
87 62
87 65
87 67
87 68
87 72
87 73
87 74
87 78
87 79
87 83
87 85
87 92
87 96
88 2
88 6
88 10
88 15
88 16
88 22
88 32
88 33
88 40
88 52
88 53
88 54
88 58
88 65
88 68
88 82
88 83
88 85
88 86
88 88
88 90
88 93
88 95
88 96
89 3
89 21
89 26
89 29
89 32
89 39
89 40
89 43
89 44
89 48
89 52
89 53
89 64
89 67
89 68
89 70
89 71
89 79
89 81
89 82
89 85
89 86
89 90
89 93
89 95
90 0
90 1
90 3
90 14
90 15
90 27
90 28
90 37
90 39
90 40
90 41
90 42
90 43
90 44
90 49
90 50
90 51
90 52
90 57
90 62
90 66
90 70
90 71
90 79
90 81
90 82
90 85
90 86
90 88
90 89
90 90
90 93
90 99
91 2
91 3
91 9
91 14
91 20
91 31
91 37
91 40
91 41
91 49
91 51
91 53
91 56
91 57
91 58
91 62
91 64
91 65
91 69
91 70
91 71
91 79
91 84
91 85
91 87
91 89
91 91
91 94
91 96
92 1
92 3
92 5
92 8
92 15
92 20
92 21
92 35
92 37
92 51
92 59
92 65
92 66
92 68
92 70
92 71
92 76
92 77
92 78
92 80
92 81
92 83
92 84
92 85
92 87
92 89
92 91
92 93
92 97
93 10
93 11
93 12
93 14
93 21
93 22
93 23
93 34
93 35
93 37
93 44
93 50
93 52
93 64
93 65
93 66
93 67
93 68
93 70
93 72
93 76
93 78
93 81
93 82
93 84
93 85
93 86
93 87
93 88
93 90
94 0
94 2
94 6
94 7
94 10
94 13
94 22
94 23
94 28
94 29
94 31
94 37
94 50
94 53
94 60
94 61
94 62
94 63
94 64
94 65
94 66
94 67
94 69
94 72
94 78
94 87
94 92
94 93
94 99
95 0
95 1
95 4
95 10
95 11
95 20
95 23
95 28
95 30
95 42
95 44
95 45
95 47
95 49
95 56
95 57
95 64
95 65
95 76
95 85
95 99
96 1
96 3
96 4
96 5
96 11
96 12
96 17
96 18
96 19
96 20
96 22
96 36
96 47
96 49
96 55
96 65
96 66
96 68
96 70
96 71
96 72
96 77
96 78
96 85
96 87
96 91
97 1
97 2
97 9
97 15
97 16
97 17
97 18
97 19
97 28
97 29
97 30
97 31
97 32
97 33
97 34
97 35
97 47
97 50
97 51
97 52
97 53
97 54
97 55
97 68
97 69
97 70
97 71
97 74
97 75
97 77
97 91
98 1
98 2
98 4
98 5
98 6
98 8
98 15
98 16
98 18
98 20
98 21
98 32
98 33
98 34
98 35
98 36
98 37
98 40
98 50
98 51
98 52
98 61
98 66
98 67
98 70
98 74
98 75
98 77
98 79
98 85
98 87
98 88
98 90
98 91
98 94
98 95
99 1
99 3
99 4
99 5
99 10
99 16
99 17
99 19
99 22
99 23
99 26
99 34
99 45
99 52
99 55
99 56
99 58
99 59
99 61
99 67
99 72
99 74
99 77
99 78
99 79
99 80
99 85
99 86
99 88
99 89
99 90
99 97
