0 14
0 17
0 63
0 64
0 66
0 78
0 81
0 90
0 91
0 92
0 93
1 15
1 16
1 36
1 37
1 56
1 64
1 66
1 81
1 82
2 35
2 38
2 55
2 65
3 23
3 24
3 36
3 37
3 55
3 57
3 61
3 62
4 11
4 12
4 13
4 22
4 25
4 53
4 54
4 55
4 56
4 57
4 59
4 66
4 67
4 68
4 87
4 96
5 23
5 25
5 52
5 55
5 58
5 65
5 69
5 87
5 97
6 24
6 43
6 44
6 51
6 52
6 53
6 57
6 59
6 65
6 69
6 87
6 97
7 34
7 35
7 36
7 43
7 44
7 57
7 60
7 61
7 62
7 65
7 69
8 30
8 56
8 57
8 66
8 67
8 68
8 72
9 30
9 56
9 63
9 64
9 71
9 73
10 30
10 56
10 62
10 64
10 71
10 73
11 62
11 63
11 64
11 72
12 59
12 60
12 61
13 19
13 68
13 83
13 91
14 17
14 18
14 20
14 21
14 35
14 67
14 69
14 82
14 84
14 91
15 17
15 18
15 22
15 35
15 68
15 70
15 72
15 81
15 82
15 84
15 85
15 91
16 18
16 19
16 35
16 71
16 72
16 79
16 80
16 82
16 83
17 22
17 79
17 82
17 93
17 94
17 95
18 40
18 41
18 78
18 82
19 40
19 41
19 66
19 67
19 68
19 69
19 79
19 91
20 4
20 14
20 16
20 23
20 24
20 68
20 70
20 79
20 83
20 91
21 4
21 13
21 16
21 18
21 19
21 23
21 24
21 25
21 26
21 69
21 70
21 80
21 81
21 82
21 83
22 4
22 12
22 16
22 17
22 18
22 19
22 22
22 23
22 27
22 82
23 13
23 14
23 19
23 20
23 21
23 22
23 25
23 26
23 27
23 52
23 53
24 19
24 22
24 23
24 52
24 53
25 66
25 67
25 69
26 17
26 37
26 66
26 67
26 70
27 17
27 37
27 53
27 66
27 70
27 73
27 74
27 75
27 77
27 78
27 79
28 10
28 13
28 15
28 17
28 22
28 23
28 37
28 53
28 66
28 69
28 77
28 78
28 79
28 86
29 9
29 22
29 24
29 53
29 66
29 67
29 85
29 86
29 87
29 88
30 8
30 9
30 10
30 21
30 24
30 65
30 66
30 67
30 84
30 87
30 88
30 89
30 90
31 9
31 12
31 22
31 23
31 67
31 84
31 85
31 88
31 89
31 90
32 7
32 8
32 10
32 13
32 22
32 65
32 66
33 7
33 8
33 11
33 13
33 14
33 59
33 85
34 7
34 13
34 59
34 82
34 85
34 86
35 3
35 5
35 6
35 8
35 9
35 10
35 11
35 12
35 28
35 29
35 30
35 31
35 32
35 33
35 59
35 83
35 84
36 1
36 2
36 4
36 6
36 9
36 13
36 16
36 18
36 22
36 28
36 31
36 32
36 33
36 34
37 1
37 2
37 4
37 7
37 9
37 11
37 12
37 16
37 17
37 18
37 22
37 29
37 30
37 31
37 33
37 34
37 35
37 55
37 56
37 57
37 61
37 62
37 63
38 2
38 4
38 5
38 6
38 7
38 8
38 11
38 19
38 31
38 32
38 33
38 34
39 2
39 5
39 8
39 10
39 11
39 14
39 19
39 20
39 31
39 32
39 33
39 44
39 46
39 47
39 48
39 59
40 3
40 4
40 9
40 10
40 15
40 16
40 17
40 20
40 31
40 43
40 44
40 46
40 47
40 49
40 59
41 15
41 42
41 49
41 59
42 43
42 44
42 47
42 48
42 49
43 85
43 86
43 95
43 96
44 85
44 86
44 94
44 96
45 24
45 25
45 94
46 24
46 25
46 91
46 94
46 95
46 96
46 99
47 0
47 91
47 97
47 98
48 0
48 91
48 97
48 98
49 80
49 81
49 99
50 36
50 37
50 80
50 81
51 40
51 50
51 51
52 50
52 52
53 38
53 41
53 42
53 51
54 3
54 38
54 40
54 41
54 42
54 54
55 3
55 15
55 16
55 17
55 37
55 54
55 84
55 85
55 86
55 97
55 98
55 99
56 3
56 37
56 38
56 54
56 83
56 86
57 42
57 43
57 44
57 83
57 87
58 44
58 51
58 54
58 56
58 82
59 33
59 34
59 35
59 37
59 38
59 39
59 45
59 54
59 83
59 84
59 88
59 89
60 16
60 32
60 35
60 37
60 44
60 53
60 85
60 91
61 15
61 16
61 17
61 31
61 37
61 39
61 40
61 45
61 50
61 51
61 52
61 86
61 91
62 14
62 16
62 18
62 32
62 34
62 37
62 42
62 44
62 55
62 57
62 77
62 85
62 91
63 14
63 16
63 18
63 33
63 36
63 37
63 55
63 56
63 76
63 78
63 83
63 84
63 88
63 89
64 15
64 16
64 17
64 35
64 76
64 78
64 79
64 82
65 16
65 36
65 37
65 77
65 83
65 87
66 81
66 82
66 86
67 70
67 71
67 73
67 74
67 76
67 80
67 81
67 82
67 83
67 84
67 85
67 86
67 89
68 50
68 51
68 59
68 61
68 68
68 71
68 72
68 76
68 77
68 82
68 83
68 89
68 90
69 37
69 38
69 50
69 51
69 68
69 72
69 73
69 80
69 88
69 90
70 36
70 59
70 61
70 67
70 71
70 80
70 81
71 60
71 61
71 68
71 72
71 80
71 95
72 21
72 22
72 23
72 26
72 27
72 68
72 72
72 78
72 79
72 95
73 21
73 22
73 26
73 27
73 28
73 58
73 59
73 61
73 62
73 63
73 70
73 71
73 75
73 83
73 84
73 95
74 26
74 27
74 28
74 29
74 59
74 61
74 67
74 75
74 82
74 85
75 8
75 9
75 29
75 66
75 68
75 76
75 77
75 79
75 80
75 81
75 83
76 9
76 12
76 17
76 18
76 28
76 29
76 68
76 79
76 80
77 10
77 11
77 13
77 16
77 17
77 29
77 64
77 67
77 78
77 81
78 11
78 12
78 16
78 17
78 18
78 30
78 64
78 65
78 66
78 78
78 79
78 81
78 82
79 11
79 12
79 14
79 16
79 17
79 26
79 64
79 65
79 66
79 69
79 79
79 81
79 82
80 14
80 25
80 27
80 68
80 69
80 73
80 74
80 80
81 19
81 20
81 24
81 48
81 49
81 69
81 71
81 72
81 73
81 74
81 75
82 12
82 13
82 16
82 17
82 19
82 25
82 26
82 27
82 47
82 50
82 70
82 71
82 73
82 77
82 85
82 86
82 99
83 12
83 13
83 16
83 17
83 18
83 19
83 46
83 50
83 51
83 72
83 74
83 75
83 78
83 84
83 86
83 99
84 12
84 13
84 14
84 46
84 49
84 71
84 76
84 77
84 85
84 99
85 12
85 13
85 14
85 38
85 39
85 46
85 47
85 71
85 73
85 86
85 87
85 88
85 89
86 12
86 13
86 14
86 38
86 39
86 50
86 56
86 57
86 71
86 72
86 79
86 80
86 86
86 90
87 48
87 51
87 57
87 79
87 81
88 24
88 25
88 48
88 50
88 54
88 56
88 78
88 81
88 87
88 89
89 23
89 26
89 54
89 56
89 77
89 78
89 80
89 81
89 86
89 89
90 24
90 25
90 76
90 77
90 79
90 85
90 86
90 91
90 92
91 78
91 88
91 91
92 88
92 90
93 45
93 46
93 47
94 13
94 14
94 75
94 87
94 91
95 2
95 3
95 13
95 14
95 74
95 76
95 82
95 83
95 84
95 88
95 89
95 90
96 1
96 4
96 63
96 64
96 70
96 71
96 75
96 76
96 77
96 79
96 82
96 83
96 84
97 2
97 3
97 64
97 65
97 69
97 72
97 74
97 75
97 77
97 78
97 80
97 90
97 91
98 7
98 8
98 25
98 26
98 63
98 64
98 70
98 72
98 74
98 75
98 77
98 81
99 7
99 8
99 15
99 16
99 25
99 26
99 63
99 64
99 72
99 73
99 76
99 77
99 79
99 80
99 81
99 93
