0 5
0 6
0 14
0 17
0 44
0 45
0 59
0 60
0 74
0 75
0 89
0 92
1 3
1 5
1 15
1 16
1 36
1 37
1 45
1 47
1 48
1 55
1 90
1 92
1 93
2 3
2 4
2 35
2 38
2 46
2 47
2 48
2 66
2 91
2 92
3 3
3 12
3 23
3 24
3 36
3 37
3 47
3 66
4 12
4 22
4 25
4 66
5 12
5 23
5 25
6 6
6 7
6 24
6 35
7 6
7 7
7 35
7 57
7 58
7 92
7 93
8 19
8 20
8 35
8 53
8 57
8 58
8 60
8 61
8 92
8 93
9 19
9 22
9 29
9 30
9 31
9 51
9 52
9 56
9 60
9 61
10 23
10 52
10 53
10 57
10 58
10 62
11 23
11 38
11 39
11 57
11 58
11 60
11 61
12 23
12 38
12 40
12 41
12 60
12 61
13 20
13 21
13 37
13 38
13 40
13 41
14 35
14 36
14 37
14 42
14 43
14 44
15 35
15 36
15 37
15 42
15 45
15 74
15 75
15 87
15 91
15 93
16 35
16 36
16 43
16 44
16 88
16 91
16 94
17 87
17 91
17 93
18 21
18 79
19 20
19 21
19 22
19 79
20 19
20 20
20 22
20 78
20 80
20 86
21 3
21 4
21 5
21 72
21 74
21 75
21 76
21 78
21 85
21 86
21 87
21 91
21 92
22 17
22 18
22 55
22 56
22 57
22 72
22 74
22 75
22 76
22 77
22 78
22 84
22 92
23 13
23 14
23 21
23 22
23 24
23 42
23 43
23 54
23 55
23 56
23 57
23 58
23 59
23 71
23 73
23 86
24 12
24 14
24 20
24 21
24 25
24 41
24 44
24 53
24 54
24 58
24 59
24 72
24 73
24 75
24 76
24 85
24 87
25 13
25 20
25 24
25 41
25 44
25 53
25 55
25 56
25 60
25 76
25 80
25 81
25 82
26 19
26 20
26 22
26 44
26 55
26 56
26 58
26 59
26 73
26 74
26 75
26 84
27 18
27 19
27 20
27 21
27 22
27 23
27 26
27 27
27 28
27 40
27 43
27 58
27 59
27 82
27 83
27 85
27 87
27 88
27 97
27 98
28 17
28 18
28 19
28 20
28 25
28 26
28 27
28 39
28 42
28 81
28 84
28 85
28 87
28 96
28 97
28 98
29 24
29 25
29 26
29 40
29 41
29 70
29 71
29 72
29 79
29 80
29 81
29 85
29 86
29 87
29 96
29 97
29 98
30 20
30 25
30 81
30 82
30 84
30 94
30 95
30 96
31 2
31 3
31 20
31 53
31 54
31 70
31 72
31 77
31 78
31 82
31 83
31 84
31 94
31 95
31 96
32 2
32 3
32 19
32 20
32 22
32 23
32 52
32 53
32 54
32 58
32 71
32 76
32 79
32 83
32 94
32 95
32 96
32 98
33 0
33 6
33 7
33 8
33 20
33 22
33 51
33 53
33 58
33 59
33 77
33 78
33 99
34 8
34 21
34 51
34 53
34 59
34 60
35 7
35 8
35 52
35 53
35 54
35 60
35 61
35 85
36 5
36 52
36 53
36 54
36 59
36 60
36 84
36 85
36 86
37 0
37 1
37 5
37 6
37 9
37 10
37 44
37 59
37 83
37 87
37 93
37 94
38 0
38 1
38 9
38 10
38 24
38 42
38 45
38 80
38 89
38 90
38 91
38 92
38 95
39 7
39 24
39 42
39 79
39 80
39 89
39 91
39 92
39 93
39 94
39 95
40 7
40 8
40 9
40 43
40 44
40 66
40 67
40 68
40 77
40 78
40 79
40 81
40 83
40 85
40 91
40 92
40 93
40 94
41 9
41 14
41 49
41 77
41 78
41 87
41 89
41 91
41 93
41 94
42 7
42 10
42 14
42 15
42 48
42 50
42 58
42 86
42 90
42 92
42 93
43 8
43 10
43 11
43 13
43 15
43 16
43 47
43 51
43 57
43 58
43 59
43 82
43 86
43 87
43 89
43 92
43 93
43 97
43 98
44 10
44 14
44 15
44 16
44 23
44 27
44 47
44 48
44 49
44 50
44 56
44 57
44 58
44 59
44 60
44 64
44 82
44 87
44 88
44 89
44 96
44 98
45 9
45 11
45 12
45 15
45 20
45 21
45 23
45 24
45 25
45 26
45 27
45 45
45 46
45 47
45 55
45 56
45 60
45 61
45 65
45 66
45 82
45 97
46 13
46 14
46 21
46 22
46 23
46 24
46 25
46 26
46 27
46 44
46 45
46 56
46 57
46 58
46 59
46 60
46 64
46 65
46 88
46 89
47 27
47 28
47 44
47 46
47 50
47 51
47 57
47 58
47 59
47 88
47 90
48 50
48 51
48 58
48 68
48 88
49 0
49 46
49 47
49 67
49 69
49 80
49 81
49 89
49 90
49 91
49 99
50 1
50 45
50 67
50 69
50 80
50 81
50 98
51 0
51 22
51 23
51 68
51 99
52 22
52 23
52 24
52 47
53 19
53 20
53 22
53 23
53 24
53 44
53 65
53 66
54 2
54 3
54 4
54 18
54 19
54 20
54 23
54 24
54 43
54 44
54 59
54 60
54 64
54 66
55 0
55 2
55 3
55 4
55 18
55 19
55 20
55 23
55 24
55 43
55 44
55 58
55 63
55 64
55 66
55 72
56 0
56 1
56 2
56 3
56 19
56 23
56 37
56 38
56 39
56 42
56 43
56 47
56 48
56 49
56 59
56 62
56 64
56 98
56 99
57 1
57 20
57 21
57 26
57 30
57 31
57 37
57 38
57 39
57 62
57 63
57 72
57 73
57 74
57 98
58 0
58 1
58 21
58 22
58 25
58 30
58 31
58 37
58 40
58 42
58 61
58 62
58 75
58 97
59 0
59 23
59 24
59 42
59 57
59 73
59 98
60 32
60 39
60 40
60 41
60 42
60 56
60 57
60 58
60 72
60 93
61 19
61 31
61 32
61 33
61 40
61 55
61 58
61 72
61 73
61 74
61 93
61 94
62 13
62 14
62 18
62 20
62 30
62 34
62 54
62 55
62 62
62 63
62 73
62 95
62 96
62 97
62 98
63 12
63 15
63 18
63 20
63 21
63 29
63 30
63 31
63 33
63 34
63 35
63 53
63 54
63 90
63 92
63 93
63 94
63 95
63 97
63 98
64 12
64 15
64 20
64 30
64 35
64 52
64 53
64 55
64 56
64 82
64 89
64 90
64 91
64 92
64 93
64 97
64 99
65 0
65 13
65 14
65 30
65 31
65 32
65 34
65 35
65 36
65 46
65 47
65 48
65 53
65 54
65 57
65 82
65 89
65 92
65 98
65 99
66 5
66 6
66 31
66 35
66 45
66 49
66 82
66 88
66 89
66 90
66 98
66 99
67 5
67 6
67 25
67 32
67 33
67 34
67 45
67 49
67 88
67 89
67 95
67 97
67 98
68 24
68 26
68 33
68 45
68 78
68 79
68 80
68 86
68 87
68 89
68 90
68 96
68 97
68 98
69 26
69 47
69 48
69 49
69 87
69 88
69 89
69 90
69 95
69 98
70 10
70 15
70 16
70 22
70 24
70 48
70 49
70 50
70 82
70 88
70 96
70 97
71 7
71 11
71 14
71 15
71 17
71 20
71 21
71 23
71 45
71 46
71 47
71 48
71 51
71 59
71 60
71 61
71 82
71 96
72 7
72 10
72 13
72 17
72 18
72 19
72 23
72 24
72 45
72 46
72 47
72 48
72 49
72 51
72 52
72 60
72 82
73 4
73 5
73 6
73 7
73 8
73 9
73 14
73 15
73 23
73 48
73 49
73 51
73 65
73 92
73 94
74 3
74 5
74 15
74 16
74 17
74 18
74 19
74 26
74 27
74 41
74 50
74 64
74 67
74 91
74 92
75 0
75 5
75 17
75 18
75 25
75 28
75 40
75 42
75 60
75 63
75 67
75 92
75 93
75 98
76 1
76 5
76 25
76 26
76 28
76 40
76 42
76 43
76 59
76 61
76 63
76 68
76 69
76 70
76 71
76 93
76 94
76 97
77 4
77 26
77 27
77 38
77 39
77 40
77 42
77 43
77 58
77 63
77 65
77 67
77 72
77 77
77 93
77 94
77 95
77 97
78 2
78 38
78 39
78 40
78 41
78 42
78 59
78 62
78 63
78 65
78 66
78 67
78 68
78 69
78 71
78 72
78 77
78 92
78 93
78 95
78 96
78 97
79 0
79 60
79 61
79 62
79 66
79 67
79 68
79 69
79 70
79 77
79 93
79 94
79 95
79 96
79 97
79 99
80 53
80 54
81 13
81 43
81 52
81 55
82 12
82 13
82 40
82 42
82 52
82 54
83 11
83 13
83 53
84 11
84 12
84 97
84 98
85 42
85 43
85 97
85 98
85 99
86 0
86 42
86 43
86 77
86 79
86 99
87 0
87 3
87 14
87 19
87 20
87 72
87 80
87 94
88 0
88 1
88 2
88 14
88 19
88 20
88 39
88 75
88 80
88 81
88 84
88 94
89 13
89 15
89 39
89 75
89 80
89 81
89 84
89 94
89 98
90 14
90 15
90 39
90 69
90 71
90 73
90 76
90 77
90 78
90 80
90 81
90 84
90 98
91 51
91 52
91 69
91 70
91 71
91 79
92 14
92 16
92 35
92 36
92 37
92 41
92 42
92 43
92 51
92 52
92 69
92 78
93 14
93 16
93 54
93 55
93 56
93 78
94 14
94 15
94 20
94 21
94 39
94 53
94 56
94 57
94 68
94 69
94 70
94 77
94 79
95 20
95 21
95 39
95 47
95 53
95 58
95 75
95 76
95 77
95 78
96 39
96 47
96 53
96 59
96 64
96 65
96 75
96 76
96 77
96 91
97 2
97 3
97 59
97 64
97 65
97 66
97 76
97 90
97 91
98 1
98 2
98 4
98 25
98 26
98 43
98 44
98 45
98 54
98 55
98 56
98 58
98 59
98 62
98 67
98 89
98 91
99 2
99 5
99 15
99 16
99 25
99 26
99 44
99 45
99 54
99 58
99 59
99 60
99 66
99 74
99 75
99 88
99 89
