0 1
0 2
0 3
0 4
0 6
0 7
0 8
0 10
0 14
0 17
0 19
0 20
0 22
0 23
0 24
0 30
0 32
0 33
0 35
0 39
0 41
0 45
0 47
0 48
0 49
0 53
0 54
0 57
0 58
0 64
0 65
0 67
0 69
0 70
0 71
0 72
0 73
0 76
0 86
0 88
0 89
0 94
0 95
0 96
0 97
1 0
1 2
1 5
1 7
1 8
1 17
1 23
1 32
1 33
1 34
1 35
1 36
1 38
1 39
1 41
1 42
1 43
1 45
1 47
1 53
1 55
1 56
1 57
1 60
1 61
1 62
1 63
1 64
1 66
1 67
1 69
1 71
1 72
1 74
1 77
1 84
1 85
1 88
1 89
1 91
1 92
1 94
1 95
1 97
1 98
2 0
2 2
2 3
2 5
2 11
2 12
2 13
2 14
2 15
2 16
2 28
2 29
2 33
2 35
2 38
2 40
2 41
2 44
2 47
2 55
2 57
2 60
2 61
2 64
2 71
2 73
2 76
2 78
2 83
2 90
2 92
2 93
2 94
2 95
2 97
2 98
3 0
3 2
3 5
3 6
3 11
3 13
3 17
3 18
3 20
3 21
3 22
3 23
3 24
3 25
3 28
3 29
3 32
3 33
3 34
3 41
3 44
3 45
3 46
3 48
3 55
3 61
3 66
3 71
3 72
3 74
3 76
3 80
3 84
3 87
3 91
3 94
3 95
4 4
4 11
4 13
4 14
4 20
4 22
4 23
4 25
4 29
4 31
4 41
4 42
4 43
4 44
4 47
4 53
4 54
4 56
4 60
4 61
4 65
4 66
4 71
4 72
4 74
4 75
4 79
4 80
4 81
4 84
4 85
4 87
4 95
4 97
4 98
4 99
5 0
5 13
5 14
5 15
5 19
5 23
5 30
5 34
5 38
5 39
5 40
5 42
5 44
5 45
5 47
5 48
5 50
5 51
5 52
5 59
5 60
5 64
5 67
5 69
5 70
5 77
5 78
5 84
5 85
5 90
5 94
5 97
6 1
6 8
6 9
6 10
6 12
6 14
6 15
6 16
6 21
6 22
6 23
6 30
6 37
6 38
6 39
6 42
6 47
6 50
6 55
6 58
6 63
6 65
6 76
6 77
6 80
6 81
6 94
6 95
6 97
6 99
7 2
7 3
7 4
7 5
7 6
7 8
7 10
7 15
7 23
7 25
7 27
7 30
7 31
7 36
7 38
7 42
7 43
7 44
7 46
7 47
7 54
7 59
7 61
7 63
7 69
7 76
7 89
7 90
7 92
7 93
7 94
7 95
7 97
7 99
8 1
8 3
8 4
8 5
8 6
8 11
8 12
8 16
8 17
8 19
8 21
8 22
8 23
8 24
8 25
8 26
8 38
8 39
8 45
8 50
8 53
8 54
8 61
8 65
8 70
8 71
8 73
8 82
8 84
8 90
8 91
8 93
8 95
8 97
8 99
9 0
9 1
9 3
9 5
9 6
9 11
9 12
9 14
9 15
9 16
9 19
9 20
9 21
9 22
9 23
9 24
9 25
9 32
9 38
9 40
9 50
9 52
9 62
9 63
9 65
9 69
9 71
9 73
9 75
9 79
9 85
9 86
9 88
9 90
9 91
9 94
9 95
9 96
9 97
9 98
9 99
10 1
10 4
10 10
10 11
10 12
10 13
10 14
10 15
10 16
10 17
10 19
10 23
10 27
10 28
10 30
10 35
10 36
10 39
10 43
10 44
10 46
10 48
10 50
10 51
10 54
10 56
10 59
10 67
10 68
10 69
10 70
10 78
10 79
10 84
10 85
10 95
10 97
10 99
11 0
11 1
11 2
11 5
11 7
11 9
11 10
11 12
11 13
11 14
11 20
11 21
11 24
11 26
11 35
11 37
11 40
11 42
11 46
11 53
11 54
11 62
11 63
11 69
11 72
11 75
11 77
11 81
11 83
11 84
11 92
12 0
12 4
12 5
12 6
12 12
12 13
12 14
12 22
12 23
12 25
12 27
12 28
12 34
12 37
12 38
12 40
12 41
12 43
12 47
12 48
12 52
12 56
12 62
12 68
12 76
12 77
12 81
12 85
12 95
13 2
13 5
13 6
13 8
13 9
13 14
13 21
13 34
13 35
13 36
13 39
13 42
13 43
13 44
13 48
13 51
13 53
13 54
13 55
13 58
13 61
13 67
13 71
13 74
13 75
13 95
13 98
14 5
14 11
14 14
14 16
14 20
14 21
14 24
14 25
14 26
14 27
14 28
14 29
14 36
14 40
14 41
14 46
14 50
14 51
14 55
14 56
14 63
14 64
14 65
14 66
14 67
14 69
14 70
14 72
14 75
14 76
14 77
14 87
14 93
14 97
14 99
15 5
15 6
15 10
15 12
15 19
15 22
15 26
15 28
15 33
15 38
15 39
15 41
15 42
15 45
15 46
15 47
15 55
15 56
15 57
15 58
15 59
15 67
15 72
15 74
15 75
15 76
15 85
15 87
15 96
15 98
15 99
16 0
16 1
16 2
16 3
16 5
16 6
16 7
16 9
16 10
16 11
16 12
16 15
16 22
16 23
16 24
16 25
16 33
16 34
16 38
16 40
16 41
16 43
16 45
16 49
16 50
16 51
16 54
16 58
16 59
16 60
16 61
16 62
16 63
16 64
16 65
16 67
16 69
16 73
16 74
16 75
16 77
16 78
16 80
16 81
16 85
16 86
16 87
16 88
16 89
16 90
16 96
17 2
17 3
17 4
17 5
17 16
17 17
17 18
17 22
17 24
17 26
17 27
17 28
17 29
17 38
17 39
17 43
17 47
17 50
17 51
17 53
17 54
17 58
17 71
17 73
17 76
17 85
17 89
17 95
17 96
17 99
18 0
18 1
18 2
18 10
18 11
18 20
18 23
18 24
18 25
18 26
18 30
18 31
18 32
18 40
18 41
18 43
18 45
18 46
18 48
18 52
18 54
18 55
18 62
18 64
18 69
18 70
18 72
18 73
18 74
18 75
18 76
18 85
18 86
18 87
18 88
18 91
18 92
18 97
19 8
19 10
19 20
19 23
19 26
19 28
19 29
19 33
19 38
19 42
19 44
19 46
19 47
19 48
19 56
19 57
19 60
19 64
19 66
19 69
19 73
19 74
19 75
19 76
19 79
19 80
19 81
19 85
19 89
19 90
19 91
19 94
19 95
19 96
19 99
20 0
20 1
20 2
20 3
20 5
20 7
20 8
20 9
20 11
20 19
20 31
20 33
20 35
20 38
20 40
20 41
20 42
20 44
20 45
20 46
20 51
20 53
20 54
20 56
20 57
20 58
20 60
20 62
20 64
20 68
20 72
20 84
20 85
20 86
20 88
21 0
21 5
21 6
21 7
21 8
21 9
21 14
21 17
21 29
21 31
21 34
21 36
21 38
21 40
21 41
21 43
21 45
21 46
21 48
21 49
21 51
21 63
21 66
21 67
21 79
21 81
21 83
21 85
21 86
21 87
21 91
21 95
21 96
21 97
21 99
22 0
22 5
22 9
22 14
22 16
22 18
22 28
22 34
22 36
22 39
22 40
22 42
22 44
22 49
22 50
22 54
22 56
22 61
22 64
22 70
22 71
22 72
22 80
22 87
22 90
22 91
22 96
22 98
22 99
23 4
23 7
23 8
23 14
23 15
23 16
23 20
23 22
23 26
23 28
23 29
23 31
23 34
23 35
23 37
23 38
23 39
23 43
23 48
23 49
23 54
23 56
23 72
23 77
23 78
23 80
23 86
23 87
23 88
23 90
24 3
24 7
24 8
24 10
24 11
24 12
24 14
24 16
24 18
24 19
24 22
24 23
24 24
24 28
24 30
24 33
24 34
24 35
24 36
24 37
24 41
24 44
24 48
24 49
24 51
24 52
24 53
24 56
24 58
24 59
24 62
24 63
24 71
24 72
24 73
24 76
24 77
24 84
24 85
24 86
24 88
24 89
24 90
25 3
25 4
25 6
25 16
25 19
25 20
25 22
25 25
25 30
25 32
25 33
25 34
25 35
25 38
25 39
25 40
25 41
25 42
25 43
25 44
25 49
25 51
25 52
25 53
25 55
25 57
25 58
25 62
25 65
25 69
25 73
25 76
25 77
25 81
25 83
25 89
25 91
25 92
26 3
26 4
26 5
26 11
26 18
26 19
26 21
26 22
26 24
26 25
26 30
26 34
26 36
26 37
26 41
26 42
26 44
26 46
26 48
26 49
26 50
26 52
26 56
26 57
26 59
26 62
26 66
26 70
26 77
26 84
26 88
26 89
26 92
26 93
26 95
26 99
27 1
27 2
27 4
27 6
27 12
27 13
27 19
27 24
27 25
27 33
27 35
27 36
27 37
27 39
27 40
27 46
27 47
27 48
27 49
27 50
27 51
27 52
27 56
27 58
27 64
27 65
27 66
27 74
27 78
27 88
27 89
27 90
27 92
27 93
27 94
27 95
27 99
28 1
28 2
28 6
28 10
28 12
28 19
28 21
28 22
28 23
28 26
28 27
28 28
28 31
28 34
28 35
28 49
28 50
28 53
28 57
28 58
28 60
28 62
28 63
28 64
28 65
28 67
28 71
28 75
28 76
28 80
28 85
28 87
28 88
28 92
28 93
28 94
28 95
28 98
29 1
29 2
29 6
29 7
29 8
29 10
29 11
29 19
29 23
29 27
29 39
29 41
29 47
29 50
29 52
29 54
29 55
29 65
29 66
29 67
29 75
29 76
29 80
29 81
29 90
29 91
29 96
29 97
30 2
30 5
30 10
30 11
30 13
30 20
30 26
30 29
30 31
30 35
30 39
30 40
30 41
30 50
30 51
30 52
30 54
30 57
30 58
30 59
30 62
30 63
30 68
30 69
30 71
30 72
30 77
30 79
30 84
30 89
30 90
30 95
31 2
31 5
31 7
31 9
31 12
31 15
31 17
31 23
31 24
31 26
31 31
31 33
31 39
31 41
31 43
31 44
31 49
31 50
31 54
31 57
31 58
31 60
31 62
31 68
31 69
31 70
31 71
31 75
31 81
31 86
31 89
31 90
31 97
32 0
32 1
32 2
32 5
32 7
32 9
32 10
32 12
32 13
32 14
32 16
32 17
32 19
32 24
32 26
32 30
32 31
32 38
32 52
32 56
32 60
32 61
32 63
32 68
32 69
32 73
32 84
32 85
32 87
32 88
32 99
33 0
33 1
33 2
33 6
33 7
33 14
33 16
33 19
33 22
33 27
33 28
33 32
33 39
33 41
33 44
33 45
33 47
33 48
33 52
33 54
33 55
33 56
33 60
33 63
33 69
33 70
33 73
33 74
33 76
33 84
33 85
33 87
33 88
33 89
33 90
33 96
33 97
33 98
34 0
34 2
34 3
34 6
34 9
34 10
34 16
34 19
34 20
34 21
34 29
34 30
34 31
34 37
34 41
34 42
34 47
34 55
34 60
34 63
34 74
34 76
34 79
34 83
34 86
34 88
34 90
34 91
34 92
34 97
35 0
35 2
35 4
35 5
35 7
35 8
35 10
35 14
35 16
35 17
35 20
35 29
35 32
35 33
35 41
35 44
35 46
35 56
35 63
35 65
35 69
35 70
35 75
35 83
35 84
35 86
35 87
35 88
35 92
35 95
35 96
35 98
35 99
36 9
36 18
36 26
36 27
36 31
36 35
36 36
36 37
36 42
36 47
36 49
36 58
36 59
36 60
36 61
36 62
36 63
36 68
36 70
36 71
36 75
36 84
36 89
36 95
36 97
37 6
37 7
37 8
37 9
37 14
37 18
37 20
37 25
37 27
37 31
37 32
37 35
37 36
37 41
37 46
37 47
37 48
37 49
37 54
37 56
37 61
37 63
37 68
37 69
37 70
37 71
37 75
37 77
37 78
37 84
37 87
37 94
37 97
37 98
37 99
38 0
38 4
38 5
38 9
38 14
38 15
38 17
38 20
38 21
38 22
38 25
38 37
38 38
38 44
38 45
38 49
38 51
38 52
38 55
38 56
38 58
38 59
38 60
38 63
38 69
38 75
38 77
38 96
38 97
38 99
39 3
39 5
39 6
39 7
39 8
39 9
39 17
39 19
39 21
39 35
39 40
39 42
39 44
39 46
39 47
39 49
39 52
39 59
39 60
39 62
39 63
39 65
39 69
39 71
39 73
39 74
39 75
39 76
39 78
39 79
39 84
39 86
39 87
39 89
39 90
39 92
39 94
39 95
39 98
40 0
40 1
40 2
40 3
40 6
40 9
40 16
40 19
40 20
40 21
40 34
40 36
40 46
40 49
40 54
40 58
40 62
40 63
40 64
40 66
40 67
40 71
40 72
40 74
40 77
40 78
40 80
40 86
40 87
40 92
40 96
40 98
41 3
41 4
41 6
41 8
41 9
41 11
41 13
41 15
41 18
41 20
41 21
41 23
41 27
41 28
41 38
41 45
41 47
41 48
41 53
41 57
41 74
41 76
41 78
41 83
41 84
41 86
41 87
41 89
41 96
41 98
42 2
42 4
42 11
42 12
42 14
42 15
42 16
42 19
42 20
42 21
42 22
42 35
42 44
42 45
42 48
42 53
42 56
42 59
42 60
42 61
42 62
42 63
42 64
42 65
42 66
42 69
42 71
42 76
42 82
42 86
42 87
42 92
42 93
42 94
42 98
43 2
43 4
43 6
43 7
43 8
43 9
43 12
43 18
43 19
43 22
43 24
43 36
43 37
43 48
43 51
43 52
43 53
43 54
43 64
43 66
43 67
43 69
43 82
43 84
43 86
43 87
43 89
43 96
43 98
44 0
44 1
44 2
44 10
44 15
44 16
44 18
44 19
44 20
44 21
44 22
44 28
44 29
44 38
44 51
44 56
44 57
44 69
44 76
44 78
44 81
44 85
44 88
44 89
44 91
44 93
44 97
44 99
45 0
45 1
45 2
45 3
45 4
45 5
45 6
45 7
45 9
45 12
45 15
45 17
45 19
45 20
45 21
45 23
45 26
45 27
45 29
45 30
45 39
45 51
45 59
45 71
45 72
45 77
45 79
45 87
45 88
45 97
45 98
45 99
46 0
46 1
46 5
46 6
46 11
46 12
46 15
46 18
46 20
46 22
46 23
46 24
46 25
46 26
46 27
46 29
46 30
46 32
46 42
46 44
46 45
46 47
46 50
46 51
46 54
46 56
46 57
46 59
46 63
46 76
46 78
46 85
46 87
46 89
46 96
46 97
46 98
47 1
47 2
47 8
47 15
47 19
47 20
47 27
47 33
47 35
47 36
47 37
47 41
47 47
47 48
47 50
47 52
47 53
47 56
47 63
47 73
47 74
47 82
47 85
47 86
47 89
47 94
47 96
47 98
47 99
48 0
48 2
48 12
48 13
48 14
48 18
48 19
48 26
48 29
48 30
48 32
48 33
48 38
48 41
48 46
48 48
48 50
48 51
48 52
48 57
48 60
48 61
48 62
48 73
48 78
48 81
48 86
48 87
48 89
48 91
48 92
48 96
48 97
48 98
49 2
49 9
49 10
49 12
49 13
49 14
49 20
49 22
49 24
49 25
49 31
49 35
49 36
49 38
49 40
49 43
49 45
49 48
49 51
49 52
49 55
49 56
49 57
49 61
49 63
49 64
49 68
49 70
49 73
49 75
49 77
49 78
49 80
49 86
49 87
49 93
49 94
49 95
49 96
50 1
50 2
50 4
50 6
50 11
50 14
50 15
50 17
50 18
50 19
50 20
50 22
50 26
50 31
50 37
50 39
50 40
50 42
50 43
50 59
50 69
50 70
50 72
50 73
50 74
50 77
50 78
50 84
50 86
50 93
51 1
51 6
51 8
51 9
51 10
51 11
51 18
51 20
51 22
51 30
51 33
51 38
51 39
51 43
51 47
51 51
51 55
51 56
51 57
51 59
51 64
51 68
51 74
51 77
51 78
51 85
51 86
51 94
51 95
52 2
52 3
52 6
52 12
52 15
52 16
52 20
52 27
52 30
52 38
52 39
52 45
52 49
52 50
52 51
52 52
52 54
52 58
52 59
52 61
52 64
52 74
52 76
52 78
52 81
52 82
52 83
52 88
52 89
52 90
52 91
52 93
52 94
52 95
52 97
52 98
52 99
53 2
53 8
53 9
53 11
53 13
53 14
53 15
53 17
53 21
53 22
53 30
53 37
53 39
53 43
53 46
53 47
53 49
53 54
53 55
53 59
53 60
53 62
53 63
53 64
53 65
53 66
53 67
53 74
53 78
53 79
53 82
53 83
53 84
53 88
53 89
53 92
53 93
53 98
53 99
54 3
54 8
54 9
54 11
54 12
54 17
54 18
54 19
54 24
54 26
54 27
54 29
54 33
54 35
54 36
54 37
54 38
54 39
54 41
54 43
54 44
54 47
54 49
54 56
54 57
54 59
54 62
54 63
54 65
54 66
54 67
54 69
54 72
54 82
54 83
54 84
54 87
54 88
54 89
54 93
54 94
54 95
54 98
55 0
55 7
55 12
55 14
55 22
55 28
55 29
55 31
55 32
55 45
55 47
55 49
55 52
55 53
55 54
55 55
55 56
55 60
55 66
55 70
55 71
55 74
55 79
55 80
55 81
55 82
55 83
55 84
55 86
55 93
55 94
55 98
55 99
56 0
56 1
56 2
56 4
56 6
56 7
56 8
56 11
56 14
56 19
56 20
56 30
56 31
56 32
56 33
56 34
56 36
56 37
56 38
56 39
56 43
56 44
56 50
56 53
56 54
56 55
56 56
56 58
56 61
56 62
56 65
56 70
56 74
56 81
56 82
56 85
56 86
56 92
56 97
56 98
56 99
57 1
57 2
57 4
57 5
57 7
57 20
57 26
57 31
57 32
57 37
57 38
57 39
57 49
57 50
57 54
57 55
57 59
57 60
57 61
57 62
57 70
57 79
57 81
57 83
57 85
57 86
57 90
57 91
57 93
57 98
58 3
58 4
58 6
58 7
58 9
58 10
58 17
58 19
58 22
58 23
58 31
58 36
58 37
58 44
58 48
58 49
58 55
58 58
58 59
58 61
58 64
58 65
58 66
58 67
58 69
58 70
58 74
58 75
58 82
58 83
58 86
58 87
58 92
58 97
59 0
59 7
59 8
59 11
59 12
59 17
59 18
59 20
59 21
59 25
59 27
59 31
59 35
59 36
59 39
59 44
59 45
59 48
59 52
59 53
59 54
59 60
59 62
59 63
59 66
59 67
59 69
59 72
59 74
59 80
59 86
59 87
59 89
59 90
59 92
59 97
59 98
59 99
60 1
60 2
60 5
60 9
60 12
60 15
60 18
60 23
60 27
60 29
60 30
60 34
60 47
60 51
60 53
60 60
60 62
60 63
60 64
60 66
60 68
60 69
60 71
60 72
60 73
60 74
60 75
60 76
60 77
60 78
60 83
60 84
60 85
60 89
60 90
60 91
60 96
60 98
60 99
61 6
61 9
61 10
61 11
61 12
61 15
61 19
61 27
61 28
61 29
61 31
61 39
61 45
61 47
61 51
61 52
61 53
61 56
61 59
61 60
61 61
61 66
61 72
61 73
61 74
61 75
61 76
61 83
61 84
61 86
61 87
61 88
61 89
61 91
61 92
61 95
61 96
61 98
62 0
62 2
62 5
62 7
62 8
62 10
62 11
62 12
62 26
62 28
62 29
62 34
62 35
62 45
62 48
62 51
62 54
62 55
62 56
62 57
62 59
62 61
62 66
62 69
62 70
62 71
62 75
62 76
62 92
63 0
63 3
63 8
63 9
63 15
63 16
63 18
63 19
63 20
63 25
63 27
63 30
63 32
63 35
63 36
63 37
63 38
63 43
63 45
63 46
63 47
63 48
63 52
63 54
63 55
63 59
63 60
63 61
63 62
63 67
63 69
63 70
63 72
63 73
63 75
63 76
63 78
63 84
63 85
63 86
63 87
63 88
63 89
63 96
64 4
64 9
64 12
64 13
64 15
64 16
64 19
64 27
64 30
64 32
64 36
64 37
64 43
64 48
64 51
64 55
64 62
64 63
64 64
64 72
64 74
64 77
64 81
64 83
64 89
64 91
64 92
65 2
65 3
65 7
65 8
65 9
65 11
65 16
65 19
65 24
65 25
65 30
65 35
65 36
65 37
65 39
65 40
65 48
65 49
65 52
65 53
65 55
65 76
65 77
65 81
65 83
65 85
66 9
66 13
66 16
66 17
66 19
66 21
66 23
66 25
66 26
66 28
66 33
66 34
66 35
66 38
66 39
66 47
66 49
66 50
66 72
66 74
66 75
66 80
66 82
66 83
66 85
66 87
66 88
66 89
66 93
66 96
67 4
67 5
67 6
67 7
67 8
67 9
67 15
67 20
67 21
67 23
67 25
67 26
67 28
67 30
67 32
67 39
67 41
67 48
67 49
67 50
67 57
67 66
67 67
67 68
67 69
67 70
67 74
67 76
67 83
67 85
67 86
67 89
67 94
67 95
67 96
68 0
68 4
68 6
68 8
68 9
68 11
68 13
68 15
68 21
68 28
68 30
68 32
68 34
68 35
68 43
68 50
68 51
68 57
68 59
68 61
68 64
68 65
68 74
68 75
68 78
68 83
68 87
68 88
68 90
68 93
68 97
68 99
69 0
69 9
69 10
69 13
69 17
69 19
69 20
69 22
69 23
69 26
69 28
69 29
69 34
69 35
69 43
69 45
69 46
69 47
69 48
69 49
69 50
69 52
69 53
69 54
69 55
69 60
69 61
69 64
69 69
69 70
69 78
69 79
69 81
69 82
69 84
69 85
69 86
69 87
69 89
69 90
69 93
69 97
69 99
70 3
70 7
70 8
70 21
70 22
70 23
70 24
70 27
70 41
70 42
70 43
70 44
70 46
70 48
70 53
70 55
70 57
70 59
70 61
70 63
70 64
70 66
70 67
70 68
70 72
70 76
70 78
70 79
70 80
70 81
70 85
70 86
70 89
70 92
70 93
70 98
71 1
71 3
71 4
71 6
71 7
71 17
71 18
71 20
71 21
71 22
71 23
71 24
71 30
71 31
71 32
71 35
71 41
71 42
71 43
71 49
71 50
71 52
71 53
71 54
71 55
71 56
71 58
71 60
71 61
71 63
71 66
71 67
71 70
71 75
71 76
71 78
71 79
71 80
71 81
71 88
71 90
71 93
71 97
72 1
72 7
72 16
72 18
72 20
72 25
72 26
72 29
72 30
72 32
72 33
72 35
72 44
72 47
72 55
72 56
72 57
72 60
72 64
72 69
72 70
72 71
72 75
72 76
72 79
72 80
72 81
72 83
72 85
72 86
72 90
72 94
72 95
72 97
73 4
73 5
73 7
73 16
73 17
73 20
73 27
73 29
73 42
73 48
73 52
73 54
73 56
73 58
73 60
73 61
73 63
73 64
73 66
73 74
73 75
73 77
73 78
73 80
73 82
73 86
73 87
73 88
73 90
74 1
74 2
74 4
74 5
74 7
74 9
74 11
74 15
74 18
74 19
74 27
74 29
74 43
74 45
74 48
74 54
74 56
74 58
74 59
74 68
74 72
74 73
74 77
74 79
74 80
74 82
74 84
74 85
74 88
74 89
74 90
74 91
74 95
75 3
75 5
75 6
75 8
75 9
75 11
75 14
75 15
75 17
75 30
75 31
75 37
75 38
75 39
75 42
75 43
75 44
75 49
75 50
75 51
75 52
75 53
75 55
75 57
75 62
75 69
75 70
75 71
75 85
75 86
75 91
75 92
75 93
75 94
75 96
76 3
76 6
76 11
76 12
76 13
76 17
76 18
76 24
76 25
76 26
76 27
76 30
76 31
76 32
76 33
76 35
76 37
76 44
76 45
76 48
76 55
76 57
76 61
76 62
76 64
76 67
76 69
76 70
76 71
76 74
76 77
76 78
76 83
76 92
76 97
77 1
77 2
77 3
77 6
77 7
77 9
77 11
77 17
77 21
77 25
77 37
77 40
77 41
77 43
77 45
77 46
77 47
77 49
77 50
77 51
77 56
77 62
77 63
77 68
77 76
77 77
77 83
77 84
77 85
77 87
77 92
77 97
77 98
78 1
78 3
78 11
78 12
78 13
78 14
78 16
78 17
78 19
78 20
78 26
78 27
78 30
78 35
78 36
78 38
78 39
78 40
78 42
78 43
78 45
78 47
78 56
78 57
78 60
78 61
78 63
78 64
78 65
78 66
78 75
78 84
78 85
78 86
78 87
78 91
78 94
78 99
79 1
79 8
79 9
79 10
79 14
79 17
79 18
79 28
79 35
79 36
79 37
79 38
79 45
79 47
79 51
79 53
79 60
79 62
79 71
79 72
79 73
79 88
79 89
79 90
79 91
79 92
79 94
79 99
80 1
80 2
80 7
80 8
80 9
80 10
80 26
80 27
80 29
80 30
80 35
80 42
80 48
80 51
80 53
80 55
80 60
80 61
80 62
80 67
80 68
80 70
80 76
80 77
80 85
80 86
80 89
80 94
80 99
81 1
81 3
81 7
81 11
81 14
81 21
81 23
81 24
81 29
81 30
81 32
81 33
81 34
81 39
81 41
81 42
81 45
81 46
81 47
81 53
81 54
81 56
81 57
81 58
81 60
81 61
81 68
81 78
81 80
81 81
81 84
81 85
81 86
81 87
81 96
81 97
81 98
81 99
82 0
82 2
82 3
82 4
82 6
82 8
82 11
82 13
82 17
82 18
82 19
82 21
82 22
82 24
82 25
82 30
82 31
82 36
82 37
82 38
82 40
82 41
82 43
82 44
82 47
82 48
82 49
82 53
82 54
82 55
82 56
82 58
82 59
82 62
82 70
82 73
82 76
82 78
82 81
82 82
82 87
82 88
82 93
82 94
82 96
82 97
83 0
83 8
83 14
83 15
83 16
83 18
83 19
83 22
83 25
83 35
83 37
83 38
83 39
83 44
83 45
83 49
83 53
83 55
83 57
83 58
83 59
83 69
83 76
83 78
83 79
83 83
83 87
83 88
83 93
83 94
84 3
84 5
84 7
84 8
84 14
84 18
84 24
84 26
84 29
84 37
84 38
84 44
84 45
84 50
84 52
84 53
84 54
84 57
84 58
84 60
84 61
84 62
84 64
84 65
84 67
84 71
84 76
84 77
84 78
84 79
84 87
84 89
84 90
84 95
84 97
84 98
85 4
85 5
85 13
85 15
85 18
85 21
85 25
85 26
85 28
85 33
85 34
85 35
85 37
85 41
85 43
85 44
85 46
85 47
85 49
85 52
85 55
85 56
85 57
85 59
85 63
85 68
85 69
85 73
85 75
85 77
85 80
85 81
85 82
85 87
85 89
85 90
85 94
85 95
85 98
86 2
86 3
86 5
86 6
86 8
86 9
86 10
86 17
86 20
86 21
86 29
86 31
86 33
86 36
86 38
86 40
86 41
86 42
86 44
86 46
86 49
86 52
86 53
86 54
86 57
86 60
86 61
86 62
86 69
86 73
86 74
86 76
86 78
86 79
86 85
86 89
86 90
86 92
86 96
87 0
87 1
87 2
87 3
87 4
87 5
87 10
87 13
87 17
87 19
87 20
87 21
87 26
87 27
87 28
87 29
87 31
87 37
87 38
87 39
87 42
87 43
87 44
87 47
87 48
87 49
87 50
87 51
87 55
87 59
87 61
87 65
87 66
87 67
87 73
87 74
87 76
87 78
87 83
87 84
87 85
87 87
87 89
87 92
87 94
87 96
87 98
87 99
88 0
88 5
88 10
88 13
88 14
88 15
88 16
88 17
88 18
88 19
88 27
88 28
88 33
88 35
88 36
88 37
88 40
88 41
88 42
88 45
88 46
88 49
88 50
88 52
88 53
88 54
88 58
88 59
88 60
88 65
88 66
88 67
88 71
88 82
88 85
88 88
88 90
88 92
88 96
88 97
88 98
88 99
89 0
89 4
89 5
89 8
89 9
89 11
89 12
89 13
89 14
89 18
89 19
89 20
89 21
89 22
89 25
89 28
89 33
89 34
89 35
89 36
89 40
89 42
89 43
89 44
89 45
89 46
89 47
89 48
89 59
89 60
89 61
89 67
89 79
89 81
89 90
89 97
90 0
90 2
90 4
90 5
90 6
90 7
90 8
90 9
90 11
90 12
90 14
90 17
90 18
90 20
90 24
90 27
90 28
90 33
90 34
90 35
90 38
90 41
90 46
90 47
90 50
90 51
90 59
90 60
90 61
90 64
90 65
90 67
90 70
90 71
90 79
90 80
90 81
90 85
90 86
90 89
90 92
90 94
90 96
90 97
90 99
91 5
91 8
91 11
91 12
91 14
91 17
91 18
91 20
91 31
91 32
91 33
91 35
91 37
91 40
91 47
91 48
91 51
91 53
91 54
91 56
91 57
91 58
91 62
91 70
91 77
91 79
91 81
91 85
91 88
91 89
91 94
91 96
91 97
92 0
92 1
92 3
92 5
92 6
92 7
92 11
92 15
92 16
92 17
92 18
92 19
92 25
92 31
92 32
92 33
92 34
92 35
92 37
92 39
92 40
92 47
92 48
92 51
92 53
92 54
92 55
92 56
92 59
92 61
92 62
92 64
92 68
92 77
92 81
92 82
92 83
92 87
92 89
92 91
92 92
92 93
92 98
93 2
93 3
93 6
93 7
93 10
93 11
93 16
93 17
93 18
93 20
93 22
93 30
93 31
93 34
93 38
93 40
93 41
93 43
93 44
93 48
93 49
93 50
93 54
93 55
93 56
93 59
93 61
93 62
93 65
93 66
93 67
93 68
93 70
93 71
93 76
93 82
93 85
93 86
93 87
93 91
93 92
94 0
94 2
94 3
94 4
94 5
94 6
94 10
94 13
94 15
94 17
94 18
94 22
94 23
94 27
94 29
94 31
94 38
94 39
94 40
94 41
94 42
94 43
94 44
94 48
94 49
94 53
94 54
94 57
94 58
94 59
94 60
94 63
94 70
94 71
94 72
94 77
94 78
94 84
94 92
94 96
94 99
95 0
95 4
95 11
95 13
95 14
95 15
95 16
95 17
95 20
95 23
95 27
95 30
95 38
95 39
95 40
95 44
95 46
95 47
95 54
95 57
95 58
95 64
95 71
95 76
95 77
95 86
95 92
96 11
96 12
96 14
96 17
96 18
96 20
96 21
96 22
96 36
96 37
96 38
96 49
96 54
96 55
96 65
96 66
96 68
96 71
96 77
96 83
96 86
96 97
97 1
97 2
97 4
97 5
97 9
97 10
97 14
97 15
97 21
97 25
97 34
97 35
97 36
97 38
97 48
97 49
97 50
97 51
97 53
97 54
97 67
97 68
97 71
97 75
97 77
97 80
97 84
97 88
97 90
97 92
98 1
98 8
98 10
98 11
98 12
98 13
98 14
98 17
98 20
98 21
98 27
98 28
98 29
98 30
98 31
98 32
98 33
98 37
98 38
98 39
98 40
98 47
98 48
98 52
98 67
98 70
98 74
98 75
98 76
98 77
98 79
98 91
98 94
98 95
98 98
99 5
99 7
99 10
99 12
99 13
99 17
99 19
99 26
99 27
99 28
99 29
99 30
99 31
99 39
99 45
99 46
99 47
99 48
99 53
99 54
99 55
99 56
99 58
99 60
99 61
99 62
99 67
99 69
99 70
99 72
99 79
99 80
99 85
99 86
99 88
99 89
99 95
