0 4
0 7
0 14
0 17
0 67
0 68
0 70
0 71
0 93
0 94
0 95
1 15
1 16
1 36
1 37
1 93
1 94
2 35
2 38
3 23
3 24
3 36
3 37
4 11
4 12
4 13
4 22
4 25
4 87
4 94
5 23
5 25
5 52
5 53
5 54
5 87
5 93
5 95
6 24
6 43
6 44
6 55
6 87
6 93
6 95
7 34
7 35
7 36
7 43
7 44
7 52
7 94
8 30
8 53
8 59
9 30
9 54
9 58
9 59
10 30
10 54
11 54
11 67
12 50
12 51
12 52
12 55
12 56
12 66
12 68
13 48
13 49
13 50
13 65
13 69
13 91
14 35
14 65
14 69
14 91
15 35
15 91
16 18
16 35
17 17
17 64
17 70
17 78
17 79
17 87
17 88
17 89
17 93
17 94
17 95
18 21
18 22
18 40
18 41
18 64
18 65
18 69
18 70
18 77
18 79
19 17
19 18
19 22
19 23
19 40
19 41
19 76
19 91
20 4
20 17
20 18
20 71
20 76
20 79
20 91
21 4
21 16
21 17
21 18
21 71
21 72
21 76
21 80
21 82
21 83
21 91
22 4
22 14
22 15
22 17
22 19
22 20
22 70
22 72
22 73
22 80
22 83
23 14
23 15
23 17
23 18
23 19
23 20
23 52
23 53
23 69
23 70
23 73
23 74
23 77
23 78
23 81
23 82
24 12
24 16
24 17
24 18
24 52
24 53
24 69
24 70
24 73
24 74
24 75
24 77
24 78
24 79
24 87
24 88
25 8
25 9
25 12
25 14
25 15
25 69
25 73
25 74
25 77
25 78
25 79
25 86
25 89
26 12
26 37
26 73
26 77
26 78
26 79
26 87
26 88
26 89
27 7
27 13
27 18
27 37
27 78
27 80
27 81
27 82
27 87
27 88
28 7
28 12
28 17
28 18
28 19
28 37
28 53
28 54
28 57
28 77
28 78
28 80
28 81
28 82
28 86
28 87
28 88
29 8
29 12
29 16
29 18
29 20
29 52
29 53
29 57
29 58
29 77
29 78
29 83
29 84
29 88
30 10
30 16
30 18
30 20
30 52
30 53
30 56
30 57
30 58
30 79
30 83
30 85
30 88
31 14
31 15
31 17
31 18
31 19
31 21
31 22
31 51
31 52
31 56
31 57
31 65
31 66
31 79
31 84
32 8
32 9
32 10
32 13
32 15
32 16
32 18
32 20
32 21
32 23
32 51
32 53
32 56
32 65
32 66
32 80
32 81
32 82
32 84
32 85
32 87
32 88
33 8
33 13
33 15
33 21
33 23
33 24
33 51
33 52
33 53
33 54
33 55
33 57
33 60
33 78
33 79
33 84
33 86
33 87
34 8
34 10
34 14
34 16
34 20
34 22
34 23
34 51
34 52
34 54
34 55
34 57
34 58
34 59
34 60
34 79
34 80
34 84
34 86
35 6
35 8
35 9
35 14
35 15
35 16
35 20
35 21
35 22
35 23
35 52
35 54
35 56
35 59
35 83
35 84
35 86
36 6
36 7
36 12
36 13
36 51
36 52
36 54
36 56
36 57
36 83
36 84
37 10
37 11
37 23
37 24
37 25
37 33
37 51
37 52
37 53
37 54
37 55
37 58
38 10
38 11
38 32
38 33
38 34
38 40
38 54
38 55
38 56
38 57
39 8
39 10
39 30
39 31
39 33
39 34
39 39
39 41
39 50
39 56
40 7
40 8
40 10
40 29
40 34
40 38
40 39
40 41
40 42
40 50
41 6
41 7
41 8
41 10
41 11
41 29
41 32
41 33
41 34
41 39
41 41
41 42
41 49
41 51
42 6
42 7
42 8
42 10
42 11
42 28
42 31
42 32
42 33
42 34
42 39
43 5
43 9
43 10
43 11
43 28
43 30
43 39
43 43
43 44
43 48
43 50
43 85
43 86
44 4
44 7
44 8
44 9
44 29
44 43
44 44
44 48
44 49
44 85
44 86
45 4
45 5
45 6
45 7
45 8
45 12
45 13
45 24
45 25
45 39
45 40
45 50
46 1
46 2
46 3
46 4
46 5
46 6
46 12
46 13
46 24
46 25
46 39
46 40
46 41
46 49
46 91
47 0
47 3
47 91
48 0
48 4
48 91
49 1
49 3
49 80
49 81
50 3
50 80
50 81
51 0
51 1
51 38
51 50
51 51
51 99
52 1
52 2
52 34
52 35
52 39
52 50
52 52
52 99
53 1
53 4
53 33
53 34
53 35
53 39
53 51
53 65
53 66
53 67
53 99
54 0
54 1
54 3
54 33
54 34
54 35
54 37
54 40
54 98
55 32
55 36
55 37
55 41
55 97
56 0
56 2
56 3
56 35
56 36
56 37
56 38
56 40
56 63
56 64
56 65
56 98
56 99
57 0
57 2
57 3
57 8
57 9
57 13
57 14
57 31
57 33
57 34
57 39
57 58
57 63
57 65
57 97
58 1
58 2
58 3
58 8
58 9
58 12
58 13
58 14
58 32
58 33
58 59
58 60
58 61
58 62
58 65
58 73
58 74
58 97
58 98
59 11
59 12
59 16
59 55
59 59
59 64
59 65
59 73
59 74
59 96
60 0
60 1
60 12
60 16
60 17
60 18
60 36
60 37
60 54
60 56
60 57
60 58
60 64
60 69
60 70
60 71
60 97
60 98
60 99
61 1
61 13
61 14
61 16
61 35
61 38
61 56
61 61
61 62
61 64
61 65
61 71
61 80
61 81
61 82
61 86
62 1
62 9
62 10
62 14
62 36
62 37
62 49
62 50
62 70
62 79
62 83
62 85
62 99
63 1
63 9
63 10
63 48
63 50
63 73
63 79
63 80
63 82
63 83
63 85
63 86
63 87
64 2
64 50
64 73
64 78
64 79
64 98
65 47
65 73
65 77
65 78
65 97
66 0
66 4
66 61
66 77
66 78
66 97
66 98
67 2
67 3
67 4
67 17
67 18
67 47
67 60
67 62
68 17
68 18
68 51
68 60
68 62
68 79
68 81
69 50
69 51
69 61
69 79
69 80
69 81
69 83
70 1
70 3
70 4
70 5
70 34
70 35
70 36
70 37
70 38
70 76
70 78
70 79
70 84
70 91
70 92
70 93
71 2
71 3
71 4
71 5
71 6
71 7
71 35
71 37
71 47
71 77
71 79
71 80
71 85
71 86
71 90
71 94
72 3
72 4
72 47
72 49
72 71
72 72
72 76
72 80
72 86
72 90
72 94
73 6
73 7
73 48
73 61
73 71
73 77
73 79
73 86
73 87
73 90
73 94
74 15
74 26
74 60
74 62
74 71
74 74
74 75
74 76
74 77
74 79
74 86
74 87
74 91
74 92
74 93
75 14
75 15
75 16
75 25
75 27
75 32
75 33
75 60
75 63
75 64
75 72
75 76
75 84
75 86
75 87
76 13
76 14
76 15
76 16
76 17
76 23
76 24
76 27
76 31
76 33
76 56
76 61
76 67
76 68
76 73
76 74
76 81
76 83
76 84
76 87
77 12
77 13
77 23
77 24
77 25
77 56
77 59
77 62
77 64
77 67
77 68
77 76
77 77
77 80
77 81
77 83
77 86
78 11
78 12
78 13
78 17
78 33
78 51
78 52
78 56
78 59
78 63
78 74
78 78
78 79
78 81
78 83
78 86
79 13
79 15
79 16
79 32
79 50
79 53
79 57
79 59
79 60
79 74
79 76
79 78
79 79
79 80
79 81
79 83
79 84
79 85
80 15
80 16
80 27
80 31
80 39
80 50
80 56
80 59
80 78
80 82
80 83
81 21
81 22
81 23
81 27
81 30
81 38
81 40
81 50
81 53
81 59
81 69
81 74
81 75
81 77
81 78
82 28
82 38
82 40
82 49
82 52
82 55
82 59
82 69
82 75
82 77
82 85
82 86
82 99
83 39
83 48
83 52
83 53
83 55
83 59
83 60
83 69
83 76
83 84
83 86
83 99
84 48
84 52
84 56
84 59
84 80
84 81
84 85
84 99
85 38
85 39
85 48
85 49
85 51
85 57
85 58
85 68
85 80
85 81
86 38
86 39
86 50
86 51
86 52
86 54
86 55
86 56
86 57
86 66
86 67
86 69
86 80
87 54
87 55
87 81
87 83
87 91
88 24
88 25
88 64
88 70
88 81
88 83
88 91
89 23
89 26
89 63
89 82
89 91
90 24
90 25
90 69
91 68
91 89
92 65
92 68
92 88
92 89
92 90
93 45
93 46
93 47
93 62
93 65
93 87
93 89
93 91
94 0
94 13
94 14
94 62
94 63
94 66
94 67
94 68
94 78
94 79
94 80
94 87
94 88
94 90
94 91
94 92
94 99
95 0
95 13
95 14
95 60
95 61
95 62
95 63
95 66
95 69
95 71
95 72
95 74
95 75
95 76
95 77
95 80
95 88
95 89
95 91
95 94
95 95
95 96
95 99
96 1
96 59
96 60
96 61
96 63
96 70
96 72
96 74
96 79
96 80
96 85
96 89
96 90
96 91
96 92
96 93
96 94
96 95
96 96
97 2
97 3
97 59
97 60
97 62
97 68
97 70
97 78
97 84
97 86
97 91
97 92
97 97
98 1
98 2
98 4
98 5
98 25
98 26
98 61
98 62
98 85
98 92
98 93
98 94
98 95
98 96
98 97
99 3
99 4
99 5
99 6
99 15
99 16
99 25
99 26
99 67
99 68
99 70
99 72
99 74
99 75
99 76
99 77
99 92
99 96
99 97
