0 0
0 5
0 14
0 17
0 85
0 86
0 87
0 95
0 96
1 5
1 15
1 16
1 36
1 37
1 97
1 98
2 35
2 38
3 23
3 24
3 36
3 37
3 89
3 91
3 92
3 93
4 11
4 12
4 13
4 22
4 25
4 88
4 90
4 92
4 93
4 94
5 23
5 25
5 88
5 89
5 90
5 92
5 93
5 95
5 96
6 24
6 43
6 44
6 57
6 89
6 91
6 94
7 34
7 35
7 36
7 43
7 44
7 56
7 58
7 90
7 91
7 93
7 94
8 30
8 56
8 91
8 93
9 30
9 56
9 57
9 92
10 30
10 46
10 47
10 58
10 59
10 60
10 61
11 46
11 47
11 51
11 52
11 59
12 51
12 53
13 51
13 52
13 53
14 35
14 51
14 66
14 67
14 68
15 35
15 51
16 35
17 17
17 18
17 19
17 90
17 91
18 40
18 41
18 90
18 91
18 94
19 18
19 19
19 40
19 41
19 77
19 78
19 95
20 4
20 17
20 18
20 19
20 66
20 67
20 68
20 76
20 79
20 90
20 95
21 4
21 15
21 18
21 19
21 65
21 69
21 75
21 76
21 78
21 79
21 90
21 93
21 94
22 4
22 15
22 16
22 17
22 64
22 70
22 77
22 86
22 91
22 92
22 93
23 15
23 52
23 53
23 64
23 70
23 88
24 52
24 53
24 64
24 70
24 90
25 9
25 10
25 65
25 69
25 85
25 86
25 88
25 90
26 10
26 11
26 37
26 66
26 67
26 68
26 77
26 78
26 79
26 80
26 82
26 86
27 8
27 10
27 37
27 63
27 77
27 88
28 10
28 37
28 62
28 63
28 64
28 77
28 79
28 80
28 85
28 86
28 88
29 7
29 10
29 13
29 62
29 63
29 88
30 7
30 9
30 11
30 12
30 14
30 94
30 95
30 99
31 0
31 1
31 10
31 11
31 56
31 83
31 85
31 99
32 0
32 12
32 13
32 55
32 57
32 83
32 85
32 93
32 94
32 96
32 98
33 0
33 5
33 6
33 12
33 14
33 51
33 52
33 55
33 61
33 62
33 63
33 85
33 86
33 95
33 96
33 98
34 2
34 5
34 8
34 12
34 14
34 18
34 19
34 50
34 51
34 52
34 53
34 55
34 56
34 60
34 61
34 62
34 63
34 86
34 87
34 98
35 0
35 1
35 2
35 7
35 8
35 11
35 17
35 18
35 20
35 49
35 50
35 53
35 56
35 57
35 58
35 59
35 60
35 63
35 64
35 65
35 66
35 67
35 85
35 88
35 94
36 4
36 5
36 6
36 11
36 12
36 17
36 19
36 47
36 49
36 50
36 53
36 58
36 64
36 86
36 87
36 94
36 99
37 15
37 16
37 17
37 23
37 24
37 25
37 39
37 40
37 46
37 48
37 49
37 53
37 68
37 96
37 97
38 15
38 16
38 17
38 19
38 40
38 48
38 49
38 68
39 17
39 18
39 20
39 40
39 43
39 44
39 67
39 69
40 18
40 20
40 40
40 41
40 42
40 43
40 44
40 46
40 48
40 69
41 19
41 41
41 42
41 43
41 46
41 47
41 48
41 51
41 64
41 65
41 66
41 68
42 12
42 14
42 15
42 16
42 33
42 43
42 44
42 47
42 49
43 11
43 13
43 15
43 31
43 32
43 34
43 39
43 41
43 44
43 45
43 46
43 85
43 86
44 4
44 8
44 9
44 11
44 13
44 15
44 17
44 27
44 31
44 33
44 41
44 45
44 47
44 48
44 49
44 50
44 51
44 52
44 85
44 86
45 3
45 4
45 5
45 7
45 8
45 9
45 15
45 17
45 26
45 28
45 29
45 47
45 53
46 2
46 4
46 6
46 7
46 8
46 9
46 14
46 15
46 26
46 28
46 29
46 31
46 36
46 37
46 48
46 52
46 91
47 1
47 2
47 3
47 5
47 6
47 7
47 15
47 16
47 22
47 23
47 27
47 31
47 36
47 38
47 49
47 50
47 51
47 91
48 2
48 4
48 6
48 22
48 23
48 31
48 36
48 91
49 3
49 4
49 5
49 36
49 40
49 80
49 81
50 4
50 37
50 41
50 80
50 81
51 32
51 33
51 34
51 38
51 39
51 40
52 34
52 38
52 39
53 0
53 36
53 37
53 38
53 50
53 65
53 66
53 67
53 98
53 99
54 1
54 49
54 50
54 51
54 98
54 99
55 1
55 2
55 36
55 38
55 48
55 49
55 52
55 99
56 36
56 37
56 38
56 48
56 49
56 50
56 99
57 1
57 2
57 90
57 99
58 2
58 33
58 34
58 40
58 59
58 73
58 74
58 89
58 99
59 0
59 1
59 12
59 32
59 35
59 40
59 49
59 59
59 62
59 63
59 73
59 74
59 89
59 90
59 91
60 10
60 11
60 13
60 33
60 34
60 40
60 47
60 48
60 50
60 54
60 55
60 59
60 63
60 64
61 6
61 9
61 13
61 14
61 48
61 49
61 54
61 55
61 64
61 67
62 6
62 9
62 27
62 28
62 36
62 37
62 38
62 67
62 68
63 0
63 6
63 7
63 11
63 18
63 26
63 27
63 59
63 60
63 66
63 67
63 73
64 0
64 9
64 26
64 27
64 37
64 58
64 73
65 1
65 8
65 9
65 10
65 11
65 12
65 26
65 27
65 28
65 35
65 37
65 49
65 50
65 59
65 60
65 73
65 81
65 82
65 83
65 89
65 99
66 9
66 10
66 11
66 12
66 13
66 26
66 27
66 29
66 34
66 48
66 51
66 59
66 62
66 63
66 89
67 8
67 9
67 13
67 14
67 27
67 29
67 30
67 48
67 51
67 52
67 61
67 62
67 79
68 7
68 8
68 9
68 13
68 14
68 15
68 25
68 36
68 37
68 49
68 50
68 51
68 61
68 62
68 79
69 3
69 4
69 8
69 9
69 13
69 14
69 25
69 26
69 28
69 31
69 32
69 37
69 50
69 61
69 62
69 79
70 2
70 3
70 5
70 9
70 10
70 11
70 12
70 13
70 25
70 30
70 33
70 35
70 38
70 39
70 62
70 81
70 82
71 5
71 6
71 10
71 11
71 12
71 22
71 24
71 26
71 27
71 28
71 29
71 32
71 34
71 39
71 50
71 51
71 56
71 57
71 62
71 81
71 82
72 3
72 5
72 6
72 11
72 22
72 24
72 25
72 29
72 32
72 33
72 35
72 39
72 40
72 50
72 51
72 56
72 57
72 62
72 75
72 81
72 82
73 3
73 22
73 26
73 27
73 29
73 36
73 38
73 40
73 56
73 63
73 74
73 75
73 80
73 92
73 93
73 97
73 98
73 99
74 0
74 3
74 7
74 27
74 28
74 32
74 33
74 35
74 36
74 38
74 39
74 57
74 62
74 74
74 76
74 78
74 79
74 81
74 91
74 95
75 0
75 4
75 5
75 7
75 34
75 35
75 36
75 38
75 57
75 61
75 72
75 73
75 78
75 79
75 80
75 92
75 94
75 95
75 96
75 97
75 99
76 6
76 18
76 20
76 26
76 29
76 33
76 34
76 35
76 57
76 62
76 67
76 68
76 72
76 73
76 77
76 78
76 79
76 85
76 93
76 94
76 95
76 96
76 97
76 98
77 22
77 29
77 30
77 34
77 58
77 59
77 62
77 67
77 68
77 72
77 74
77 78
77 79
77 82
77 83
77 86
78 16
78 17
78 21
78 22
78 23
78 29
78 59
78 71
78 72
78 73
78 77
78 78
78 81
78 85
79 17
79 18
79 19
79 22
79 23
79 24
79 25
79 28
79 30
79 44
79 45
79 60
79 71
79 72
79 81
79 83
79 84
80 18
80 19
80 23
80 26
80 27
80 42
80 54
80 60
80 61
80 62
80 82
81 27
81 40
81 41
81 46
81 47
81 53
81 54
81 55
81 69
82 25
82 26
82 40
82 47
82 48
82 52
82 56
82 69
82 77
82 78
82 99
83 40
83 43
83 44
83 47
83 48
83 49
83 53
83 54
83 55
83 69
83 76
83 79
83 80
83 99
84 41
84 43
84 44
84 54
84 66
84 75
84 76
84 77
84 79
84 80
84 99
85 60
85 65
85 67
85 75
85 76
85 78
85 79
85 80
86 39
86 60
86 61
86 64
86 65
86 66
86 75
86 76
86 77
87 25
87 39
87 40
87 59
87 61
87 63
87 64
87 75
87 76
87 77
87 91
88 24
88 25
88 26
88 40
88 64
88 65
88 76
88 91
89 27
89 72
89 77
89 91
89 99
90 0
90 24
90 25
90 27
90 28
90 67
90 68
90 69
90 98
91 0
91 23
91 24
91 26
91 27
91 34
91 35
91 36
91 66
91 67
91 68
91 72
91 98
92 23
92 24
92 26
92 27
92 40
92 41
92 42
92 65
92 69
92 70
92 72
92 98
93 0
93 24
93 27
93 34
93 35
93 40
93 41
93 66
93 67
93 68
93 69
93 70
93 72
93 98
93 99
94 0
94 13
94 14
94 20
94 21
94 25
94 26
94 27
94 43
94 44
94 67
94 68
94 69
94 72
94 73
94 94
94 98
95 13
95 14
95 20
95 21
95 25
95 26
95 42
95 43
95 60
95 61
95 69
95 73
95 87
95 92
95 95
95 97
95 98
96 0
96 1
96 59
96 62
96 70
96 71
96 72
96 85
96 86
96 87
96 88
96 92
96 96
96 97
97 2
97 60
97 62
97 70
97 71
97 72
97 84
97 86
97 87
97 96
98 2
98 25
98 26
98 61
98 83
98 84
98 97
98 98
99 1
99 5
99 15
99 16
99 25
99 26
99 84
99 85
99 86
99 94
