0 14
0 17
0 88
0 90
0 91
1 15
1 16
1 36
1 37
1 90
1 91
2 35
2 38
2 53
2 57
2 58
2 59
3 12
3 23
3 24
3 36
3 37
3 53
3 56
3 92
3 93
4 12
4 22
4 25
4 56
4 59
4 87
4 88
4 92
4 93
5 12
5 23
5 25
5 56
5 58
5 72
5 86
5 89
6 24
6 35
6 43
6 44
6 52
6 53
6 54
6 55
6 71
6 73
6 87
6 88
7 35
7 43
7 44
7 51
7 54
7 55
7 71
7 73
8 35
8 51
8 62
8 63
8 64
8 72
9 29
9 30
9 31
9 51
9 52
9 62
9 63
9 64
10 62
10 72
11 72
11 73
12 70
12 71
12 74
13 70
13 71
13 73
13 74
14 20
14 21
14 71
14 72
14 73
15 19
15 22
15 34
15 35
15 36
15 68
15 72
16 19
16 22
16 66
16 67
16 69
17 20
17 21
17 66
17 67
18 40
18 41
18 66
18 67
18 88
18 89
19 40
19 41
19 88
19 89
20 87
20 89
21 3
21 4
21 5
21 14
21 15
21 20
21 21
21 88
22 14
22 16
22 20
22 21
22 69
22 70
22 87
23 16
23 17
23 52
23 53
23 86
23 87
23 88
23 89
24 14
24 16
24 52
24 53
24 85
24 89
25 14
25 15
25 16
25 85
25 89
26 14
26 15
26 17
26 86
26 87
26 88
27 16
27 17
27 18
27 36
27 37
27 38
27 60
27 77
27 78
28 15
28 17
28 52
28 53
28 54
28 59
28 60
28 61
28 77
28 78
29 14
29 15
29 16
29 22
29 58
29 59
29 62
30 10
30 11
30 12
30 13
30 14
30 15
30 19
30 21
30 22
30 23
30 58
30 60
30 61
30 62
30 73
30 74
31 8
31 9
31 10
31 11
31 12
31 13
31 18
31 19
31 24
31 58
31 59
31 61
31 63
31 64
31 73
31 74
32 7
32 8
32 9
32 13
32 23
32 24
32 62
32 65
33 6
33 7
33 8
33 18
33 20
33 23
33 61
33 62
33 63
33 64
33 65
33 66
34 6
34 7
34 8
34 17
34 18
34 62
34 65
34 72
34 84
34 85
34 86
35 7
35 8
35 9
35 22
35 37
35 39
35 40
35 57
35 58
35 59
35 60
35 63
35 64
35 71
35 72
35 84
36 8
36 9
36 17
36 22
36 35
36 40
36 50
36 51
36 52
36 71
36 72
36 78
36 79
36 80
36 87
36 94
36 96
36 97
37 1
37 17
37 18
37 20
37 21
37 40
37 56
37 62
37 77
37 82
37 85
37 87
37 93
37 96
37 97
38 3
38 36
38 37
38 60
38 77
38 80
38 82
38 85
38 86
38 93
38 95
38 96
39 11
39 13
39 57
39 58
39 59
39 65
39 66
39 67
39 77
39 86
39 94
39 95
40 1
40 3
40 9
40 10
40 12
40 13
40 65
40 69
40 72
40 73
40 78
40 81
40 82
40 83
40 84
40 86
40 95
41 11
41 65
41 70
41 73
41 74
41 79
41 80
41 82
41 84
41 86
41 87
41 89
41 90
41 91
42 59
42 62
42 66
42 70
42 72
42 73
42 85
42 87
42 88
42 90
42 91
42 92
42 93
42 94
43 56
43 57
43 59
43 63
43 68
43 69
43 70
43 71
43 72
43 86
43 88
43 89
43 93
43 95
44 13
44 14
44 33
44 55
44 59
44 63
44 71
44 86
44 87
44 89
44 93
44 95
45 13
45 14
45 24
45 25
45 32
45 33
45 56
45 63
45 85
45 88
45 89
45 94
45 95
46 24
46 25
46 30
46 31
46 32
46 62
46 86
46 90
46 95
47 37
47 52
47 53
47 61
47 86
47 90
47 95
48 29
48 34
48 36
48 37
48 38
48 52
48 53
48 59
48 60
48 88
48 89
48 90
48 91
48 92
49 30
49 35
49 39
49 80
49 81
49 92
50 31
50 32
50 33
50 37
50 38
50 49
50 50
50 80
50 81
50 91
50 92
50 93
51 33
51 35
51 36
51 37
51 49
51 50
52 36
52 95
53 91
53 93
53 95
53 98
54 16
54 87
54 88
54 89
54 91
54 93
54 94
54 95
54 98
55 2
55 3
55 4
55 16
55 86
55 92
55 93
55 95
55 99
56 16
56 86
56 92
56 94
56 98
57 87
57 88
57 91
57 92
57 98
58 90
59 54
59 55
59 92
59 93
60 40
60 41
60 45
60 46
60 47
60 54
60 55
61 25
61 40
61 42
61 75
61 76
62 24
62 25
62 26
62 29
62 30
62 31
62 41
62 43
62 74
62 77
62 93
63 24
63 25
63 26
63 42
63 74
63 76
63 84
63 86
63 92
63 94
64 75
64 93
64 94
65 63
65 64
65 78
65 79
65 81
65 86
65 87
66 35
66 63
66 64
66 80
66 81
66 84
66 85
67 5
67 6
67 34
67 36
67 87
68 4
68 34
68 35
68 50
68 51
68 82
68 84
69 50
69 51
69 83
69 86
70 84
70 86
71 8
71 9
71 76
71 77
71 78
71 85
72 55
72 56
72 94
72 95
72 96
73 40
73 41
73 46
73 54
73 57
74 1
74 2
74 36
74 37
74 39
74 40
74 41
74 44
74 47
74 55
74 57
75 2
75 36
75 37
75 39
75 40
75 46
75 56
75 66
76 2
76 15
76 20
76 36
76 37
76 40
76 43
76 44
76 45
76 65
76 67
76 98
76 99
77 1
77 15
77 21
77 39
77 40
77 43
77 44
77 45
77 64
77 68
77 98
78 3
78 4
78 39
78 40
78 44
78 65
78 67
78 98
78 99
79 0
79 5
79 19
79 20
79 21
79 41
79 42
79 43
79 44
79 45
79 46
79 47
79 51
79 66
80 0
80 6
80 12
80 16
80 17
80 43
80 50
80 51
80 52
81 2
81 3
81 7
81 13
81 44
81 45
81 47
81 52
81 73
81 74
82 4
82 12
82 44
82 49
82 51
82 52
82 72
82 75
83 0
83 44
83 47
83 48
83 50
83 51
83 73
83 74
83 98
83 99
84 4
84 7
84 8
84 48
84 51
85 6
85 7
85 8
85 44
85 45
85 48
85 78
85 79
85 80
86 11
86 12
86 44
86 45
86 46
86 47
86 49
86 56
86 57
87 13
87 45
87 46
87 47
87 49
87 51
87 55
87 58
88 12
88 24
88 25
88 45
88 46
88 47
88 52
88 53
88 56
88 57
88 74
88 75
89 9
89 23
89 26
89 45
89 46
89 47
89 49
89 50
89 51
89 52
89 69
89 70
89 71
89 76
90 9
90 10
90 24
90 25
90 45
90 47
90 72
90 74
90 75
90 79
90 81
91 45
91 46
91 60
91 61
91 62
91 67
91 72
91 73
91 79
91 80
92 59
92 63
92 67
92 71
92 80
92 91
93 59
93 63
93 69
93 89
93 90
93 91
94 4
94 5
94 13
94 14
94 59
94 63
94 68
94 88
94 91
94 92
95 4
95 5
95 13
95 14
95 60
95 61
95 62
95 90
96 89
96 90
96 92
96 93
97 7
97 80
97 81
97 88
97 89
97 92
97 93
98 8
98 9
98 25
98 26
98 80
98 81
98 88
98 89
98 90
98 91
98 92
98 93
99 15
99 16
99 25
99 26
99 87
99 88
99 92
