0 0
0 1
0 3
0 6
0 14
0 17
0 89
0 90
0 91
0 92
0 94
0 95
1 1
1 2
1 15
1 16
1 36
1 37
1 42
1 43
1 44
1 90
1 93
1 95
1 99
2 35
2 38
2 42
2 45
2 46
2 66
2 91
2 93
2 94
2 95
2 98
3 12
3 23
3 24
3 36
3 37
3 48
3 66
3 92
3 96
3 98
4 12
4 22
4 25
4 42
4 49
4 50
4 66
5 12
5 23
5 25
5 43
6 24
6 35
6 47
6 48
6 49
6 50
6 64
7 35
7 47
7 49
7 64
7 65
7 92
7 93
8 35
8 45
8 46
8 50
8 52
8 53
8 61
8 66
8 67
8 92
8 93
9 29
9 30
9 31
9 50
9 52
9 61
9 62
9 68
10 62
10 69
11 66
11 68
12 44
12 45
12 46
12 63
12 66
12 92
13 65
13 66
13 91
13 93
14 42
14 43
14 47
14 48
14 51
14 52
14 65
14 91
14 94
15 22
15 23
15 24
15 34
15 35
15 36
15 42
15 43
15 47
15 48
15 51
15 52
15 91
15 94
16 43
16 47
16 51
16 52
16 94
17 18
17 20
17 24
17 43
17 45
17 47
17 91
17 93
18 18
18 21
18 23
18 24
18 25
18 44
18 45
18 46
18 91
18 93
19 21
19 23
19 26
19 45
19 90
19 91
19 92
19 93
19 94
20 17
20 19
20 90
20 91
20 92
20 93
20 94
21 3
21 4
21 5
21 16
21 18
21 20
21 21
21 23
21 24
22 16
22 20
22 21
23 13
23 16
23 20
23 52
23 53
24 13
24 17
24 21
24 52
24 53
24 63
24 64
24 65
24 66
24 67
25 13
25 20
25 39
25 40
25 64
25 65
25 67
25 68
26 39
26 40
26 41
26 66
26 67
26 78
26 79
26 80
26 87
26 88
27 38
27 41
27 78
27 86
27 89
28 39
28 40
28 41
28 77
28 79
28 80
28 87
28 89
29 6
29 7
29 8
29 22
29 39
29 40
29 77
29 78
29 79
29 86
29 88
30 7
30 8
30 22
30 63
30 77
30 78
30 79
30 85
30 88
30 98
30 99
31 4
31 5
31 62
31 63
31 64
31 70
31 71
31 78
31 79
31 80
31 85
31 98
32 3
32 4
32 5
32 6
32 7
32 8
32 10
32 61
32 65
32 69
32 79
32 80
32 85
32 88
32 97
32 99
33 3
33 10
33 60
33 61
33 62
33 64
33 65
33 66
33 70
33 71
33 76
33 80
33 86
33 87
33 88
33 98
34 4
34 5
34 6
34 10
34 19
34 20
34 21
34 51
34 61
34 66
34 76
34 78
34 79
34 98
35 5
35 18
35 50
35 52
35 61
35 62
35 63
35 65
35 66
35 67
35 78
35 79
36 19
36 22
36 51
36 62
36 66
37 0
37 1
37 20
37 21
37 57
37 63
37 64
37 65
37 84
37 86
38 0
38 1
38 43
38 58
38 64
38 84
38 86
39 42
39 44
39 58
39 85
40 12
40 43
40 47
40 48
40 49
40 66
40 67
40 68
41 12
41 13
41 47
41 48
41 49
41 56
41 87
41 88
42 45
42 49
42 57
42 58
42 59
42 89
43 13
43 14
43 44
43 45
43 47
43 49
43 86
43 89
43 97
43 98
44 10
44 14
44 43
44 49
44 50
44 85
44 86
44 88
44 89
44 90
44 96
44 98
45 9
45 10
45 12
45 13
45 26
45 27
45 38
45 39
45 40
45 42
45 46
45 48
45 85
45 86
45 87
45 89
45 97
46 0
46 1
46 10
46 12
46 26
46 27
46 38
46 46
46 56
46 85
46 86
46 89
46 90
47 2
47 3
47 12
47 13
47 38
47 41
47 46
47 55
47 56
47 57
47 86
47 87
47 89
47 90
47 91
47 99
48 0
48 3
48 39
48 41
48 43
48 54
48 58
48 86
48 87
48 88
48 89
48 90
49 1
49 2
49 3
49 53
49 54
49 57
49 58
49 59
49 80
49 81
49 88
50 23
50 54
50 58
50 80
50 81
51 22
51 23
51 24
51 54
51 60
51 62
51 63
52 25
52 55
52 60
52 64
52 95
52 97
53 21
53 22
53 24
53 58
53 59
53 61
53 65
53 95
53 96
54 2
54 3
54 23
54 24
54 26
54 27
54 61
54 64
54 96
55 1
55 3
55 4
55 25
55 26
55 28
55 62
55 63
56 1
56 3
56 28
57 2
58 22
58 23
58 73
58 74
58 93
59 19
59 20
59 22
59 36
59 37
59 38
59 56
59 73
59 74
60 21
60 53
60 55
60 56
60 63
61 37
61 52
61 53
61 61
61 62
61 94
61 95
62 28
62 29
62 53
62 55
62 56
62 57
62 61
62 62
62 63
62 94
63 11
63 12
63 13
63 15
63 16
63 27
63 30
63 57
63 58
64 11
64 12
64 13
64 28
64 29
64 58
64 72
64 73
64 74
64 82
65 11
65 12
65 50
65 56
65 57
65 58
65 82
66 5
66 6
66 11
66 12
66 14
66 31
66 49
66 51
66 56
66 57
66 82
67 5
67 6
67 14
67 17
67 18
67 19
67 20
67 21
67 30
67 31
67 32
67 33
67 50
67 56
67 57
67 92
67 93
67 94
68 2
68 3
68 4
68 5
68 13
68 14
68 17
68 20
68 21
68 22
68 29
68 30
68 33
68 34
68 35
68 56
68 57
68 59
68 60
68 61
68 78
68 79
68 80
68 91
68 95
69 1
69 4
69 5
69 12
69 13
69 17
69 18
69 23
69 24
69 28
69 29
69 36
69 37
69 55
69 57
69 58
69 59
69 60
69 91
69 95
69 97
69 98
69 99
70 1
70 5
70 6
70 17
70 20
70 22
70 23
70 24
70 25
70 26
70 28
70 29
70 30
70 31
70 32
70 34
70 37
70 56
70 62
70 82
70 91
70 95
71 3
71 7
71 8
71 18
71 26
71 27
71 30
71 31
71 36
71 37
71 50
71 51
71 58
71 61
71 82
71 92
71 93
71 94
72 4
72 5
72 7
72 10
72 16
72 19
72 20
72 21
72 22
72 23
72 24
72 26
72 27
72 30
72 31
72 32
72 36
72 50
72 59
72 61
72 62
72 82
73 4
73 5
73 9
73 10
73 19
73 21
73 22
73 32
73 35
73 98
74 3
74 4
74 9
74 19
74 20
74 21
74 24
74 25
74 34
74 55
74 56
74 95
74 96
75 3
75 4
75 18
75 19
75 20
75 22
75 23
75 54
75 56
75 63
75 70
75 71
75 95
76 0
76 6
76 7
76 12
76 13
76 14
76 18
76 22
76 53
76 54
76 56
76 62
76 64
76 69
76 72
76 95
76 96
77 4
77 5
77 6
77 11
77 14
77 56
77 62
77 64
77 70
77 71
77 77
77 78
77 97
77 99
78 5
78 6
78 11
78 15
78 51
78 63
78 76
78 79
78 97
78 99
79 10
79 15
79 27
79 50
79 55
79 56
79 59
79 75
79 76
79 78
79 79
79 97
79 98
80 10
80 25
80 26
80 28
80 29
80 49
80 50
80 51
80 52
80 53
80 54
80 55
80 56
80 57
80 59
80 77
80 96
80 99
81 10
81 14
81 48
81 49
81 52
81 53
81 54
81 55
81 56
81 57
81 58
81 95
81 99
82 10
82 13
82 14
82 17
82 18
82 19
82 24
82 26
82 49
82 51
82 52
82 53
82 55
82 57
82 58
82 95
82 98
83 11
83 12
83 16
83 18
83 24
83 28
83 50
83 57
83 58
83 95
83 98
84 10
84 11
84 16
84 17
84 18
84 24
84 25
84 28
84 51
84 52
84 53
84 55
84 56
84 72
84 73
84 81
84 96
84 97
85 11
85 12
85 13
85 17
85 25
85 26
85 27
85 42
85 43
85 72
85 74
85 78
85 83
85 94
85 95
85 96
86 11
86 12
86 13
86 15
86 16
86 26
86 42
86 43
86 72
86 74
86 76
86 77
86 83
86 93
86 94
86 95
87 16
87 81
87 83
87 84
87 92
87 94
87 96
88 12
88 16
88 39
88 66
88 67
88 73
88 74
88 78
88 79
88 86
88 87
88 91
88 92
88 93
88 95
88 96
88 97
89 0
89 1
89 12
89 16
89 39
89 65
89 68
89 73
89 74
89 75
89 92
89 94
89 96
90 0
90 1
90 2
90 13
90 15
90 39
90 65
90 67
90 72
90 73
90 76
90 78
90 88
90 93
90 94
90 95
91 0
91 3
91 42
91 54
91 55
91 64
91 76
91 78
91 84
91 94
92 0
92 1
92 2
92 3
92 4
92 35
92 36
92 37
92 42
92 43
92 44
92 53
92 55
92 64
92 65
92 66
92 77
92 82
92 83
92 86
92 87
92 88
93 0
93 2
93 4
93 42
93 44
93 45
93 46
93 55
93 63
93 72
94 0
94 1
94 3
94 4
94 5
94 13
94 14
94 20
94 21
94 39
94 41
94 45
94 46
94 47
94 64
94 67
94 68
94 70
94 73
95 0
95 3
95 13
95 14
95 20
95 21
95 39
95 41
95 46
95 65
95 66
95 67
95 73
95 98
95 99
96 0
96 1
96 39
96 59
96 60
96 61
96 66
96 70
96 72
96 88
96 89
96 90
96 97
96 98
96 99
97 1
97 2
97 44
97 88
97 90
97 96
97 97
98 0
98 5
98 25
98 26
98 44
98 45
98 46
98 47
98 87
98 90
98 99
99 1
99 3
99 4
99 6
99 15
99 16
99 25
99 26
99 45
99 46
99 47
99 88
99 91
99 95
