0 46
0 60
0 63
0 67
0 68
0 69
0 83
0 84
0 88
0 89
0 96
0 97
0 98
1 36
1 37
1 42
1 46
1 60
1 63
1 64
1 66
1 67
1 68
1 71
1 95
2 12
2 13
2 35
2 38
2 42
2 44
2 57
2 63
2 66
2 67
2 69
2 71
2 72
2 94
2 95
2 96
2 99
3 11
3 12
3 13
3 14
3 23
3 24
3 36
3 37
3 56
3 62
3 66
3 67
3 71
3 73
3 74
3 78
3 79
3 80
3 92
3 93
3 97
3 98
4 11
4 12
4 13
4 14
4 15
4 22
4 25
4 50
4 51
4 52
4 53
4 57
4 62
4 68
4 69
4 75
4 90
4 98
5 15
5 16
5 23
5 25
5 49
5 51
5 52
5 53
5 54
5 55
5 61
5 72
5 75
5 76
5 88
5 89
5 96
5 97
6 6
6 7
6 24
6 35
6 54
6 58
6 61
6 74
6 75
6 76
6 77
6 81
6 90
7 6
7 7
7 11
7 12
7 35
7 48
7 53
7 54
7 60
7 71
7 75
7 77
7 78
7 79
7 80
7 81
7 90
7 92
7 94
8 11
8 12
8 13
8 35
8 44
8 45
8 46
8 47
8 51
8 53
8 59
8 63
8 64
8 72
8 73
8 75
8 77
8 79
8 80
8 81
8 83
8 86
8 87
8 91
8 92
9 14
9 29
9 30
9 31
9 43
9 46
9 47
9 49
9 53
9 55
9 60
9 72
9 73
9 75
9 76
9 78
9 84
10 14
10 16
10 17
10 44
10 46
10 47
10 50
10 55
10 56
10 59
10 63
10 88
10 93
11 11
11 17
11 18
11 36
11 45
11 56
11 59
11 60
11 63
11 76
11 82
12 10
12 14
12 35
12 37
12 59
12 60
12 62
12 63
12 76
12 82
12 84
12 86
12 87
12 91
12 93
12 96
13 11
13 12
13 13
13 35
13 38
13 85
13 90
13 91
13 95
14 12
14 18
14 36
14 37
14 44
14 45
14 61
14 63
14 68
14 69
14 89
14 91
15 17
15 19
15 43
15 46
15 58
15 59
15 62
15 67
15 68
15 69
15 89
15 92
16 16
16 19
16 44
16 45
16 58
16 59
16 63
16 64
16 65
16 90
16 92
17 17
17 18
17 62
17 90
17 91
17 92
18 28
18 29
18 61
18 65
18 66
18 67
18 68
18 69
18 70
18 71
19 23
19 24
19 27
19 29
19 36
19 37
19 42
19 43
19 47
19 48
19 62
19 63
19 64
19 65
19 66
19 67
19 68
19 69
19 72
20 21
20 22
20 23
20 24
20 27
20 28
20 29
20 35
20 36
20 37
20 41
20 42
20 44
20 47
20 48
20 58
20 59
20 68
20 69
20 70
20 71
20 83
20 85
21 3
21 4
21 5
21 22
21 24
21 34
21 35
21 37
21 40
21 42
21 43
21 44
21 55
21 56
21 58
21 59
21 63
21 83
21 86
22 20
22 22
22 23
22 33
22 34
22 37
22 40
22 41
22 55
22 57
22 58
22 62
22 64
22 82
22 86
23 13
23 23
23 26
23 27
23 32
23 36
23 40
23 44
23 45
23 46
23 47
23 56
23 57
23 61
23 64
23 84
23 85
24 12
24 14
24 20
24 23
24 25
24 28
24 31
24 33
24 36
24 39
24 40
24 44
24 47
24 48
24 62
24 63
24 83
24 84
24 85
25 12
25 14
25 21
25 22
25 26
25 27
25 28
25 30
25 32
25 41
25 44
25 49
25 88
25 89
25 90
26 13
26 29
26 30
26 33
26 36
26 37
26 38
26 46
26 47
26 48
26 64
26 65
26 66
26 87
26 92
26 94
26 95
27 1
27 8
27 9
27 28
27 35
27 37
27 38
27 40
27 41
27 47
27 64
27 65
27 66
27 67
27 87
28 2
28 7
28 9
28 16
28 17
28 28
28 31
28 33
28 34
28 35
28 63
28 64
28 66
28 67
28 85
28 86
28 88
28 89
28 90
28 96
29 1
29 8
29 15
29 18
29 23
29 24
29 31
29 84
29 87
29 93
30 1
30 16
30 18
30 23
30 24
30 29
30 48
30 57
30 84
30 86
30 95
30 96
30 99
31 5
31 6
31 11
31 16
31 17
31 18
31 47
31 49
31 50
31 57
31 58
31 59
31 75
31 76
31 77
31 85
31 97
31 99
32 0
32 3
32 4
32 6
32 7
32 11
32 50
32 57
32 59
32 60
32 63
32 99
33 3
33 13
33 14
33 45
33 50
33 53
33 58
33 62
33 63
33 70
33 71
33 74
33 75
34 8
34 9
34 10
34 15
34 45
34 49
34 52
34 56
34 59
34 60
34 61
34 62
34 63
34 70
34 71
34 73
34 74
34 75
35 1
35 3
35 5
35 13
35 39
35 44
35 49
35 53
35 56
35 60
35 61
35 76
36 1
36 3
36 9
36 10
36 13
36 38
36 40
36 41
36 44
36 45
36 46
36 47
36 48
36 49
36 50
36 54
36 66
36 70
36 71
36 73
36 75
36 76
36 84
37 1
37 2
37 9
37 10
37 11
37 40
37 42
37 46
37 47
37 48
37 49
37 50
37 72
37 84
38 40
38 42
38 45
38 56
38 94
38 95
39 39
39 40
39 43
39 45
39 55
39 57
39 94
39 96
40 9
40 10
40 15
40 38
40 40
40 41
40 45
40 46
40 47
40 58
40 95
41 8
41 9
41 10
41 11
41 13
41 14
41 16
41 26
41 29
41 36
41 37
41 38
41 42
41 44
41 45
41 48
41 55
41 58
41 70
42 9
42 17
42 25
42 44
42 45
42 48
42 54
42 57
42 66
42 69
42 71
43 5
43 7
43 10
43 14
43 17
43 18
43 22
43 26
43 28
43 34
43 40
43 42
43 45
43 46
43 47
43 55
43 57
43 61
43 62
43 63
43 66
43 68
43 69
43 70
44 6
44 8
44 10
44 14
44 16
44 17
44 18
44 19
44 20
44 21
44 22
44 23
44 27
44 34
44 40
44 42
44 43
44 47
44 59
44 60
44 69
44 70
44 71
44 72
44 74
44 85
44 86
45 6
45 8
45 9
45 10
45 12
45 18
45 19
45 20
45 21
45 23
45 34
45 40
45 42
45 43
45 44
45 47
45 61
45 62
45 63
45 68
45 70
45 71
45 72
45 84
45 85
46 6
46 12
46 18
46 19
46 20
46 44
46 61
46 67
46 68
46 70
46 73
46 74
46 83
46 84
46 95
46 96
46 97
47 1
47 3
47 4
47 8
47 9
47 11
47 18
47 23
47 24
47 45
47 46
47 47
47 52
47 53
47 66
47 67
47 70
47 71
47 83
47 84
48 0
48 8
48 18
48 22
48 23
48 24
48 40
48 52
48 53
48 58
48 59
48 62
48 63
48 67
48 69
48 82
48 84
48 86
48 87
48 99
49 0
49 4
49 9
49 10
49 11
49 39
49 40
49 57
49 62
49 63
49 69
49 86
49 99
50 0
50 1
50 2
50 3
50 10
50 11
50 12
50 22
50 23
50 39
50 44
50 45
50 47
50 48
50 57
50 58
50 59
50 81
50 98
51 10
51 11
51 12
51 41
51 42
51 43
51 47
51 48
51 58
51 65
51 79
51 80
51 84
52 9
52 10
52 11
52 40
52 49
52 61
52 78
52 82
52 83
53 9
53 22
53 23
53 26
53 39
53 49
53 50
53 58
53 59
53 60
53 64
53 78
53 82
53 83
54 22
54 23
54 26
54 40
54 45
54 46
54 48
54 57
54 58
54 63
54 70
54 72
54 79
54 80
55 22
55 23
55 24
55 45
55 46
55 56
55 57
55 59
55 62
55 69
55 73
55 83
55 86
56 22
56 24
56 42
56 45
56 46
56 57
56 58
56 60
56 61
56 69
56 74
56 83
56 86
56 97
57 22
57 24
57 30
57 31
57 43
57 44
57 45
57 46
57 58
57 59
57 69
57 70
57 71
57 82
57 96
57 98
58 0
58 1
58 2
58 5
58 23
58 30
58 31
58 69
58 75
58 76
58 82
58 88
58 95
59 0
59 1
59 2
59 3
59 5
59 72
59 75
59 76
59 83
59 85
59 94
59 95
59 98
59 99
60 4
60 56
60 72
60 75
60 76
60 84
60 86
60 87
60 89
60 90
60 91
60 92
60 95
60 96
60 98
60 99
61 0
61 2
61 55
61 57
61 88
61 89
61 91
61 92
61 96
61 98
62 0
62 1
62 2
62 3
62 4
62 11
62 12
62 39
62 43
62 44
62 55
62 57
62 72
62 88
62 89
62 93
63 0
63 2
63 5
63 9
63 14
63 38
63 39
63 40
63 56
63 73
63 90
63 93
64 0
64 2
64 13
64 14
64 27
64 37
64 38
64 39
64 40
64 42
64 43
64 51
64 53
64 61
64 93
65 0
65 1
65 2
65 3
65 4
65 26
65 28
65 36
65 37
65 38
65 40
65 41
65 44
65 52
65 54
65 55
65 62
65 63
65 93
65 96
65 97
65 98
65 99
66 2
66 3
66 12
66 25
66 29
66 30
66 37
66 38
66 43
66 44
66 46
66 51
66 52
66 61
66 62
66 63
66 93
66 95
66 98
67 9
67 21
67 25
67 27
67 29
67 30
67 38
67 44
67 47
67 51
67 56
67 81
67 84
67 90
67 91
67 93
67 95
67 97
67 98
68 9
68 11
68 12
68 20
68 21
68 22
68 23
68 29
68 30
68 45
68 48
68 51
68 55
68 81
68 82
68 83
68 84
68 93
68 95
68 96
69 10
69 20
69 21
69 23
69 25
69 27
69 28
69 34
69 35
69 41
69 46
69 47
69 48
69 55
69 56
69 57
69 78
69 79
69 81
69 84
69 90
69 91
69 92
69 94
69 96
70 28
70 34
70 36
70 39
70 40
70 41
70 48
70 49
70 51
70 52
70 54
70 56
70 57
70 58
70 61
70 62
70 76
70 77
70 78
70 89
70 92
70 93
70 94
70 97
71 1
71 4
71 5
71 6
71 8
71 18
71 19
71 22
71 23
71 25
71 27
71 34
71 38
71 39
71 40
71 52
71 54
71 61
71 62
71 76
71 77
71 90
71 97
72 0
72 1
72 2
72 3
72 4
72 6
72 7
72 8
72 17
72 20
72 24
72 25
72 27
72 31
72 39
72 53
72 54
72 55
72 56
72 57
72 62
72 71
72 73
72 74
72 77
72 91
72 92
72 98
73 0
73 3
73 4
73 6
73 7
73 18
73 19
73 27
73 31
73 36
73 37
73 38
73 62
73 63
73 69
73 70
73 73
73 77
73 95
73 98
74 1
74 2
74 3
74 31
74 32
74 53
74 54
74 61
74 64
74 69
74 76
74 77
74 78
74 97
74 98
74 99
75 2
75 22
75 23
75 24
75 32
75 44
75 46
75 52
75 56
75 61
75 64
75 69
75 71
75 76
75 96
75 97
76 22
76 24
76 30
76 31
76 43
76 46
76 51
76 56
76 57
76 61
76 65
76 66
76 69
76 70
76 71
76 74
76 75
76 76
77 24
77 43
77 44
77 45
77 52
77 54
77 56
77 57
77 62
77 63
77 65
77 66
77 69
77 73
77 76
78 8
78 23
78 42
78 43
78 53
78 63
78 64
78 65
78 66
78 67
78 68
78 69
78 72
78 74
78 75
78 76
78 77
78 85
79 8
79 14
79 15
79 16
79 21
79 22
79 23
79 67
79 70
79 72
79 82
79 83
79 88
79 90
80 12
80 16
80 57
80 66
80 72
80 74
80 76
80 82
81 6
81 12
81 13
81 14
81 16
81 41
81 57
81 67
81 71
81 74
81 81
81 85
81 86
81 91
81 92
82 5
82 6
82 15
82 45
82 68
82 69
82 72
82 81
82 84
82 86
82 87
83 4
83 5
83 6
83 7
83 8
83 9
83 11
83 16
83 23
83 24
83 43
83 45
83 68
83 71
83 72
83 82
83 85
83 86
84 3
84 4
84 23
84 24
84 31
84 32
84 54
84 55
84 68
84 71
84 72
84 83
84 88
84 90
84 91
85 4
85 5
85 24
85 30
85 31
85 32
85 40
85 41
85 54
85 55
85 68
85 83
85 87
85 88
85 90
85 91
85 96
85 97
85 98
86 8
86 10
86 14
86 15
86 30
86 33
86 40
86 41
86 69
86 86
86 87
86 90
86 91
87 0
87 6
87 7
87 8
87 13
87 14
87 15
87 31
87 32
87 79
87 80
87 88
87 89
87 94
88 0
88 6
88 13
88 15
88 79
88 80
88 94
89 0
89 5
89 10
89 12
89 13
89 15
89 16
89 18
89 36
89 37
89 39
89 40
89 41
89 42
89 72
89 73
89 78
89 94
90 9
90 11
90 15
90 20
90 37
90 42
90 43
90 51
90 52
90 53
90 61
90 79
90 80
90 81
90 84
91 6
91 7
91 8
91 29
91 30
91 31
91 34
91 37
91 43
91 51
91 53
91 59
91 60
91 61
91 66
91 67
91 79
91 83
91 85
91 96
91 97
91 98
92 6
92 15
92 31
92 34
92 38
92 50
92 53
92 58
92 63
92 64
92 80
92 83
92 84
92 85
92 86
93 2
93 3
93 4
93 5
93 6
93 9
93 10
93 16
93 29
93 30
93 31
93 34
93 39
93 42
93 43
93 49
93 50
93 52
93 53
93 56
93 60
93 61
93 63
93 64
93 66
93 70
93 72
93 81
93 83
93 85
93 86
94 1
94 2
94 11
94 19
94 22
94 39
94 42
94 43
94 50
94 52
94 56
94 60
94 63
94 64
94 70
94 73
94 76
94 82
94 83
94 84
95 2
95 9
95 10
95 20
95 21
95 27
95 41
95 51
95 52
95 59
95 60
95 61
95 62
95 63
95 64
95 73
95 77
96 6
96 25
96 26
96 28
96 29
96 53
96 55
96 57
96 58
96 60
96 62
96 64
96 69
96 72
97 5
97 25
97 26
97 31
97 32
97 33
97 47
97 53
97 59
97 64
97 65
97 66
97 68
97 69
97 71
97 72
97 73
97 74
97 76
98 27
98 29
98 46
98 47
98 53
98 57
98 58
98 59
98 65
98 66
98 68
98 69
98 71
98 75
99 2
99 28
99 55
99 56
99 57
99 58
99 59
99 60
99 61
99 63
99 66
99 69
