0 14
0 17
0 70
0 88
0 91
0 97
0 98
1 15
1 16
1 36
1 37
1 88
1 89
1 91
1 96
2 35
2 38
3 23
3 24
3 36
3 37
3 91
3 92
4 11
4 12
4 13
4 22
4 25
4 52
4 53
4 54
4 55
4 56
4 87
5 23
5 25
5 52
5 54
5 55
5 57
5 87
6 24
6 43
6 44
6 57
6 58
6 68
6 69
6 71
6 72
6 87
7 34
7 35
7 36
7 43
7 44
7 48
7 49
7 55
7 56
7 68
7 71
8 30
8 48
8 49
8 61
8 62
8 67
8 68
8 70
8 71
8 73
8 74
8 76
8 77
9 30
9 60
9 61
9 68
9 71
9 72
9 73
9 74
9 75
9 76
10 30
10 60
10 69
10 73
11 70
11 72
12 71
12 86
13 85
13 87
13 88
13 89
13 90
13 91
14 35
14 72
14 85
14 92
15 18
15 19
15 20
15 22
15 23
15 35
15 71
15 73
15 83
15 84
15 88
15 90
15 91
16 20
16 21
16 22
16 24
16 35
16 69
16 70
16 76
16 82
16 87
16 88
16 91
17 22
17 68
17 70
17 75
17 76
17 82
17 88
17 89
17 90
17 93
17 94
17 95
18 21
18 22
18 23
18 40
18 41
18 67
18 68
18 70
18 72
18 73
18 75
18 87
18 89
18 90
19 21
19 22
19 40
19 41
19 67
19 72
19 75
19 76
19 82
19 88
19 89
20 4
20 18
20 19
20 21
20 22
20 67
20 68
20 69
20 70
20 71
20 83
20 85
20 86
20 88
21 4
21 20
21 21
21 68
21 72
21 87
22 4
22 20
22 68
22 69
22 70
22 72
23 15
23 52
23 53
23 68
24 15
24 52
24 53
24 68
24 72
25 72
25 78
25 79
25 81
26 12
26 13
26 20
26 21
26 37
26 66
26 77
26 81
27 11
27 13
27 20
27 21
27 37
27 53
27 65
27 66
27 72
27 77
27 79
27 80
28 6
28 11
28 37
28 53
28 65
28 66
28 67
28 68
28 69
28 71
28 78
29 6
29 7
29 8
29 11
29 18
29 53
29 65
29 66
29 67
30 8
30 9
30 16
30 17
30 19
30 82
30 83
30 84
31 1
31 5
31 6
31 8
31 10
31 17
31 19
31 20
31 81
32 1
32 10
32 12
32 17
32 18
32 20
32 21
32 68
32 71
32 72
32 87
33 1
33 7
33 8
33 9
33 10
33 14
33 15
33 16
33 17
33 20
33 59
33 69
33 72
33 82
33 84
34 5
34 17
34 20
34 34
34 35
34 36
34 58
34 59
34 69
34 70
34 71
34 81
34 84
34 86
34 87
35 6
35 7
35 10
35 13
35 16
35 17
35 19
35 80
35 81
35 86
35 87
36 1
36 7
36 10
36 13
36 32
36 56
36 57
36 58
36 59
36 83
36 86
37 0
37 1
37 2
37 11
37 13
37 14
37 32
37 37
37 38
37 39
37 44
37 45
37 51
37 52
37 59
37 61
37 62
37 63
37 83
37 85
38 0
38 1
38 2
38 3
38 9
38 10
38 32
38 37
38 38
38 39
38 50
38 51
38 54
38 55
38 56
38 57
38 58
38 59
38 99
39 9
39 10
39 11
39 13
39 14
39 53
39 55
39 56
39 82
39 86
39 98
39 99
40 11
40 14
40 34
40 35
40 36
40 48
40 49
40 50
40 51
40 58
40 59
40 83
40 84
40 85
40 97
40 98
41 0
41 1
41 11
41 13
41 49
41 55
41 59
41 91
41 99
42 0
42 1
42 2
42 12
42 49
42 90
42 91
42 92
43 51
43 53
43 85
43 87
43 89
43 90
43 92
44 50
44 52
44 53
44 54
44 85
44 87
44 88
44 89
44 91
44 93
45 24
45 25
45 50
45 53
45 54
45 86
45 87
45 91
45 92
46 24
46 25
46 48
46 49
46 51
46 52
46 87
47 51
47 90
47 91
48 47
48 88
48 89
49 50
49 80
49 81
50 48
50 50
50 51
50 80
50 81
51 84
51 85
51 86
52 33
52 34
52 35
52 50
52 52
52 85
52 86
53 33
53 35
53 51
54 3
54 33
54 36
55 3
55 15
55 16
55 17
55 34
55 36
55 42
55 97
55 98
55 99
56 3
56 34
56 35
56 36
56 42
57 43
57 90
57 91
58 27
58 90
58 92
59 26
59 28
59 29
59 31
59 46
59 54
59 55
59 92
60 27
60 29
60 30
60 32
60 40
60 41
60 46
60 54
60 55
60 88
60 92
61 29
61 30
61 32
61 33
61 40
61 42
61 46
61 75
61 76
61 87
62 29
62 30
62 33
62 41
62 43
62 74
62 77
62 91
63 29
63 30
63 33
63 42
63 74
63 76
63 87
63 91
64 30
64 31
64 32
64 75
64 79
64 87
64 89
64 90
64 92
65 31
65 79
65 89
65 91
65 93
66 68
66 79
66 89
66 91
66 92
67 63
67 67
67 68
67 69
67 89
67 92
68 50
68 51
68 62
68 63
68 67
68 68
68 70
68 90
68 91
69 50
69 51
69 61
69 63
69 65
69 68
69 70
69 71
70 65
70 70
70 76
70 79
70 82
71 64
71 66
71 70
71 77
71 78
71 79
71 80
71 83
71 95
72 5
72 58
72 64
72 65
72 67
72 68
72 82
72 95
73 4
73 5
73 6
73 57
73 60
73 64
73 67
73 68
73 69
73 81
73 82
73 95
74 4
74 7
74 45
74 57
74 60
74 61
74 62
74 67
74 68
74 73
74 79
74 81
75 6
75 7
75 9
75 17
75 44
75 46
75 58
75 59
75 60
75 61
75 62
75 63
75 67
75 68
75 74
75 80
76 6
76 16
76 18
76 43
76 46
76 47
76 61
76 62
76 72
76 73
77 6
77 15
77 43
77 46
77 71
78 6
78 9
78 16
78 18
78 19
78 43
78 45
78 72
79 6
79 9
79 13
79 15
79 16
79 17
79 19
79 72
80 7
80 8
80 9
80 12
80 16
80 17
80 18
80 44
80 45
81 13
81 14
81 19
81 22
81 23
81 24
81 67
81 78
81 79
81 80
82 15
82 16
82 18
82 68
82 74
82 75
82 76
82 78
82 80
82 99
83 17
83 68
83 74
83 75
83 76
83 78
83 79
83 80
83 99
84 9
84 45
84 50
84 99
85 9
85 44
85 45
85 47
85 48
85 50
86 9
86 43
86 45
86 47
86 48
86 49
86 50
86 56
86 57
87 42
87 47
87 55
87 58
87 84
87 85
87 87
87 88
88 24
88 25
88 47
88 48
88 56
88 57
88 84
88 85
88 89
89 23
89 26
89 43
89 86
89 89
90 24
90 25
90 44
90 47
90 88
91 45
91 47
91 72
91 73
91 74
92 65
92 92
92 93
93 45
93 46
93 47
93 64
93 65
93 66
93 75
93 91
93 92
93 93
94 13
94 14
94 63
94 66
94 70
94 91
94 92
95 2
95 3
95 13
95 14
95 62
95 63
95 64
95 68
95 69
95 70
95 72
95 73
95 91
95 92
95 93
96 1
96 4
96 62
96 63
96 68
96 69
96 72
96 90
96 92
96 96
96 97
97 2
97 3
97 63
97 65
97 68
97 69
97 72
97 80
97 81
97 90
97 91
97 92
97 95
97 96
97 97
97 98
98 7
98 8
98 25
98 26
98 63
98 65
98 68
98 69
98 71
98 72
98 80
98 81
98 91
98 99
99 7
99 8
99 15
99 16
99 25
99 26
99 64
99 65
99 69
99 71
99 88
99 89
99 97
99 98
