0 0
0 4
0 7
0 11
0 19
0 20
0 23
0 24
0 35
0 36
0 39
0 51
0 52
0 61
0 65
0 66
0 67
0 68
0 76
0 82
0 89
1 0
1 2
1 9
1 14
1 19
1 20
1 21
1 22
1 27
1 31
1 32
1 33
1 34
1 40
1 48
1 52
1 59
1 62
1 65
1 82
1 85
1 86
1 88
1 92
1 93
1 99
2 7
2 8
2 9
2 10
2 15
2 22
2 26
2 27
2 28
2 29
2 30
2 32
2 33
2 34
2 35
2 36
2 47
2 49
2 56
2 57
2 62
2 64
2 65
2 74
2 88
2 91
2 92
3 1
3 10
3 11
3 15
3 16
3 18
3 23
3 24
3 28
3 32
3 40
3 47
3 49
3 53
3 59
3 60
3 64
3 67
3 68
3 69
3 70
3 72
3 75
3 80
3 81
3 83
3 84
3 87
3 90
3 91
3 92
3 97
4 1
4 6
4 7
4 12
4 13
4 14
4 16
4 18
4 19
4 20
4 31
4 33
4 37
4 38
4 40
4 41
4 48
4 54
4 56
4 58
4 71
4 73
4 76
4 80
4 81
4 83
4 85
4 89
4 91
4 97
5 1
5 3
5 10
5 11
5 18
5 19
5 20
5 40
5 41
5 54
5 61
5 83
5 86
5 89
5 90
5 96
5 98
5 99
6 0
6 1
6 2
6 9
6 10
6 40
6 43
6 58
6 61
6 65
6 67
6 68
6 71
6 72
6 84
6 85
6 89
6 90
6 97
7 0
7 1
7 7
7 8
7 9
7 18
7 19
7 20
7 30
7 31
7 38
7 39
7 41
7 43
7 50
7 52
7 53
7 58
7 59
7 60
7 65
7 72
7 84
7 85
7 89
7 90
7 91
7 97
8 7
8 10
8 21
8 27
8 30
8 31
8 37
8 41
8 43
8 49
8 50
8 52
8 59
8 71
8 72
8 78
8 79
8 80
8 85
8 89
8 90
9 3
9 4
9 5
9 16
9 17
9 18
9 19
9 20
9 26
9 28
9 29
9 38
9 40
9 49
9 51
9 70
9 77
9 78
9 80
9 81
9 82
9 83
9 84
9 85
9 89
9 90
9 92
9 93
9 96
10 0
10 11
10 16
10 17
10 20
10 21
10 26
10 28
10 29
10 39
10 42
10 43
10 62
10 64
10 65
10 66
10 72
10 73
10 78
10 80
10 82
10 85
10 91
10 93
10 94
10 95
10 96
10 97
10 99
11 0
11 1
11 11
11 15
11 16
11 17
11 20
11 21
11 29
11 41
11 44
11 60
11 64
11 69
11 70
11 72
11 73
11 76
11 77
11 79
11 80
11 93
11 94
12 1
12 11
12 13
12 15
12 17
12 21
12 27
12 29
12 30
12 41
12 43
12 44
12 60
12 69
12 71
12 73
12 74
12 76
12 81
12 82
12 83
12 94
12 95
12 96
12 97
12 99
13 3
13 5
13 9
13 10
13 11
13 12
13 13
13 15
13 17
13 26
13 45
13 46
13 47
13 53
13 55
13 63
13 65
13 69
13 71
13 73
13 74
13 82
13 97
14 1
14 5
14 11
14 12
14 13
14 15
14 18
14 26
14 31
14 42
14 47
14 48
14 50
14 51
14 52
14 53
14 54
14 66
14 67
14 69
14 70
14 71
14 73
14 87
14 88
14 89
14 95
14 97
15 2
15 4
15 5
15 7
15 10
15 12
15 15
15 16
15 20
15 30
15 31
15 40
15 41
15 51
15 52
15 53
15 55
15 60
15 67
15 68
15 69
15 71
15 72
15 73
15 85
15 86
15 87
15 88
15 89
15 95
15 97
16 2
16 6
16 11
16 14
16 16
16 18
16 20
16 26
16 29
16 39
16 46
16 52
16 58
16 63
16 64
16 67
16 69
16 70
16 72
16 73
16 83
16 84
16 85
16 86
16 88
16 91
16 92
16 93
16 96
17 4
17 7
17 15
17 16
17 21
17 36
17 39
17 43
17 44
17 45
17 46
17 47
17 48
17 49
17 51
17 56
17 57
17 58
17 60
17 61
17 63
17 70
17 83
17 84
17 85
17 87
17 88
17 90
17 91
17 94
17 96
18 2
18 3
18 7
18 11
18 12
18 16
18 17
18 19
18 21
18 22
18 33
18 35
18 36
18 42
18 49
18 51
18 52
18 53
18 54
18 55
18 57
18 58
18 61
18 65
18 69
18 70
18 72
18 73
18 86
18 87
18 89
18 90
18 94
19 6
19 8
19 9
19 10
19 16
19 29
19 31
19 37
19 38
19 40
19 41
19 47
19 52
19 54
19 56
19 58
19 59
19 64
19 65
19 66
19 67
19 70
19 71
19 75
19 76
19 79
19 80
19 89
19 90
19 93
20 3
20 6
20 8
20 14
20 15
20 16
20 20
20 21
20 22
20 25
20 29
20 41
20 45
20 46
20 52
20 56
20 60
20 63
20 70
20 76
20 78
20 79
20 81
20 87
20 93
20 94
20 95
21 6
21 7
21 13
21 16
21 25
21 37
21 38
21 39
21 40
21 41
21 43
21 44
21 51
21 55
21 56
21 59
21 64
21 67
21 68
21 70
21 71
21 73
21 74
21 75
21 76
21 77
21 79
21 82
21 87
21 93
21 94
21 95
21 98
22 9
22 12
22 14
22 26
22 27
22 28
22 29
22 33
22 34
22 36
22 37
22 38
22 39
22 40
22 41
22 42
22 50
22 55
22 59
22 63
22 67
22 72
22 73
22 74
22 76
22 77
22 78
22 79
22 80
22 81
22 82
22 88
22 91
22 92
22 94
23 0
23 1
23 2
23 8
23 9
23 10
23 16
23 17
23 21
23 29
23 38
23 39
23 46
23 47
23 49
23 50
23 51
23 56
23 58
23 59
23 62
23 63
23 70
23 72
23 73
23 76
23 77
23 79
23 81
23 82
23 89
23 92
23 98
24 3
24 7
24 14
24 17
24 20
24 21
24 28
24 41
24 45
24 46
24 63
24 72
24 77
24 79
24 80
24 83
24 84
24 86
24 87
24 90
24 91
24 99
25 6
25 16
25 17
25 32
25 33
25 37
25 41
25 46
25 47
25 52
25 70
25 71
25 77
25 78
25 79
25 84
25 85
25 86
25 93
26 0
26 1
26 5
26 9
26 13
26 15
26 19
26 21
26 22
26 26
26 27
26 32
26 33
26 34
26 37
26 41
26 42
26 43
26 44
26 45
26 46
26 47
26 52
26 54
26 57
26 58
26 60
26 64
26 65
26 66
26 67
26 77
26 80
26 85
26 91
26 99
27 1
27 2
27 10
27 11
27 13
27 19
27 20
27 21
27 23
27 28
27 30
27 36
27 40
27 44
27 51
27 54
27 58
27 62
27 66
27 67
27 68
27 78
27 80
27 92
27 93
28 0
28 1
28 7
28 11
28 12
28 13
28 18
28 26
28 27
28 29
28 30
28 31
28 32
28 34
28 36
28 37
28 38
28 40
28 46
28 58
28 59
28 62
28 64
28 65
28 66
28 68
28 71
28 76
28 77
28 81
28 82
28 92
28 96
28 99
29 0
29 1
29 2
29 6
29 7
29 22
29 23
29 26
29 27
29 28
29 46
29 53
29 57
29 60
29 63
29 66
29 67
29 70
29 76
29 77
29 80
29 81
29 82
29 86
29 88
29 89
29 90
29 92
29 93
29 99
30 0
30 1
30 4
30 7
30 8
30 9
30 12
30 17
30 27
30 34
30 49
30 50
30 51
30 52
30 62
30 64
30 65
30 66
30 67
30 69
30 76
30 77
30 87
30 91
30 92
30 93
30 95
30 98
31 0
31 1
31 2
31 3
31 4
31 6
31 12
31 14
31 15
31 27
31 34
31 43
31 45
31 46
31 52
31 55
31 60
31 62
31 66
31 69
31 70
31 74
31 75
31 84
31 85
31 87
31 98
32 2
32 3
32 4
32 5
32 6
32 7
32 12
32 13
32 14
32 15
32 30
32 31
32 32
32 33
32 45
32 46
32 47
32 48
32 49
32 52
32 56
32 65
32 67
32 68
32 70
32 71
32 74
32 85
32 95
32 96
33 2
33 4
33 5
33 14
33 15
33 21
33 22
33 23
33 31
33 33
33 38
33 43
33 44
33 46
33 47
33 50
33 51
33 52
33 53
33 54
33 55
33 58
33 59
33 64
33 65
33 72
33 73
33 84
33 95
33 96
34 9
34 21
34 22
34 23
34 27
34 28
34 29
34 30
34 34
34 36
34 45
34 47
34 49
34 55
34 56
34 59
34 61
34 62
34 64
34 65
34 68
34 97
35 0
35 5
35 21
35 22
35 28
35 33
35 35
35 36
35 37
35 41
35 43
35 44
35 47
35 48
35 50
35 54
35 55
35 60
35 61
35 62
35 63
35 64
35 68
35 70
35 71
35 72
35 76
35 77
35 83
35 89
35 97
36 6
36 8
36 9
36 11
36 12
36 13
36 26
36 28
36 33
36 35
36 37
36 38
36 39
36 43
36 44
36 45
36 46
36 51
36 59
36 64
36 68
36 69
36 75
36 83
36 84
36 92
36 93
36 97
36 98
37 0
37 1
37 4
37 5
37 7
37 8
37 9
37 11
37 12
37 18
37 19
37 20
37 26
37 28
37 29
37 33
37 38
37 39
37 45
37 46
37 51
37 52
37 53
37 55
37 71
37 72
37 76
37 77
37 78
37 83
37 84
37 92
37 93
37 94
37 96
37 98
37 99
38 1
38 8
38 10
38 11
38 18
38 19
38 26
38 33
38 38
38 40
38 45
38 46
38 51
38 59
38 63
38 65
38 67
38 68
38 69
38 70
38 71
38 72
38 73
38 74
38 75
38 76
38 79
38 93
38 94
38 96
38 97
39 0
39 5
39 6
39 8
39 10
39 12
39 32
39 52
39 60
39 61
39 65
39 70
39 72
39 73
39 78
39 79
39 84
39 85
39 86
39 87
39 88
39 93
39 94
40 0
40 10
40 11
40 12
40 43
40 45
40 47
40 51
40 52
40 56
40 60
40 61
40 64
40 73
40 77
40 80
40 83
40 84
40 85
40 89
40 93
40 94
40 98
41 4
41 5
41 7
41 8
41 9
41 16
41 43
41 46
41 50
41 51
41 52
41 53
41 54
41 56
41 69
41 70
41 78
41 79
41 80
41 82
41 92
41 93
41 94
41 98
41 99
42 3
42 7
42 8
42 9
42 10
42 11
42 12
42 14
42 18
42 19
42 43
42 46
42 47
42 48
42 55
42 66
42 69
42 71
42 80
42 81
42 82
42 83
42 85
42 87
42 89
42 90
42 93
42 98
43 9
43 18
43 36
43 38
43 45
43 47
43 51
43 53
43 54
43 55
43 67
43 71
43 80
43 81
43 83
43 89
43 90
43 93
43 94
43 95
43 96
43 97
43 98
44 2
44 10
44 12
44 13
44 16
44 17
44 23
44 31
44 36
44 37
44 38
44 48
44 49
44 51
44 53
44 66
44 70
44 80
44 81
44 82
44 89
44 91
44 94
44 95
44 96
44 97
44 98
45 16
45 17
45 21
45 24
45 29
45 30
45 32
45 33
45 36
45 37
45 47
45 53
45 54
45 57
45 58
45 60
45 67
45 68
45 69
45 73
45 74
45 75
45 79
45 80
45 90
45 91
45 92
46 2
46 3
46 9
46 10
46 11
46 12
46 13
46 14
46 15
46 16
46 21
46 24
46 30
46 31
46 32
46 33
46 45
46 50
46 54
46 57
46 72
46 73
46 74
46 78
46 79
46 80
46 89
46 90
46 91
47 2
47 3
47 4
47 9
47 15
47 16
47 19
47 20
47 22
47 23
47 29
47 32
47 43
47 44
47 47
47 52
47 54
47 56
47 58
47 63
47 64
47 70
47 71
47 74
47 75
47 79
47 80
47 87
47 88
47 90
47 91
48 1
48 2
48 4
48 5
48 8
48 9
48 11
48 13
48 14
48 16
48 17
48 18
48 19
48 20
48 23
48 24
48 25
48 30
48 43
48 44
48 46
48 48
48 49
48 51
48 52
48 54
48 55
48 56
48 63
48 64
48 70
48 72
48 78
48 79
48 85
48 86
48 90
49 2
49 4
49 8
49 9
49 11
49 13
49 20
49 21
49 23
49 24
49 25
49 26
49 37
49 43
49 44
49 46
49 52
49 53
49 54
49 55
49 56
49 57
49 58
49 63
49 64
49 70
49 72
49 74
49 85
49 86
49 87
49 91
49 96
49 97
50 2
50 8
50 13
50 17
50 18
50 20
50 21
50 23
50 36
50 38
50 40
50 41
50 48
50 49
50 52
50 53
50 60
50 65
50 67
50 68
50 72
50 74
50 75
50 76
50 77
50 85
50 87
50 89
50 90
50 91
50 96
50 97
51 10
51 11
51 12
51 13
51 14
51 17
51 18
51 19
51 25
51 27
51 36
51 37
51 39
51 40
51 41
51 48
51 49
51 53
51 54
51 55
51 56
51 57
51 58
51 59
51 63
51 64
51 66
51 67
51 68
51 69
51 70
51 77
51 78
51 89
51 90
51 92
51 93
51 96
51 98
52 0
52 1
52 2
52 9
52 12
52 16
52 19
52 36
52 39
52 40
52 41
52 47
52 57
52 58
52 59
52 60
52 62
52 63
52 66
52 71
52 76
52 77
52 78
52 79
52 82
52 91
52 92
52 93
52 97
53 0
53 1
53 2
53 4
53 6
53 7
53 8
53 13
53 14
53 15
53 17
53 18
53 25
53 37
53 46
53 47
53 48
53 51
53 55
53 56
53 60
53 61
53 62
53 63
53 67
53 74
53 75
53 76
53 77
53 78
53 79
53 80
53 89
53 91
53 93
53 94
53 98
53 99
54 0
54 1
54 9
54 10
54 13
54 14
54 16
54 18
54 19
54 26
54 28
54 29
54 47
54 51
54 55
54 59
54 60
54 63
54 72
54 74
54 79
54 80
54 88
54 89
54 91
54 93
55 1
55 5
55 9
55 18
55 19
55 30
55 50
55 51
55 55
55 56
55 58
55 61
55 71
55 72
55 79
55 80
55 91
55 93
56 10
56 11
56 18
56 19
56 28
56 34
56 35
56 39
56 47
56 49
56 50
56 51
56 52
56 56
56 60
56 61
56 71
56 72
56 74
56 75
56 78
56 86
56 89
57 5
57 10
57 11
57 12
57 27
57 31
57 32
57 33
57 34
57 35
57 38
57 39
57 47
57 48
57 49
57 59
57 67
57 68
57 69
57 73
57 75
57 76
57 77
57 78
57 79
57 83
57 84
57 85
57 86
57 93
57 94
57 95
58 5
58 16
58 19
58 22
58 23
58 24
58 28
58 29
58 30
58 38
58 39
58 45
58 46
58 47
58 56
58 69
58 71
58 74
58 76
58 77
58 86
58 87
58 88
58 96
59 8
59 9
59 13
59 16
59 24
59 31
59 32
59 34
59 44
59 45
59 46
59 54
59 56
59 57
59 58
59 66
59 74
59 75
59 83
59 91
60 0
60 1
60 2
60 3
60 5
60 15
60 17
60 18
60 33
60 34
60 45
60 46
60 51
60 53
60 54
60 56
60 57
60 58
60 59
60 64
60 65
60 74
60 83
60 85
60 87
60 89
60 97
60 98
61 0
61 1
61 2
61 3
61 5
61 6
61 12
61 14
61 15
61 19
61 28
61 29
61 35
61 36
61 45
61 46
61 50
61 52
61 53
61 58
61 59
61 60
61 65
61 66
61 67
61 73
61 86
61 87
61 89
62 3
62 4
62 5
62 6
62 9
62 10
62 14
62 15
62 17
62 18
62 20
62 21
62 27
62 34
62 35
62 36
62 45
62 46
62 48
62 49
62 52
62 53
62 54
62 59
62 60
62 66
62 72
62 73
62 85
62 86
62 87
62 89
62 91
62 99
63 0
63 1
63 5
63 9
63 10
63 14
63 15
63 16
63 18
63 20
63 21
63 27
63 29
63 45
63 46
63 48
63 49
63 50
63 51
63 52
63 54
63 57
63 59
63 60
63 69
63 70
63 72
63 73
63 74
63 75
63 86
63 90
63 98
63 99
64 0
64 2
64 5
64 9
64 15
64 24
64 25
64 27
64 39
64 45
64 46
64 48
64 50
64 51
64 52
64 57
64 59
64 62
64 63
64 70
64 71
64 72
64 74
64 75
64 77
64 78
64 80
64 85
64 87
64 97
64 98
64 99
65 3
65 4
65 12
65 14
65 15
65 20
65 23
65 25
65 26
65 34
65 39
65 48
65 50
65 52
65 55
65 56
65 64
65 68
65 69
65 70
65 71
65 72
65 74
65 75
65 84
65 86
65 87
65 89
65 93
65 97
66 4
66 5
66 6
66 12
66 13
66 19
66 35
66 37
66 40
66 46
66 48
66 50
66 56
66 62
66 63
66 71
66 72
66 81
66 83
66 85
66 88
66 97
66 98
67 4
67 13
67 14
67 26
67 31
67 40
67 46
67 48
67 50
67 51
67 54
67 56
67 57
67 59
67 60
67 68
67 70
67 73
67 78
67 80
67 81
67 82
67 84
67 85
67 87
67 88
67 96
67 99
68 0
68 6
68 11
68 13
68 20
68 21
68 22
68 26
68 30
68 35
68 36
68 37
68 39
68 46
68 47
68 54
68 55
68 57
68 59
68 60
68 69
68 71
68 73
68 74
68 75
68 78
68 79
68 83
68 99
69 1
69 3
69 4
69 5
69 6
69 7
69 11
69 13
69 17
69 19
69 22
69 26
69 32
69 36
69 37
69 38
69 57
69 58
69 59
69 63
69 65
69 68
69 74
69 76
69 78
69 83
69 84
69 85
69 89
69 90
69 91
69 98
69 99
70 0
70 1
70 2
70 3
70 4
70 6
70 7
70 9
70 10
70 16
70 17
70 20
70 21
70 22
70 24
70 26
70 32
70 33
70 41
70 45
70 47
70 48
70 53
70 54
70 55
70 56
70 57
70 58
70 59
70 60
70 66
70 67
70 68
70 71
70 74
70 76
70 77
70 86
70 87
70 90
70 99
71 3
71 5
71 8
71 15
71 16
71 20
71 22
71 23
71 26
71 27
71 30
71 41
71 43
71 53
71 64
71 68
71 74
71 75
71 76
71 83
71 84
71 85
71 87
71 88
71 89
71 94
71 95
71 96
72 0
72 2
72 5
72 6
72 7
72 8
72 9
72 16
72 19
72 20
72 28
72 30
72 41
72 45
72 48
72 49
72 52
72 64
72 66
72 68
72 69
72 73
72 74
72 76
72 77
72 78
72 82
72 83
72 84
72 87
72 88
72 89
73 3
73 9
73 10
73 16
73 20
73 21
73 23
73 33
73 42
73 43
73 44
73 48
73 49
73 53
73 60
73 67
73 74
73 76
73 77
73 78
73 79
73 87
73 89
74 0
74 3
74 6
74 7
74 9
74 10
74 15
74 21
74 23
74 24
74 30
74 31
74 49
74 50
74 52
74 60
74 79
74 86
74 87
74 89
75 3
75 5
75 9
75 20
75 22
75 24
75 30
75 31
75 32
75 39
75 40
75 48
75 50
75 54
75 61
75 74
75 78
75 80
75 87
75 89
76 9
76 11
76 23
76 24
76 25
76 29
76 30
76 31
76 32
76 34
76 38
76 41
76 47
76 48
76 49
76 50
76 61
76 74
76 76
76 77
76 79
76 84
76 85
77 4
77 5
77 6
77 7
77 9
77 12
77 16
77 17
77 19
77 20
77 24
77 25
77 26
77 28
77 29
77 31
77 33
77 40
77 41
77 46
77 47
77 49
77 54
77 55
77 63
77 64
77 65
77 75
77 78
77 79
77 84
77 85
77 88
77 89
77 90
77 97
78 1
78 3
78 4
78 6
78 15
78 20
78 25
78 26
78 27
78 28
78 29
78 32
78 33
78 34
78 37
78 38
78 45
78 56
78 57
78 59
78 60
78 62
78 63
78 66
78 76
78 77
78 86
78 89
78 91
78 94
78 99
79 0
79 4
79 10
79 11
79 12
79 16
79 18
79 19
79 20
79 26
79 27
79 30
79 32
79 34
79 35
79 37
79 38
79 46
79 47
79 48
79 52
79 53
79 54
79 55
79 57
79 58
79 59
79 60
79 62
79 67
79 68
79 69
79 72
79 73
79 75
79 76
79 80
79 81
79 82
79 83
79 85
79 96
79 97
79 98
80 0
80 14
80 16
80 18
80 19
80 20
80 21
80 35
80 36
80 42
80 44
80 49
80 51
80 52
80 54
80 63
80 64
80 67
80 68
80 69
80 75
80 76
80 81
80 83
80 84
80 88
80 89
80 91
80 97
81 2
81 5
81 7
81 8
81 13
81 14
81 16
81 31
81 32
81 36
81 38
81 42
81 45
81 46
81 47
81 49
81 50
81 67
81 70
81 75
81 77
81 80
81 81
81 82
81 83
81 86
81 94
81 95
82 0
82 1
82 3
82 4
82 6
82 7
82 8
82 16
82 20
82 23
82 30
82 31
82 33
82 37
82 38
82 39
82 49
82 68
82 69
82 74
82 75
82 76
82 77
82 83
82 84
82 85
82 86
82 92
82 94
82 96
83 0
83 1
83 5
83 7
83 9
83 13
83 15
83 16
83 21
83 22
83 31
83 32
83 33
83 38
83 39
83 40
83 42
83 45
83 48
83 60
83 61
83 68
83 74
83 75
83 76
83 77
83 83
83 86
83 87
83 94
83 95
83 96
83 97
83 99
84 0
84 15
84 16
84 17
84 18
84 24
84 28
84 29
84 32
84 39
84 41
84 45
84 59
84 60
84 61
84 62
84 64
84 65
84 73
84 74
84 95
84 96
84 97
84 99
85 0
85 1
85 9
85 10
85 12
85 19
85 20
85 24
85 29
85 33
85 34
85 35
85 38
85 39
85 41
85 42
85 53
85 54
85 57
85 58
85 60
85 62
85 64
85 65
85 72
85 74
85 82
85 83
85 92
85 93
86 8
86 9
86 10
86 12
86 13
86 14
86 15
86 24
86 30
86 32
86 36
86 37
86 38
86 39
86 41
86 44
86 47
86 53
86 54
86 55
86 56
86 60
86 62
86 72
86 73
86 75
86 76
86 77
86 81
86 82
86 83
86 92
86 93
86 96
86 97
87 8
87 9
87 11
87 13
87 19
87 20
87 23
87 31
87 32
87 42
87 43
87 46
87 53
87 56
87 57
87 58
87 59
87 60
87 63
87 68
87 69
87 70
87 72
87 73
87 74
87 75
87 76
87 80
87 81
87 88
87 96
87 97
88 10
88 12
88 13
88 14
88 15
88 16
88 18
88 21
88 22
88 31
88 36
88 40
88 43
88 49
88 53
88 55
88 57
88 58
88 67
88 72
88 73
88 77
88 78
88 79
88 80
88 81
88 87
88 88
88 89
88 96
88 97
89 0
89 1
89 3
89 4
89 12
89 13
89 16
89 17
89 27
89 28
89 33
89 34
89 35
89 38
89 39
89 45
89 48
89 49
89 53
89 57
89 63
89 64
89 67
89 70
89 72
89 73
89 77
89 81
89 96
90 0
90 1
90 3
90 4
90 13
90 14
90 27
90 28
90 37
90 38
90 43
90 44
90 45
90 47
90 54
90 55
90 56
90 57
90 58
90 63
90 68
90 69
90 78
90 79
90 89
90 95
91 0
91 1
91 9
91 14
91 19
91 20
91 21
91 35
91 36
91 37
91 38
91 48
91 50
91 51
91 55
91 56
91 59
91 60
91 71
91 77
91 81
91 94
92 0
92 1
92 3
92 4
92 9
92 19
92 20
92 21
92 34
92 35
92 36
92 37
92 38
92 48
92 51
92 58
92 59
92 70
92 77
92 81
92 88
92 89
92 90
93 3
93 5
93 6
93 15
93 19
93 20
93 29
93 34
93 37
93 38
93 44
93 45
93 50
93 51
93 59
93 60
93 63
93 69
93 72
93 77
93 78
93 79
93 80
93 82
93 91
93 92
94 1
94 5
94 6
94 7
94 8
94 9
94 10
94 11
94 12
94 13
94 14
94 19
94 27
94 28
94 30
94 31
94 33
94 36
94 37
94 43
94 46
94 61
94 63
94 70
94 72
94 73
94 77
94 79
94 80
94 81
94 88
94 89
94 91
94 92
95 2
95 3
95 8
95 9
95 10
95 11
95 12
95 13
95 18
95 21
95 22
95 27
95 28
95 30
95 31
95 44
95 46
95 52
95 62
95 63
95 66
95 67
95 72
95 73
95 79
95 87
95 89
96 10
96 11
96 12
96 19
96 22
96 28
96 30
96 36
96 45
96 46
96 47
96 48
96 50
96 51
96 53
96 55
96 56
96 62
96 66
96 67
96 69
96 70
96 75
96 79
96 87
96 88
96 91
96 92
97 3
97 4
97 22
97 27
97 28
97 30
97 31
97 36
97 37
97 48
97 49
97 53
97 64
97 66
97 68
97 69
97 70
97 71
97 74
97 75
97 77
97 79
97 80
97 87
97 91
97 92
98 0
98 1
98 5
98 6
98 7
98 28
98 29
98 30
98 31
98 33
98 37
98 49
98 50
98 53
98 54
98 55
98 57
98 59
98 60
98 61
98 64
98 65
98 69
98 70
98 71
98 77
98 79
98 80
98 85
98 86
98 88
98 97
98 99
99 19
99 25
99 26
99 27
99 29
99 30
99 35
99 50
99 53
99 56
99 57
99 59
99 60
99 61
99 64
99 65
99 67
99 68
99 69
99 76
99 77
99 83
99 84
99 85
99 88
99 96
99 98
