0 14
0 17
0 80
0 81
0 88
0 89
0 90
0 94
0 95
0 96
1 15
1 16
1 36
1 37
1 64
1 78
1 79
1 80
2 35
2 38
2 64
2 77
2 80
2 92
3 23
3 24
3 36
3 37
3 53
3 54
3 65
3 78
3 79
3 92
4 11
4 12
4 13
4 22
4 25
4 53
4 54
4 55
4 87
4 92
5 23
5 25
5 51
5 55
5 70
5 71
5 87
6 24
6 43
6 44
6 49
6 54
6 55
6 61
6 72
6 87
7 34
7 35
7 36
7 43
7 44
7 49
7 50
7 54
7 61
7 62
7 70
7 73
8 30
8 49
8 50
8 54
8 55
8 56
8 57
8 58
8 74
9 30
9 51
9 52
9 54
9 55
9 69
9 74
10 30
10 52
10 53
10 74
11 69
11 73
12 70
12 72
13 15
13 16
13 18
13 19
13 20
13 70
13 72
13 91
14 15
14 19
14 35
14 70
14 71
14 91
15 14
15 35
15 67
15 69
15 70
15 71
15 86
15 87
15 91
16 14
16 19
16 35
16 67
16 68
16 85
16 88
17 15
17 19
17 78
17 79
17 85
17 86
17 87
17 93
17 94
17 95
18 18
18 40
18 41
18 77
18 80
18 81
18 86
18 87
19 18
19 40
19 41
19 71
19 72
19 76
19 77
19 82
19 83
20 4
20 15
20 18
20 67
20 72
20 77
20 80
20 82
21 4
21 15
21 18
21 67
21 77
21 78
21 80
21 83
22 4
22 15
22 18
22 67
22 71
22 79
23 14
23 15
23 17
23 52
23 53
23 67
24 14
24 15
24 16
24 17
24 52
24 53
24 67
24 68
24 69
24 70
24 80
24 81
25 66
25 67
25 68
25 70
25 79
25 81
26 20
26 21
26 37
26 65
26 70
26 71
26 79
26 80
27 13
27 20
27 21
27 24
27 37
27 53
27 68
27 70
28 13
28 14
28 25
28 37
28 53
28 64
28 65
28 72
28 73
29 13
29 14
29 15
29 53
29 64
29 72
30 5
30 6
30 7
30 16
30 24
30 25
30 64
30 66
30 67
30 68
30 72
30 87
30 88
31 4
31 8
31 16
31 17
31 70
31 71
31 87
31 88
32 3
32 9
32 16
32 17
32 18
32 66
32 70
32 71
33 3
33 9
33 13
33 14
33 17
33 59
34 3
34 9
34 16
34 34
34 35
34 36
34 59
34 66
34 69
34 82
34 83
34 84
35 4
35 8
35 13
35 59
35 82
35 85
36 5
36 6
36 7
36 13
36 14
36 32
36 38
36 83
36 84
36 85
37 8
37 32
37 38
37 43
37 44
37 45
37 55
37 56
37 57
37 61
37 62
37 63
38 7
38 10
38 32
38 38
38 42
39 1
39 2
39 7
39 8
39 10
39 11
39 42
39 46
39 48
39 49
39 52
39 59
40 1
40 8
40 9
40 11
40 34
40 35
40 36
40 43
40 45
40 48
40 52
40 54
40 59
41 2
41 3
41 7
41 11
41 14
41 15
41 48
41 51
41 55
41 59
42 3
42 7
42 8
42 14
42 15
42 49
42 51
42 53
42 54
43 48
43 49
43 51
43 52
43 53
43 85
43 86
44 48
44 49
44 50
44 85
44 86
44 91
44 92
44 95
44 96
45 24
45 25
45 47
45 49
45 50
45 91
45 92
45 94
45 95
46 24
46 25
46 47
46 48
46 90
47 90
47 92
47 94
48 91
48 95
49 80
49 81
49 91
50 80
50 81
50 96
51 50
51 51
51 95
52 50
52 52
52 86
52 87
52 88
53 33
53 34
53 35
53 51
53 86
53 88
54 3
54 33
54 34
54 35
54 38
54 39
54 42
54 86
54 88
55 3
55 15
55 16
55 17
55 33
55 34
55 38
55 39
55 45
55 46
55 84
55 97
55 98
55 99
56 3
56 36
56 45
56 46
56 47
56 82
56 84
56 89
57 30
57 31
57 35
57 41
57 42
57 45
57 46
57 81
57 82
57 85
57 86
57 88
57 89
57 90
58 30
58 31
58 32
58 43
58 44
58 45
58 46
58 80
58 81
58 82
58 84
58 85
58 86
58 87
58 90
59 29
59 31
59 37
59 38
59 40
59 45
59 54
59 55
59 84
59 86
59 87
59 88
59 89
60 28
60 29
60 31
60 35
60 41
60 42
60 45
60 54
60 55
60 85
60 86
60 89
60 92
60 93
61 29
61 31
61 34
61 42
61 45
61 76
61 84
61 90
61 91
61 92
61 93
62 30
62 31
62 32
62 44
62 75
62 76
62 83
62 89
62 92
62 93
63 74
63 75
63 82
63 86
63 87
63 88
63 89
64 84
65 88
65 89
65 90
66 83
66 84
66 85
66 88
66 89
67 67
67 68
67 78
67 79
67 80
67 83
67 86
67 87
68 50
68 51
68 66
68 78
68 81
68 85
68 86
68 87
69 50
69 51
69 63
69 64
69 65
69 67
69 68
69 78
69 85
69 86
70 61
70 67
70 78
70 82
71 61
71 67
71 81
71 82
71 95
72 60
72 63
72 66
72 78
72 79
72 81
72 82
72 95
73 6
73 7
73 8
73 60
73 61
73 62
73 78
73 79
73 81
73 82
73 95
74 6
74 7
74 8
74 59
74 62
74 75
74 76
74 77
74 78
74 79
74 80
74 81
75 6
75 9
75 60
75 61
75 66
75 67
75 70
75 71
75 73
75 74
75 78
75 79
75 80
76 8
76 9
76 10
76 17
76 67
76 68
76 69
76 72
76 82
77 17
77 18
77 68
77 69
77 74
77 75
77 77
77 78
77 82
78 8
78 9
78 11
78 15
78 18
78 71
78 72
78 76
79 14
79 15
79 16
79 17
79 44
79 45
79 46
79 68
79 69
79 70
79 71
80 9
80 13
80 14
80 15
80 16
80 44
80 47
80 67
80 69
80 75
80 76
80 77
80 80
81 10
81 12
81 13
81 14
81 22
81 23
81 24
81 44
81 46
81 47
81 69
81 74
81 77
81 80
82 11
82 43
82 45
82 46
82 48
82 66
82 68
82 75
82 76
82 80
82 99
83 43
83 45
83 47
83 48
83 49
83 66
83 67
83 99
84 9
84 39
84 43
84 45
84 99
85 9
85 38
85 40
85 43
85 44
85 69
85 85
85 87
86 9
86 46
86 47
86 48
86 56
86 57
86 68
86 69
86 81
86 82
86 86
86 87
87 47
87 48
87 55
87 58
87 68
87 80
87 81
87 82
87 86
87 87
88 24
88 25
88 46
88 47
88 56
88 57
88 69
88 80
88 81
89 23
89 26
89 84
89 85
90 24
90 25
90 73
90 74
91 71
91 73
91 85
91 86
92 71
92 84
92 85
92 86
93 45
93 46
93 47
93 70
93 73
93 85
93 87
94 13
94 14
94 69
94 70
94 71
94 73
94 74
94 84
94 87
94 88
94 91
94 92
94 93
95 2
95 3
95 13
95 14
95 64
95 65
95 70
95 71
95 73
95 74
95 86
95 89
95 91
95 92
95 93
96 1
96 4
96 63
96 66
96 71
96 72
96 74
96 86
96 94
97 2
97 3
97 64
97 65
97 72
97 73
97 81
97 82
97 93
98 7
98 8
98 25
98 26
98 80
98 92
98 93
99 7
99 8
99 15
99 16
99 25
99 26
99 80
99 81
