0 14
0 17
0 86
0 88
1 15
1 16
1 36
1 37
1 58
1 60
2 35
2 38
2 60
2 61
2 87
2 88
2 89
3 23
3 24
3 36
3 37
3 60
3 90
4 11
4 12
4 13
4 22
4 25
4 53
4 54
4 89
4 90
5 23
5 25
5 87
5 90
6 24
6 43
6 44
6 53
6 56
7 34
7 35
7 36
7 43
7 44
7 54
7 55
7 70
8 30
8 69
8 71
9 30
9 51
10 30
10 51
11 72
12 70
13 68
13 70
13 72
14 20
14 21
14 35
14 67
14 69
15 19
15 22
15 35
15 65
15 69
16 19
16 22
16 35
16 64
16 69
16 88
16 89
17 20
17 21
17 65
17 69
17 86
17 87
17 90
18 15
18 40
18 41
18 67
18 86
18 87
18 89
19 14
19 16
19 40
19 41
19 86
19 87
19 88
19 92
20 4
20 14
20 16
20 88
20 89
20 93
21 4
21 15
21 84
21 89
21 90
21 92
22 4
22 20
22 21
22 83
22 85
22 89
22 90
22 91
23 20
23 21
23 52
23 53
23 86
24 52
24 53
24 61
25 11
25 15
25 59
25 62
26 11
26 12
26 13
26 14
26 15
26 37
26 58
26 59
26 60
26 63
26 85
26 86
27 11
27 12
27 13
27 14
27 16
27 37
27 53
27 54
27 55
27 56
27 58
27 60
27 63
27 77
27 78
28 14
28 16
28 17
28 23
28 24
28 25
28 37
28 53
28 58
28 59
28 61
28 64
28 77
28 78
29 14
29 16
29 23
29 26
29 54
29 55
29 56
29 58
29 61
29 62
29 63
30 15
30 16
30 18
30 19
30 23
30 27
30 57
30 59
30 61
30 62
30 73
30 74
31 17
31 18
31 27
31 59
31 60
31 73
31 74
32 18
32 24
32 27
33 15
33 16
33 17
33 25
33 26
33 83
33 84
33 86
34 14
34 16
34 17
34 18
34 40
34 84
34 86
34 87
35 14
35 18
35 19
35 39
35 41
35 51
35 88
35 95
35 96
36 15
36 16
36 17
36 19
36 39
36 41
36 51
36 64
36 86
36 89
36 94
36 97
37 16
37 17
37 18
37 40
37 51
37 64
37 65
37 86
37 87
37 88
37 95
37 96
38 8
38 13
38 14
38 68
38 87
38 88
39 64
39 68
39 69
39 86
39 87
39 91
40 7
40 10
40 12
40 63
40 69
40 70
40 86
40 87
40 90
40 92
41 8
41 57
41 58
41 63
41 64
41 66
41 68
41 69
41 85
41 88
41 89
42 9
42 10
42 13
42 56
42 57
42 58
42 63
42 64
42 68
42 73
42 74
42 90
42 95
42 96
42 97
43 10
43 12
43 13
43 56
43 57
43 62
43 64
43 66
43 73
43 74
43 85
43 89
43 90
43 91
43 92
43 95
43 96
43 97
44 31
44 55
44 56
44 57
44 62
44 63
44 65
44 66
44 73
44 74
44 87
44 88
44 89
44 96
44 98
45 24
45 25
45 32
45 33
45 55
45 56
45 57
45 61
45 62
45 65
45 66
45 84
45 89
45 90
45 95
45 96
45 97
46 24
46 25
46 31
46 32
46 33
46 34
46 35
46 38
46 62
46 64
46 65
46 95
46 96
47 30
47 38
47 39
47 52
47 53
47 58
47 59
47 60
47 62
47 63
47 64
47 85
47 89
47 90
48 30
48 31
48 32
48 33
48 34
48 35
48 40
48 52
48 53
48 61
48 62
48 63
48 85
48 86
48 90
49 31
49 32
49 33
49 37
49 39
49 59
49 60
49 80
49 81
49 86
50 36
50 37
50 49
50 50
50 80
50 81
50 87
50 88
50 90
50 91
51 36
51 49
51 50
51 89
51 93
52 36
52 88
52 89
52 93
53 37
53 38
53 88
53 89
53 93
54 0
54 1
54 3
54 99
55 0
55 1
55 3
55 15
55 16
55 17
55 99
56 93
57 92
57 94
58 25
58 92
58 94
59 25
59 26
59 46
59 54
59 55
59 93
60 25
60 26
60 27
60 28
60 40
60 41
60 46
60 54
60 55
61 28
61 29
61 30
61 40
61 42
61 46
61 75
61 76
62 21
62 22
62 23
62 30
62 41
62 43
62 74
62 77
62 93
63 28
63 29
63 30
63 42
63 74
63 76
63 92
63 94
64 25
64 26
64 27
64 28
64 75
64 82
64 87
64 88
64 93
64 94
65 25
65 26
65 63
65 64
65 81
65 82
65 83
65 87
65 88
65 89
66 25
66 35
66 63
66 64
66 80
66 83
67 34
67 36
67 80
67 81
68 34
68 35
68 50
68 51
68 81
68 83
69 50
69 51
69 82
69 83
70 77
70 83
71 77
71 95
72 45
72 46
72 55
72 56
72 77
72 95
73 4
73 44
73 47
73 54
73 57
73 66
73 95
74 3
74 4
74 42
74 43
74 47
74 55
74 57
74 66
75 3
75 4
75 42
75 43
75 56
75 66
76 3
76 42
76 43
76 44
76 45
76 46
77 3
77 5
77 48
77 49
77 51
77 52
77 62
77 63
77 64
77 68
77 69
77 70
78 3
78 5
78 6
78 48
78 53
79 6
79 48
79 53
79 54
79 66
80 6
80 7
80 39
80 41
80 42
80 50
80 51
80 52
80 53
80 54
80 66
81 3
81 4
81 5
81 6
81 39
81 41
81 43
81 46
81 47
81 48
81 52
81 66
81 73
81 74
82 4
82 5
82 40
82 43
82 47
82 48
82 72
82 75
82 99
83 4
83 45
83 47
83 73
83 74
83 99
84 44
84 47
84 49
84 79
84 99
85 47
85 48
85 49
85 56
85 57
85 79
86 43
86 51
86 52
86 53
86 59
86 79
87 12
87 42
87 44
87 48
87 59
87 71
87 72
88 11
88 13
88 24
88 25
88 41
88 42
88 44
88 45
88 54
88 59
88 70
88 71
88 72
88 73
89 10
89 13
89 23
89 26
89 42
89 44
89 45
89 47
89 55
89 56
89 57
89 61
89 69
89 70
90 11
90 12
90 24
90 25
90 42
90 44
90 49
90 61
90 69
90 70
90 72
90 76
91 43
91 44
91 45
91 47
91 48
91 49
91 50
91 51
91 52
91 61
91 69
91 70
91 74
91 77
92 47
92 70
92 76
92 77
93 57
93 58
93 59
93 63
93 64
93 65
93 70
93 74
93 75
93 76
94 4
94 5
94 13
94 14
94 73
95 4
95 5
95 13
95 14
95 61
96 61
96 92
96 93
96 95
97 61
97 80
97 81
97 90
97 91
97 92
97 95
98 25
98 26
98 80
98 81
98 91
98 92
99 15
99 16
99 25
99 26
99 86
99 87
99 88
