0 44
0 47
0 54
0 55
0 57
0 58
0 62
0 63
0 66
0 70
0 72
0 73
0 95
0 96
0 98
0 99
1 36
1 37
1 45
1 57
1 58
1 72
1 73
1 74
1 94
1 95
1 97
2 35
2 38
2 57
2 58
2 68
2 69
2 70
2 72
2 73
2 74
2 75
2 76
2 77
2 79
3 14
3 15
3 23
3 24
3 36
3 37
3 57
3 58
3 67
3 71
3 75
3 76
3 77
3 80
4 13
4 14
4 16
4 22
4 25
4 54
4 57
4 67
4 71
4 72
4 75
4 80
4 89
4 90
5 12
5 16
5 23
5 25
5 55
5 56
5 68
5 72
5 78
5 89
5 92
6 6
6 7
6 15
6 24
6 35
6 45
6 55
6 56
6 73
6 74
6 75
6 78
6 79
6 80
6 90
6 91
6 92
7 6
7 7
7 12
7 15
7 35
7 45
7 56
7 72
7 73
7 74
7 75
7 78
7 79
7 90
8 35
8 43
8 44
8 55
8 71
8 77
8 78
8 92
9 12
9 13
9 14
9 17
9 29
9 30
9 31
9 53
9 57
9 58
9 72
9 77
9 91
9 93
10 12
10 16
10 18
10 53
10 56
10 57
10 58
10 59
10 61
10 62
10 63
10 72
10 73
10 77
10 78
10 91
11 13
11 14
11 18
11 36
11 46
11 47
11 54
11 55
11 57
11 60
11 75
11 86
11 90
11 91
12 12
12 13
12 18
12 35
12 37
12 56
12 58
12 59
12 60
12 64
12 84
12 87
12 91
12 92
13 10
13 11
13 14
13 15
13 17
13 18
13 35
13 38
13 45
13 58
13 59
13 84
13 85
13 86
14 10
14 13
14 14
14 16
14 17
14 18
14 36
14 37
14 44
14 45
14 61
14 84
14 85
14 86
15 11
15 12
15 13
15 17
15 19
15 43
15 46
15 60
15 92
15 93
16 16
16 19
16 44
16 45
16 60
16 63
16 66
16 67
16 68
16 88
16 89
16 92
16 93
16 94
17 17
17 18
17 28
17 43
17 44
17 59
17 63
17 64
17 70
17 90
17 93
18 28
18 29
18 59
18 65
18 67
18 68
18 69
18 71
18 90
18 91
18 92
19 30
19 38
19 43
19 59
19 61
19 66
19 67
19 68
19 69
19 72
19 73
19 91
20 29
20 37
20 38
20 46
20 58
20 59
20 61
20 62
20 65
20 66
20 70
20 71
20 72
20 86
21 3
21 4
21 5
21 32
21 33
21 36
21 45
21 47
21 48
21 54
21 55
21 56
21 58
21 59
21 61
21 62
21 69
21 71
21 82
21 83
21 85
21 87
22 27
22 31
22 32
22 33
22 36
22 37
22 38
22 44
22 47
22 48
22 55
22 56
22 58
22 59
22 64
22 65
22 70
22 82
22 88
23 13
23 28
23 36
23 38
23 44
23 45
23 47
23 48
23 55
23 56
23 58
23 59
23 65
23 88
24 12
24 14
24 26
24 32
24 33
24 36
24 41
24 45
24 48
24 50
24 56
24 58
24 86
24 87
24 88
24 89
25 12
25 14
25 21
25 22
25 23
25 24
25 26
25 28
25 34
25 36
25 41
25 42
25 43
25 44
25 45
25 47
25 50
25 57
25 66
25 83
25 85
25 89
25 90
26 13
26 21
26 22
26 23
26 24
26 25
26 26
26 28
26 30
26 42
26 43
26 44
26 50
26 62
26 63
26 65
27 8
27 9
27 17
27 23
27 24
27 25
27 27
27 28
27 30
27 34
27 36
27 46
27 47
27 49
27 64
27 86
27 87
27 90
27 91
28 7
28 9
28 16
28 17
28 18
28 29
28 31
28 32
28 47
28 48
28 85
28 86
28 88
28 90
28 96
29 2
29 4
29 5
29 9
29 15
29 16
29 17
29 18
29 19
29 23
29 24
29 57
29 58
29 59
29 84
29 95
29 97
30 2
30 9
30 14
30 15
30 19
30 20
30 23
30 24
30 48
30 56
30 58
30 59
30 60
30 61
30 84
30 89
30 96
30 97
31 0
31 1
31 15
31 16
31 17
31 18
31 19
31 48
31 57
31 58
31 59
31 61
31 62
31 71
31 73
31 75
31 76
31 85
31 88
31 96
31 98
32 0
32 1
32 10
32 14
32 15
32 16
32 17
32 18
32 47
32 49
32 55
32 57
32 58
32 63
32 75
32 76
32 86
32 97
32 98
33 3
33 4
33 5
33 9
33 10
33 13
33 14
33 15
33 17
33 53
33 54
33 55
33 56
33 57
33 58
33 60
33 62
33 63
33 69
33 73
33 74
33 76
33 98
34 2
34 3
34 14
34 15
34 52
34 59
34 60
34 62
34 69
35 0
35 2
35 3
35 5
35 6
35 7
35 40
35 41
35 52
35 54
35 55
35 56
35 57
35 58
35 73
35 74
35 77
35 78
36 0
36 2
36 3
36 4
36 5
36 6
36 7
36 8
36 44
36 47
36 48
36 53
36 54
36 73
36 74
36 76
36 77
37 1
37 2
37 3
37 4
37 9
37 10
37 11
37 45
37 47
37 48
37 49
37 70
37 71
37 72
37 76
38 1
38 2
38 3
38 9
38 10
38 11
38 39
38 44
38 49
38 56
38 57
38 94
38 95
39 38
39 39
39 40
39 49
39 56
39 57
39 94
39 96
40 36
40 37
40 95
41 26
41 36
41 37
41 39
41 44
41 45
41 49
41 67
41 68
41 69
42 7
42 8
42 12
42 13
42 26
42 27
42 37
42 38
42 39
42 41
42 44
42 46
42 47
42 49
42 50
42 54
42 55
42 56
42 60
42 68
42 70
42 71
42 72
42 85
43 6
43 8
43 13
43 14
43 16
43 22
43 23
43 28
43 34
43 39
43 43
43 49
43 50
43 54
43 55
43 56
43 60
43 61
43 65
43 66
43 68
43 70
43 71
43 72
43 84
43 86
44 11
44 16
44 17
44 22
44 24
44 25
44 26
44 27
44 34
44 49
44 61
44 68
44 70
44 71
44 72
44 73
44 83
44 84
44 86
44 87
45 4
45 5
45 6
45 11
45 14
45 16
45 23
45 34
45 42
45 48
45 49
45 62
45 63
45 64
45 69
46 0
46 3
46 8
46 10
46 14
46 15
46 16
46 18
46 25
46 47
46 48
46 60
46 61
46 62
46 64
46 66
46 67
46 69
46 95
46 96
46 97
47 1
47 9
47 17
47 18
47 23
47 25
47 52
47 53
47 60
47 61
47 62
47 65
47 66
47 99
48 1
48 3
48 7
48 9
48 23
48 39
48 52
48 53
48 57
48 60
48 61
48 62
48 64
48 65
48 66
48 98
48 99
49 1
49 2
49 24
49 38
49 40
49 56
49 58
49 65
49 86
49 87
49 98
49 99
50 0
50 38
50 39
50 45
50 47
50 48
50 49
50 55
50 78
50 80
50 99
51 38
51 40
51 46
51 49
51 60
51 78
51 81
51 83
51 84
52 45
52 47
52 48
52 49
52 77
52 81
52 82
53 21
53 22
53 23
53 44
53 45
53 46
53 48
53 56
53 57
53 78
53 81
53 83
53 84
54 20
54 21
54 24
54 49
54 59
54 63
54 78
54 80
54 83
54 84
55 20
55 21
55 22
55 44
55 46
55 47
55 49
55 54
55 55
55 60
55 63
55 68
55 69
55 70
55 82
55 83
56 25
56 42
56 43
56 44
56 47
56 60
56 63
56 68
56 69
56 70
56 85
56 86
56 87
56 88
57 2
57 3
57 4
57 22
57 30
57 31
57 42
57 46
57 56
57 61
57 68
57 69
57 70
57 75
57 82
57 89
58 2
58 4
58 22
58 23
58 24
58 30
58 31
58 42
58 45
58 68
58 69
58 70
58 73
58 74
58 76
58 77
58 83
58 89
58 98
59 0
59 1
59 2
59 5
59 23
59 43
59 44
59 45
59 74
59 77
59 92
59 93
59 96
59 97
59 98
59 99
60 0
60 2
60 3
60 4
60 5
60 6
60 56
60 75
60 76
60 85
60 92
60 93
60 94
60 95
61 2
61 5
61 6
61 7
61 38
61 54
61 55
61 57
61 85
61 94
61 95
61 97
61 99
62 1
62 2
62 5
62 6
62 7
62 37
62 38
62 54
62 55
62 57
62 86
62 88
62 94
62 95
62 97
62 98
63 0
63 2
63 5
63 6
63 7
63 14
63 36
63 41
63 42
63 43
63 52
63 56
63 94
63 99
64 0
64 2
64 5
64 6
64 13
64 14
64 15
64 29
64 35
64 36
64 41
64 42
64 51
64 52
64 53
64 55
64 56
64 95
64 99
65 3
65 4
65 5
65 14
65 15
65 25
65 27
65 28
65 30
65 34
65 35
65 36
65 41
65 42
65 45
65 47
65 51
65 56
65 94
65 95
65 97
65 98
66 4
66 10
66 22
66 23
66 24
66 25
66 27
66 28
66 31
66 42
66 43
66 48
66 50
66 53
66 56
66 92
66 93
66 94
67 9
67 10
67 22
67 23
67 24
67 31
67 43
67 47
67 81
67 82
67 92
67 95
68 9
68 10
68 20
68 22
68 29
68 30
68 31
68 33
68 34
68 43
68 44
68 45
68 46
68 47
68 49
68 51
68 52
68 54
68 57
68 58
68 80
68 81
68 82
68 85
68 86
68 92
69 18
69 19
69 20
69 26
69 28
69 29
69 33
69 35
69 48
69 50
69 51
69 52
69 53
69 55
69 56
69 57
69 75
69 79
69 81
69 82
69 90
69 91
69 92
70 0
70 5
70 17
70 21
70 25
70 27
70 33
70 41
70 42
70 48
70 55
70 56
70 58
70 73
70 78
70 79
70 80
70 89
70 92
70 93
70 96
71 0
71 1
71 5
71 6
71 8
71 17
71 21
71 23
71 31
71 49
71 50
71 55
71 56
71 62
71 63
71 73
71 78
71 79
71 95
71 96
71 98
71 99
72 0
72 1
72 7
72 8
72 9
72 17
72 23
72 32
72 50
72 55
72 56
72 61
72 69
72 70
72 71
72 78
72 79
72 96
73 7
73 8
73 18
73 19
73 21
73 25
73 33
73 36
73 38
73 51
73 65
73 70
73 75
73 97
73 98
73 99
74 22
74 23
74 25
74 27
74 28
74 30
74 33
74 37
74 52
74 61
74 70
74 74
74 75
74 99
75 0
75 3
75 4
75 22
75 25
75 32
75 33
75 44
75 45
75 50
75 56
75 60
75 66
75 67
75 68
75 70
75 71
76 1
76 2
76 3
76 23
76 26
76 43
76 45
76 50
76 56
76 60
76 61
76 67
76 69
76 70
77 2
77 23
77 25
77 43
77 45
77 50
77 53
77 60
77 61
77 65
77 66
77 67
77 69
77 77
78 14
78 15
78 16
78 22
78 25
78 43
78 44
78 53
78 62
78 64
78 65
78 66
78 67
78 69
78 74
78 77
79 14
79 17
79 21
79 22
79 52
79 53
79 54
79 63
79 67
79 73
79 77
80 5
80 12
80 13
80 14
80 15
80 16
80 21
80 22
80 23
80 69
80 83
80 84
80 85
80 86
80 87
81 4
81 5
81 6
81 11
81 15
81 66
81 67
81 70
81 72
81 73
81 74
81 75
81 83
81 84
81 85
81 87
81 88
82 3
82 4
82 6
82 11
82 15
82 73
82 74
82 87
82 88
83 2
83 3
83 5
83 9
83 12
83 31
83 70
83 71
83 74
83 85
84 1
84 2
84 5
84 6
84 7
84 9
84 10
84 13
84 14
84 15
84 29
84 30
84 32
84 33
84 54
84 55
84 73
84 90
85 2
85 3
85 4
85 5
85 9
85 10
85 33
85 40
85 41
85 54
85 55
85 70
85 72
85 90
85 96
85 97
85 98
86 3
86 5
86 6
86 29
86 33
86 39
86 42
86 80
86 85
86 88
87 0
87 5
87 7
87 11
87 30
87 31
87 32
87 38
87 39
87 41
87 78
87 79
87 80
87 81
87 86
87 87
87 94
88 0
88 4
88 5
88 7
88 8
88 10
88 12
88 13
88 16
88 17
88 36
88 39
88 52
88 77
88 94
89 0
89 5
89 8
89 9
89 10
89 12
89 14
89 16
89 17
89 35
89 38
89 40
89 50
89 51
89 53
89 83
89 94
90 9
90 13
90 14
90 16
90 17
90 35
90 40
90 41
90 42
90 43
90 45
90 50
90 53
90 77
90 83
90 84
91 15
91 34
91 35
91 36
91 38
91 39
91 41
91 50
91 60
91 61
91 62
91 63
91 64
91 78
91 79
91 81
91 84
91 96
91 97
91 98
92 5
92 9
92 34
92 35
92 37
92 39
92 40
92 41
92 51
92 53
92 59
92 60
92 61
92 80
92 81
92 82
92 84
93 11
93 45
93 52
93 53
93 54
93 61
93 71
93 80
93 81
93 82
93 84
94 1
94 8
94 9
94 10
94 11
94 20
94 21
94 26
94 27
94 41
94 44
94 49
94 50
94 58
94 60
94 61
94 70
94 72
94 81
94 82
95 1
95 10
95 20
95 21
95 25
95 26
95 27
95 31
95 32
95 42
95 52
95 53
95 54
95 55
95 56
95 60
95 63
95 64
95 68
95 69
95 72
95 73
96 25
96 26
96 29
96 32
96 50
96 54
96 59
96 63
96 65
96 68
96 69
97 25
97 27
97 32
97 33
97 46
97 47
97 62
97 63
97 65
97 68
97 69
97 71
97 72
97 73
98 26
98 27
98 32
98 45
98 48
98 53
98 55
98 56
98 62
98 63
98 66
98 69
98 72
98 74
98 75
99 28
99 29
99 44
99 48
99 54
99 55
99 63
99 64
99 66
99 67
99 69
99 70
99 73
99 95
99 96
