0 14
0 17
0 69
0 70
0 71
0 87
0 96
0 98
1 15
1 16
1 36
1 37
1 88
1 89
1 90
1 97
2 35
2 38
2 54
2 90
2 91
3 23
3 24
3 36
3 37
3 53
3 54
3 55
3 91
4 11
4 12
4 13
4 22
4 25
4 52
4 54
4 55
4 56
4 57
4 87
5 23
5 25
5 53
5 56
5 58
5 69
5 70
5 71
5 87
6 24
6 43
6 44
6 69
6 70
6 71
6 72
6 87
7 34
7 35
7 36
7 43
7 44
7 48
7 49
7 56
7 57
7 58
7 61
7 67
7 72
8 30
8 48
8 49
8 60
8 62
8 67
8 68
8 69
8 76
8 77
9 30
9 59
9 62
9 67
9 71
9 75
9 77
10 30
10 60
10 61
10 68
10 69
10 72
10 76
11 69
11 72
11 87
11 88
11 89
12 70
12 71
12 72
12 86
12 91
13 85
13 91
14 19
14 20
14 35
14 72
14 85
14 92
15 19
15 20
15 21
15 35
15 69
15 72
15 83
15 84
15 85
15 89
15 90
16 20
16 35
16 68
16 72
16 74
16 76
16 83
16 87
16 89
17 67
17 70
17 72
17 73
17 74
17 76
17 91
17 92
17 94
17 95
18 40
18 41
18 66
18 68
18 69
18 71
18 72
19 40
19 41
19 66
19 69
19 70
19 74
19 75
19 86
19 88
19 89
20 4
20 70
20 74
20 75
20 85
20 86
20 88
20 89
21 4
21 20
21 21
21 67
21 69
21 72
21 86
21 87
21 88
22 4
22 21
22 67
22 68
22 71
22 72
23 52
23 53
23 67
23 68
24 52
24 53
26 12
26 13
26 20
26 21
26 37
26 77
26 81
27 10
27 11
27 13
27 20
27 21
27 37
27 53
27 65
27 67
27 77
27 79
27 80
28 7
28 11
28 12
28 37
28 53
28 78
28 79
28 80
29 5
29 6
29 7
29 16
29 17
29 18
29 19
29 53
29 65
29 82
29 83
30 6
30 16
30 17
30 19
30 20
30 84
31 1
31 6
31 7
31 10
31 11
31 16
31 21
31 82
31 83
32 1
32 20
32 21
32 71
32 72
32 82
32 83
32 84
32 86
33 1
33 11
33 14
33 15
33 19
33 20
33 21
33 58
33 59
33 68
33 69
33 72
33 81
33 83
33 84
33 85
33 87
34 7
34 8
34 10
34 11
34 15
34 16
34 17
34 18
34 19
34 20
34 34
34 35
34 36
34 58
34 59
34 68
34 71
34 80
34 83
34 84
34 85
34 87
35 1
35 6
35 7
35 10
35 11
35 17
35 18
35 19
35 57
35 60
35 69
35 70
35 71
35 80
35 84
36 0
36 1
36 2
36 6
36 7
36 8
36 10
36 11
36 13
36 14
36 17
36 32
36 38
36 51
36 58
36 59
36 61
36 82
36 84
36 85
36 86
37 0
37 1
37 3
37 8
37 9
37 11
37 13
37 14
37 32
37 37
37 39
37 50
37 52
37 53
37 62
37 63
37 83
37 84
37 86
37 99
38 3
38 8
38 9
38 32
38 39
38 50
38 53
38 58
38 59
38 61
38 83
38 85
38 98
39 2
39 11
39 12
39 13
39 14
39 35
39 37
39 38
39 52
39 56
39 60
39 83
39 85
39 97
39 98
40 1
40 2
40 11
40 14
40 34
40 35
40 37
40 49
40 55
40 57
40 58
40 59
40 91
40 97
41 11
41 13
41 50
41 55
41 57
41 58
41 59
41 83
41 84
41 85
41 90
41 91
41 92
41 98
41 99
42 0
42 1
42 2
42 12
42 50
42 51
42 90
42 92
42 93
42 98
42 99
43 49
43 50
43 51
43 88
43 92
43 93
44 49
44 50
44 53
44 54
44 90
44 91
44 93
45 24
45 25
45 49
45 50
45 52
45 53
45 86
45 89
45 90
45 92
45 93
46 24
46 25
46 49
46 53
46 87
46 88
46 92
47 49
47 50
47 53
47 87
47 88
48 52
48 88
48 90
49 49
49 51
49 80
49 81
50 48
50 80
50 81
50 85
51 34
51 49
51 84
51 86
52 32
52 33
52 35
52 36
52 51
53 32
53 33
53 35
53 36
54 3
55 3
55 15
55 16
55 17
55 33
55 34
55 36
55 37
55 97
55 98
55 99
56 3
56 33
56 34
56 36
56 37
57 35
57 90
57 91
58 27
58 28
58 90
58 92
58 93
59 26
59 32
59 46
59 54
59 55
59 91
59 92
59 93
60 31
60 33
60 40
60 41
60 46
60 54
60 55
61 40
61 42
61 46
61 75
61 76
62 34
62 41
62 43
62 74
62 77
63 32
63 33
63 34
63 42
63 74
63 76
63 91
63 92
64 30
64 32
64 33
64 75
64 79
64 88
64 89
64 90
64 91
64 92
64 93
65 30
65 31
65 32
65 68
65 79
65 89
65 93
66 31
66 68
66 79
66 88
66 89
66 93
67 62
67 63
67 67
67 68
67 69
67 70
67 88
67 89
67 92
68 50
68 51
68 63
68 64
68 66
68 69
68 70
68 71
68 90
68 91
69 50
69 51
69 64
70 64
70 70
70 71
70 77
70 82
71 5
71 63
71 64
71 66
71 67
71 77
71 83
71 95
72 4
72 6
72 58
72 59
72 66
72 68
72 77
72 95
73 3
73 4
73 6
73 57
73 58
73 59
73 63
73 65
73 95
74 4
74 8
74 45
74 46
74 57
74 60
74 63
74 65
74 66
74 67
74 68
74 82
75 4
75 8
75 16
75 17
75 43
75 44
75 47
75 58
75 59
75 67
75 72
75 81
76 4
76 8
76 15
76 42
76 48
76 58
76 59
76 71
76 74
77 4
77 15
77 16
77 19
77 42
77 47
77 71
77 73
78 8
78 14
78 16
78 17
78 20
78 43
78 44
78 71
78 72
79 5
79 9
79 10
79 19
79 20
80 7
80 10
80 13
80 14
80 18
80 19
80 20
80 78
80 79
81 7
81 8
81 9
81 13
81 14
81 16
81 17
81 19
81 22
81 23
81 24
81 75
81 76
81 77
81 78
81 79
81 80
82 13
82 14
82 18
82 74
82 76
82 78
82 80
82 81
82 99
83 18
83 45
83 74
83 76
83 77
83 79
83 80
83 99
84 9
84 44
84 45
84 46
84 50
84 75
84 79
84 99
85 9
85 49
85 50
85 51
86 9
86 44
86 46
86 50
86 51
86 56
86 57
86 85
87 55
87 58
87 84
87 85
87 86
87 87
87 88
88 24
88 25
88 47
88 48
88 56
88 57
88 84
88 87
88 89
89 23
89 26
89 46
89 48
89 88
89 89
90 24
90 25
90 45
90 46
91 46
91 47
91 65
91 72
91 73
92 45
92 47
92 64
92 66
92 73
92 74
93 45
93 46
93 47
93 63
93 64
94 13
94 14
94 63
94 66
94 68
94 69
94 70
94 71
94 72
95 2
95 3
95 13
95 14
95 68
95 69
95 70
95 72
95 73
95 89
95 90
95 91
96 1
96 4
96 66
96 67
96 89
96 90
96 94
97 2
97 3
97 64
97 67
97 73
97 80
97 81
97 89
97 90
97 92
97 98
97 99
98 7
98 8
98 25
98 26
98 63
98 65
98 66
98 67
98 68
98 70
98 80
98 81
98 88
98 92
98 99
99 7
99 8
99 15
99 16
99 25
99 26
99 64
99 65
99 66
99 69
99 72
99 88
99 89
99 90
99 91
99 97
99 99
