0 14
0 17
0 86
0 88
1 15
1 16
1 36
1 37
1 59
1 60
1 61
1 89
2 35
2 38
2 60
2 61
2 88
2 89
3 12
3 23
3 24
3 36
3 37
3 60
3 61
3 90
4 12
4 22
4 25
4 89
4 90
4 91
5 12
5 23
5 25
5 53
5 54
5 89
5 90
6 24
6 35
6 43
6 44
6 54
6 55
7 35
7 43
7 44
7 54
7 55
7 70
8 35
8 70
9 29
9 30
9 31
12 69
13 68
13 70
13 71
14 20
14 21
14 69
14 70
15 19
15 22
15 34
15 35
15 36
15 69
15 70
16 19
16 22
16 64
16 65
16 68
16 69
16 70
16 87
16 88
16 89
17 20
17 21
17 68
17 86
17 90
18 15
18 40
18 41
18 85
18 89
19 14
19 16
19 40
19 41
19 86
20 14
20 16
20 90
20 91
20 92
20 93
21 3
21 4
21 5
21 15
21 84
21 92
22 20
22 21
22 84
22 85
22 89
22 91
23 20
23 21
23 52
23 53
23 90
24 52
24 53
25 11
25 13
25 15
25 58
25 59
25 61
25 62
26 10
26 16
26 54
26 55
26 57
26 58
26 60
26 61
26 62
26 63
27 11
27 16
27 17
27 24
27 36
27 37
27 38
27 53
27 54
27 55
27 61
27 62
27 63
27 64
27 77
27 78
28 12
28 14
28 16
28 17
28 23
28 24
28 25
28 53
28 58
28 61
28 64
28 77
28 78
29 14
29 18
29 22
29 23
29 25
29 26
29 54
29 55
29 56
29 63
30 15
30 16
30 18
30 19
30 26
30 27
30 55
30 56
30 57
30 59
30 63
30 73
30 74
31 16
31 26
31 27
31 28
31 58
31 59
31 60
31 61
31 73
31 74
32 18
32 25
32 27
33 15
33 25
33 26
33 83
33 84
33 86
33 87
34 14
34 19
34 40
34 83
34 84
34 86
34 87
35 14
35 19
35 39
35 41
35 85
35 86
35 88
35 95
35 96
36 15
36 19
36 39
36 41
36 50
36 51
36 52
36 64
36 65
36 86
36 89
36 94
36 97
37 14
37 18
37 40
37 64
37 65
37 86
37 89
37 95
37 96
38 17
38 64
38 65
38 68
38 69
39 13
39 68
39 70
39 91
40 63
40 65
40 67
40 70
40 85
40 89
40 90
40 91
41 8
41 10
41 11
41 56
41 58
41 62
41 65
41 67
41 68
41 70
41 86
41 87
41 88
41 89
41 90
41 91
41 96
42 9
42 10
42 11
42 12
42 13
42 62
42 68
42 69
42 73
42 74
42 88
42 95
42 97
43 9
43 10
43 11
43 12
43 13
43 62
43 66
43 67
43 72
43 75
43 91
43 98
44 32
44 58
44 67
44 73
44 74
44 98
45 24
45 25
45 55
45 57
45 61
45 89
45 90
46 24
46 25
46 31
46 34
46 38
46 39
46 56
46 57
46 58
46 59
46 60
46 66
46 95
46 97
47 30
47 38
47 39
47 52
47 53
47 59
47 60
47 65
47 85
47 86
47 89
47 90
48 30
48 34
48 40
48 52
48 53
48 58
48 64
48 85
48 86
48 89
48 90
49 30
49 35
49 37
49 38
49 60
49 61
49 62
49 80
49 81
49 85
49 86
49 89
49 90
49 91
50 32
50 36
50 37
50 38
50 49
50 50
50 80
50 81
50 87
50 88
50 89
50 90
51 35
51 36
51 49
51 50
51 87
51 92
52 36
52 90
52 92
52 93
52 94
53 0
53 37
53 88
53 89
54 1
54 16
54 99
55 1
55 16
55 99
56 0
56 16
56 93
57 92
57 94
58 25
58 26
58 92
58 94
59 24
59 54
59 55
59 93
60 25
60 28
60 40
60 41
60 45
60 46
60 47
60 54
60 55
61 22
61 26
61 28
61 30
61 40
61 42
61 75
61 76
62 22
62 31
62 41
62 43
62 74
62 77
62 93
63 22
63 26
63 28
63 30
63 42
63 74
63 76
63 92
63 94
64 25
64 28
64 75
64 81
64 82
64 83
64 87
64 89
64 93
64 94
65 24
65 63
65 64
65 81
65 83
65 87
65 89
66 25
66 26
66 35
66 63
66 64
66 80
66 83
66 88
67 34
67 36
67 80
67 81
68 34
68 35
68 50
68 51
68 80
68 81
68 83
69 50
69 51
69 83
69 84
70 82
70 83
71 76
71 77
71 78
72 45
72 46
72 55
72 56
72 94
72 95
72 96
73 3
73 4
73 43
73 44
73 45
73 47
73 54
73 57
74 5
74 42
74 44
74 55
74 57
74 65
74 66
74 67
75 2
75 41
75 45
75 46
75 56
76 2
76 3
76 42
76 44
76 45
76 63
76 69
77 2
77 3
77 5
77 6
77 43
77 44
77 45
77 47
77 48
77 49
77 52
77 63
77 69
78 5
78 6
78 47
78 48
78 53
78 54
78 63
78 69
79 49
79 51
80 4
80 7
80 41
80 42
80 48
80 49
80 51
80 54
80 65
80 66
80 67
81 3
81 7
81 39
81 41
81 43
81 46
81 48
81 49
81 52
81 73
81 74
82 6
82 40
82 42
82 44
82 72
82 75
83 0
83 4
83 5
83 44
83 47
83 73
83 74
83 98
83 99
84 47
84 49
85 47
85 49
85 50
85 52
85 78
85 79
85 80
86 43
86 47
86 49
86 52
86 58
87 12
87 41
87 42
87 44
87 45
87 52
87 53
87 58
87 59
87 60
87 70
87 73
88 11
88 13
88 24
88 25
88 41
88 42
88 46
88 55
88 56
88 58
88 60
88 69
88 73
89 10
89 13
89 23
89 26
89 42
89 46
89 55
89 56
89 60
89 73
90 11
90 12
90 24
90 25
90 42
90 47
90 49
90 51
90 56
90 60
90 61
90 62
90 68
91 43
91 44
91 45
91 46
91 47
91 49
91 50
91 51
91 75
91 77
92 44
92 46
92 47
92 49
92 50
92 51
92 58
92 64
92 70
92 71
92 74
92 77
93 58
93 64
93 74
93 75
93 76
93 77
94 4
94 5
94 13
94 14
94 58
94 64
94 74
94 75
95 4
95 5
95 13
95 14
96 60
96 61
96 62
96 92
96 93
96 94
97 80
97 81
97 90
97 94
98 25
98 26
98 80
98 81
98 87
98 90
98 92
99 15
99 16
99 25
99 26
99 86
99 88
