0 0
0 1
0 5
0 6
0 7
0 10
0 19
0 20
0 24
0 25
0 27
0 29
0 36
0 37
0 38
0 39
0 51
0 52
0 65
0 67
0 68
0 79
0 80
0 83
0 84
0 87
0 88
0 93
0 96
0 98
1 0
1 2
1 4
1 5
1 6
1 12
1 14
1 22
1 24
1 25
1 26
1 27
1 31
1 34
1 38
1 39
1 58
1 59
1 60
1 63
1 64
1 82
1 83
1 84
1 87
1 88
1 92
2 2
2 3
2 5
2 7
2 8
2 9
2 13
2 14
2 19
2 22
2 23
2 24
2 28
2 29
2 30
2 32
2 33
2 35
2 36
2 38
2 39
2 47
2 48
2 49
2 53
2 55
2 56
2 62
2 63
2 64
2 73
2 74
2 83
2 86
2 92
3 1
3 2
3 3
3 5
3 7
3 10
3 11
3 12
3 13
3 15
3 23
3 32
3 37
3 38
3 47
3 48
3 49
3 54
3 55
3 56
3 60
3 61
3 66
3 67
3 75
3 81
3 83
3 88
3 91
3 96
4 2
4 3
4 7
4 8
4 9
4 12
4 15
4 17
4 18
4 21
4 29
4 30
4 32
4 34
4 35
4 38
4 39
4 40
4 54
4 55
4 56
4 58
4 59
4 61
4 62
4 63
4 68
4 69
4 70
4 71
4 73
4 74
4 75
4 80
4 81
4 83
4 86
4 89
4 91
4 96
4 98
5 3
5 9
5 10
5 19
5 20
5 40
5 41
5 58
5 59
5 61
5 68
5 69
5 70
5 71
5 73
5 74
5 75
5 84
5 85
5 90
6 0
6 1
6 10
6 42
6 54
6 58
6 61
6 65
6 66
6 68
6 69
6 70
6 71
6 74
6 75
6 77
6 84
6 85
6 89
6 96
6 97
6 98
7 1
7 19
7 20
7 31
7 38
7 41
7 42
7 43
7 51
7 52
7 59
7 60
7 64
7 74
7 75
7 90
8 6
8 7
8 8
8 9
8 14
8 17
8 19
8 20
8 30
8 31
8 38
8 39
8 43
8 48
8 50
8 51
8 52
8 59
8 70
8 71
8 72
8 74
8 75
8 79
8 85
8 90
8 92
9 3
9 4
9 8
9 9
9 10
9 13
9 17
9 20
9 26
9 27
9 28
9 38
9 39
9 40
9 48
9 60
9 65
9 73
9 74
9 75
9 77
9 78
9 80
9 81
9 83
9 84
9 85
9 90
9 93
10 0
10 3
10 4
10 9
10 10
10 16
10 26
10 28
10 34
10 35
10 43
10 62
10 70
10 73
10 75
10 78
10 80
10 82
10 90
10 92
10 95
10 96
10 97
10 99
11 2
11 3
11 8
11 11
11 16
11 20
11 21
11 29
11 42
11 43
11 61
11 62
11 63
11 64
11 66
11 67
11 73
11 75
11 76
11 80
11 84
11 94
11 98
11 99
12 2
12 3
12 10
12 13
12 15
12 17
12 19
12 21
12 27
12 28
12 29
12 41
12 42
12 43
12 54
12 60
12 61
12 62
12 65
12 66
12 67
12 68
12 69
12 71
12 74
12 76
12 81
12 82
12 83
12 94
12 97
12 98
13 1
13 3
13 5
13 7
13 12
13 13
13 15
13 16
13 18
13 19
13 20
13 27
13 29
13 45
13 46
13 53
13 61
13 62
13 65
13 69
13 70
13 71
13 73
13 95
13 97
14 5
14 6
14 9
14 10
14 15
14 19
14 26
14 28
14 29
14 30
14 33
14 34
14 43
14 44
14 46
14 47
14 54
14 55
14 61
14 62
14 67
14 73
14 89
14 97
15 1
15 2
15 5
15 12
15 15
15 20
15 27
15 28
15 30
15 31
15 42
15 43
15 44
15 47
15 49
15 50
15 51
15 52
15 60
15 61
15 67
15 68
15 72
15 84
15 86
15 87
15 88
15 90
15 95
15 96
16 3
16 6
16 7
16 11
16 12
16 13
16 14
16 16
16 18
16 20
16 26
16 27
16 28
16 37
16 39
16 40
16 41
16 43
16 46
16 48
16 49
16 50
16 53
16 55
16 59
16 62
16 63
16 64
16 69
16 70
16 72
16 83
16 86
16 95
16 96
17 12
17 16
17 17
17 18
17 19
17 27
17 37
17 39
17 40
17 41
17 43
17 45
17 46
17 49
17 58
17 59
17 60
17 61
17 63
17 67
17 71
17 72
17 83
17 87
17 91
17 92
17 93
17 94
18 1
18 2
18 3
18 4
18 8
18 11
18 17
18 19
18 21
18 22
18 27
18 28
18 34
18 35
18 42
18 51
18 52
18 53
18 54
18 55
18 56
18 58
18 65
18 72
18 73
18 75
18 84
18 86
18 87
18 89
18 90
18 92
18 93
18 96
19 6
19 8
19 11
19 21
19 22
19 26
19 27
19 29
19 33
19 34
19 35
19 38
19 39
19 40
19 41
19 49
19 50
19 52
19 59
19 60
19 64
19 65
19 66
19 67
19 68
19 69
19 70
19 76
19 79
19 80
19 87
19 89
20 1
20 2
20 3
20 4
20 6
20 7
20 9
20 15
20 16
20 21
20 26
20 27
20 29
20 30
20 31
20 32
20 33
20 34
20 35
20 36
20 38
20 39
20 46
20 47
20 48
20 49
20 50
20 56
20 58
20 68
20 69
20 70
20 76
20 79
20 81
20 87
20 88
20 94
21 0
21 1
21 2
21 6
21 13
21 14
21 16
21 19
21 26
21 30
21 32
21 33
21 35
21 36
21 37
21 40
21 44
21 45
21 47
21 48
21 49
21 51
21 52
21 56
21 57
21 58
21 59
21 63
21 64
21 65
21 66
21 67
21 74
21 75
21 79
21 82
21 88
21 89
21 93
21 94
21 95
21 99
22 0
22 2
22 3
22 4
22 13
22 14
22 22
22 26
22 27
22 28
22 31
22 32
22 33
22 41
22 42
22 44
22 45
22 47
22 48
22 50
22 54
22 57
22 60
22 65
22 66
22 70
22 72
22 73
22 77
22 78
22 80
22 81
22 89
22 90
22 91
22 98
22 99
23 2
23 8
23 9
23 10
23 12
23 16
23 21
23 29
23 31
23 38
23 39
23 43
23 46
23 50
23 55
23 57
23 62
23 70
23 72
23 77
23 81
23 84
23 86
23 90
23 91
23 98
23 99
24 3
24 4
24 7
24 11
24 12
24 13
24 14
24 16
24 17
24 20
24 28
24 30
24 31
24 39
24 41
24 42
24 43
24 44
24 45
24 51
24 59
24 60
24 61
24 62
24 63
24 71
24 77
24 80
24 83
24 87
24 91
25 0
25 7
25 8
25 10
25 11
25 12
25 14
25 15
25 16
25 21
25 29
25 30
25 32
25 33
25 38
25 39
25 40
25 43
25 46
25 58
25 59
25 60
25 61
25 70
25 71
25 78
25 79
25 84
25 86
25 92
25 93
26 1
26 6
26 8
26 9
26 11
26 13
26 26
26 27
26 28
26 29
26 30
26 34
26 37
26 38
26 39
26 43
26 44
26 46
26 47
26 52
26 53
26 56
26 57
26 58
26 62
26 63
26 64
26 65
26 78
26 85
26 91
26 92
26 98
27 1
27 5
27 6
27 7
27 11
27 13
27 18
27 19
27 20
27 21
27 23
27 25
27 28
27 31
27 35
27 38
27 39
27 40
27 41
27 52
27 53
27 54
27 62
27 63
27 66
27 67
27 68
27 78
27 79
27 80
27 92
27 98
28 0
28 3
28 4
28 5
28 7
28 12
28 22
28 23
28 24
28 25
28 26
28 37
28 38
28 45
28 46
28 47
28 52
28 53
28 58
28 64
28 65
28 68
28 71
28 72
28 74
28 75
28 79
28 81
28 87
28 90
28 92
28 97
28 98
28 99
29 2
29 3
29 4
29 12
29 17
29 20
29 23
29 26
29 29
29 30
29 32
29 33
29 35
29 53
29 58
29 59
29 63
29 71
29 72
29 73
29 74
29 75
29 76
29 78
29 81
29 82
29 86
29 92
29 93
29 96
29 97
30 1
30 4
30 6
30 8
30 28
30 29
30 30
30 31
30 32
30 33
30 34
30 42
30 49
30 52
30 58
30 59
30 61
30 64
30 66
30 67
30 71
30 72
30 76
30 86
30 87
30 89
30 90
30 92
30 96
30 97
31 0
31 1
31 4
31 8
31 9
31 11
31 13
31 16
31 18
31 27
31 29
31 30
31 32
31 49
31 50
31 52
31 54
31 56
31 57
31 58
31 59
31 63
31 64
31 67
31 68
31 69
31 70
31 72
31 73
31 74
31 85
31 86
31 96
31 98
32 2
32 5
32 6
32 8
32 9
32 11
32 14
32 15
32 28
32 29
32 32
32 33
32 37
32 38
32 42
32 44
32 45
32 46
32 47
32 49
32 50
32 51
32 52
32 54
32 58
32 63
32 64
32 68
32 71
32 73
32 74
32 83
32 85
32 95
32 96
32 98
32 99
33 2
33 5
33 9
33 14
33 22
33 23
33 26
33 28
33 33
33 46
33 56
33 59
33 64
33 85
33 95
33 98
33 99
34 0
34 2
34 3
34 6
34 7
34 8
34 9
34 21
34 22
34 27
34 28
34 31
34 32
34 39
34 44
34 53
34 55
34 59
34 62
34 64
34 68
34 72
34 82
34 90
34 98
34 99
35 0
35 2
35 3
35 4
35 5
35 7
35 8
35 12
35 30
35 31
35 32
35 33
35 35
35 36
35 37
35 41
35 43
35 46
35 48
35 49
35 50
35 54
35 55
35 60
35 61
35 63
35 64
35 68
35 69
35 70
35 76
35 77
35 88
35 97
35 99
36 2
36 3
36 8
36 12
36 21
36 29
36 30
36 33
36 35
36 38
36 39
36 40
36 41
36 42
36 43
36 48
36 49
36 50
36 69
36 71
36 73
36 77
36 83
36 84
36 88
36 93
36 98
37 0
37 1
37 4
37 6
37 9
37 12
37 18
37 19
37 25
37 26
37 27
37 29
37 30
37 31
37 32
37 39
37 41
37 45
37 46
37 48
37 49
37 52
37 53
37 54
37 55
37 59
37 60
37 62
37 63
37 75
37 76
37 77
37 78
37 84
37 92
37 93
37 96
37 99
38 1
38 4
38 8
38 11
38 18
38 19
38 31
38 32
38 41
38 46
38 48
38 49
38 51
38 53
38 55
38 65
38 67
38 70
38 71
38 93
38 96
38 97
39 0
39 6
39 8
39 10
39 33
39 37
39 38
39 48
39 49
39 52
39 54
39 55
39 56
39 60
39 61
39 63
39 65
39 66
39 67
39 68
39 70
39 72
39 73
39 74
39 78
39 79
39 91
39 93
39 98
39 99
40 6
40 7
40 10
40 11
40 13
40 42
40 45
40 48
40 49
40 54
40 55
40 56
40 60
40 61
40 63
40 67
40 68
40 78
40 79
40 83
40 84
40 85
40 86
40 87
40 88
40 89
40 93
40 98
40 99
41 4
41 5
41 7
41 8
41 11
41 15
41 16
41 18
41 35
41 43
41 44
41 45
41 48
41 50
41 51
41 53
41 69
41 76
41 79
41 82
41 86
41 87
41 88
41 93
42 3
42 10
42 11
42 14
42 15
42 16
42 18
42 36
42 44
42 46
42 48
42 49
42 52
42 56
42 65
42 69
42 71
42 81
42 84
42 89
42 93
42 99
43 3
43 8
43 12
43 15
43 18
43 28
43 30
43 38
43 45
43 49
43 51
43 53
43 54
43 55
43 65
43 67
43 68
43 70
43 71
43 81
43 84
43 89
43 90
43 94
43 95
43 97
43 98
44 2
44 3
44 4
44 10
44 11
44 12
44 13
44 16
44 17
44 28
44 30
44 36
44 37
44 38
44 48
44 49
44 50
44 53
44 67
44 68
44 69
44 76
44 78
44 81
44 82
44 91
44 94
44 97
45 3
45 4
45 9
45 10
45 22
45 23
45 24
45 32
45 35
45 46
45 51
45 53
45 58
45 68
45 73
45 79
45 90
45 91
46 3
46 9
46 10
46 12
46 13
46 16
46 21
46 22
46 23
46 24
46 30
46 31
46 32
46 33
46 46
46 50
46 51
46 52
46 54
46 57
46 58
46 59
46 60
46 61
46 73
46 74
46 76
46 78
46 79
46 88
46 91
47 1
47 4
47 13
47 15
47 16
47 19
47 29
47 39
47 44
47 52
47 54
47 58
47 60
47 61
47 62
47 63
47 71
47 79
47 88
47 94
48 1
48 4
48 9
48 11
48 12
48 13
48 17
48 18
48 19
48 30
48 43
48 44
48 46
48 48
48 55
48 56
48 63
48 64
48 70
48 71
48 72
48 74
48 79
48 88
48 89
48 90
48 92
49 2
49 4
49 8
49 9
49 10
49 11
49 20
49 22
49 23
49 24
49 25
49 26
49 31
49 33
49 36
49 38
49 44
49 46
49 47
49 48
49 50
49 52
49 53
49 56
49 57
49 58
49 59
49 61
49 70
49 78
49 84
49 85
49 86
49 87
49 89
49 96
50 3
50 4
50 6
50 13
50 17
50 18
50 20
50 25
50 36
50 40
50 48
50 49
50 53
50 64
50 72
50 74
50 75
50 76
50 82
50 87
50 89
50 90
50 96
50 97
51 3
51 4
51 5
51 9
51 10
51 11
51 12
51 13
51 14
51 15
51 18
51 19
51 25
51 26
51 37
51 38
51 40
51 41
51 54
51 55
51 56
51 57
51 58
51 60
51 64
51 66
51 67
51 68
51 69
51 70
51 71
51 72
51 74
51 77
51 81
51 90
51 92
51 98
52 2
52 3
52 4
52 26
52 27
52 36
52 41
52 48
52 54
52 57
52 60
52 63
52 66
52 71
52 73
52 74
52 76
52 77
52 79
52 80
52 81
52 82
52 85
52 92
52 93
52 97
53 0
53 1
53 4
53 7
53 10
53 14
53 16
53 17
53 18
53 26
53 27
53 37
53 38
53 46
53 47
53 52
53 53
53 55
53 61
53 62
53 66
53 68
53 73
53 74
53 80
53 89
53 98
53 99
54 0
54 4
54 6
54 7
54 9
54 13
54 14
54 18
54 26
54 27
54 28
54 47
54 51
54 52
54 53
54 54
54 55
54 60
54 63
54 72
54 77
54 89
54 90
54 91
54 93
54 95
55 6
55 7
55 9
55 16
55 18
55 28
55 30
55 37
55 38
55 46
55 51
55 59
55 60
55 63
55 72
55 73
55 79
55 80
55 86
55 88
55 91
55 92
55 93
55 95
56 1
56 2
56 7
56 8
56 18
56 28
56 29
56 30
56 35
56 43
56 49
56 52
56 53
56 56
56 57
56 59
56 60
56 72
56 74
56 78
56 79
56 87
56 88
56 89
57 7
57 8
57 10
57 11
57 12
57 17
57 18
57 22
57 23
57 29
57 30
57 31
57 34
57 35
57 36
57 37
57 38
57 40
57 46
57 48
57 50
57 56
57 57
57 58
57 62
57 65
57 68
57 69
57 72
57 75
57 76
57 79
57 83
57 84
57 87
57 88
57 93
57 94
58 4
58 5
58 6
58 7
58 9
58 12
58 17
58 18
58 19
58 20
58 25
58 27
58 28
58 32
58 33
58 37
58 38
58 47
58 57
58 67
58 68
58 76
58 84
58 85
58 88
58 93
58 95
58 96
59 6
59 9
59 10
59 11
59 12
59 13
59 16
59 23
59 32
59 33
59 34
59 35
59 44
59 45
59 54
59 58
59 63
59 66
59 67
59 71
59 72
59 73
59 74
59 76
59 84
59 85
59 91
59 92
59 93
59 94
59 96
60 0
60 6
60 11
60 15
60 17
60 18
60 24
60 30
60 43
60 45
60 54
60 55
60 56
60 59
60 65
60 68
60 69
60 70
60 71
60 72
60 73
60 82
60 85
60 87
60 91
60 92
60 94
60 95
60 96
60 97
60 99
61 1
61 2
61 3
61 4
61 12
61 14
61 15
61 18
61 21
61 29
61 37
61 46
61 50
61 51
61 52
61 55
61 56
61 59
61 65
61 66
61 67
61 69
61 70
61 84
61 87
61 88
61 89
61 90
61 93
61 94
61 97
62 6
62 7
62 8
62 11
62 12
62 14
62 17
62 18
62 28
62 29
62 31
62 34
62 35
62 36
62 39
62 46
62 49
62 51
62 52
62 55
62 59
62 70
62 71
62 72
62 89
62 91
62 92
62 93
62 94
62 95
62 96
62 97
63 0
63 1
63 5
63 7
63 8
63 9
63 11
63 12
63 13
63 18
63 20
63 21
63 24
63 27
63 28
63 29
63 31
63 35
63 40
63 46
63 48
63 49
63 54
63 56
63 57
63 58
63 59
63 70
63 73
63 74
63 85
63 86
63 92
63 93
63 96
63 97
63 98
63 99
64 2
64 6
64 7
64 8
64 12
64 15
64 16
64 20
64 21
64 27
64 35
64 46
64 48
64 52
64 54
64 55
64 57
64 59
64 62
64 63
64 69
64 74
64 75
64 77
64 78
64 81
64 87
64 91
64 92
65 2
65 5
65 12
65 13
65 14
65 20
65 21
65 23
65 25
65 26
65 38
65 40
65 46
65 49
65 50
65 52
65 53
65 54
65 55
65 62
65 63
65 71
65 72
65 78
65 79
65 80
65 83
65 86
65 87
65 91
65 92
66 4
66 5
66 6
66 13
66 22
66 23
66 24
66 25
66 33
66 34
66 37
66 40
66 48
66 50
66 63
66 68
66 69
66 72
66 74
66 78
66 79
66 80
66 81
66 83
66 85
66 88
66 89
66 90
66 91
66 92
66 96
66 97
66 98
67 15
67 17
67 19
67 20
67 22
67 23
67 26
67 29
67 31
67 32
67 33
67 34
67 35
67 38
67 39
67 46
67 47
67 50
67 54
67 56
67 57
67 59
67 73
67 76
67 78
67 82
67 84
67 86
67 88
67 90
67 91
67 99
68 5
68 7
68 12
68 14
68 22
68 23
68 24
68 27
68 30
68 31
68 35
68 36
68 37
68 38
68 39
68 46
68 47
68 50
68 54
68 55
68 57
68 59
68 60
68 64
68 69
68 70
68 74
68 75
68 78
68 83
68 90
68 91
68 97
68 99
69 3
69 6
69 9
69 10
69 12
69 18
69 19
69 24
69 25
69 32
69 62
69 65
69 69
69 70
69 71
69 74
69 78
69 84
69 85
69 89
69 90
69 98
69 99
70 0
70 1
70 2
70 3
70 6
70 17
70 18
70 19
70 22
70 24
70 26
70 32
70 41
70 46
70 47
70 54
70 55
70 56
70 58
70 64
70 65
70 68
70 70
70 71
70 76
70 77
70 84
70 86
70 95
71 5
71 6
71 9
71 15
71 16
71 20
71 22
71 23
71 27
71 31
71 32
71 41
71 42
71 43
71 45
71 46
71 47
71 49
71 53
71 54
71 57
71 59
71 60
71 61
71 62
71 63
71 64
71 66
71 68
71 74
71 75
71 83
71 84
71 87
71 88
71 89
71 95
72 0
72 1
72 2
72 6
72 7
72 8
72 16
72 18
72 20
72 27
72 30
72 31
72 32
72 33
72 42
72 43
72 45
72 46
72 48
72 55
72 57
72 58
72 59
72 61
72 62
72 68
72 74
72 83
72 88
72 95
73 0
73 1
73 2
73 9
73 14
73 16
73 21
73 22
73 23
73 29
73 32
73 33
73 43
73 49
73 52
73 53
73 54
73 55
73 56
73 58
73 65
73 66
73 68
73 74
73 76
73 77
73 78
73 79
73 82
74 1
74 3
74 6
74 7
74 9
74 10
74 16
74 21
74 23
74 31
74 49
74 55
74 56
74 58
74 59
74 75
74 77
74 80
74 87
74 88
74 89
75 2
75 3
75 6
75 7
75 9
75 24
75 31
75 39
75 40
75 50
75 53
75 54
75 56
75 57
75 58
75 59
75 60
75 70
75 74
75 75
75 76
75 85
75 87
75 88
76 0
76 1
76 6
76 7
76 9
76 19
76 20
76 23
76 24
76 30
76 33
76 35
76 36
76 39
76 40
76 48
76 49
76 55
76 58
76 59
76 61
76 62
76 71
76 75
76 76
76 78
76 79
76 80
76 85
76 99
77 0
77 1
77 5
77 6
77 10
77 11
77 12
77 16
77 17
77 25
77 29
77 30
77 33
77 38
77 40
77 46
77 47
77 49
77 53
77 54
77 55
77 57
77 58
77 65
77 66
77 85
77 87
77 88
77 97
77 98
77 99
78 1
78 3
78 4
78 10
78 11
78 12
78 16
78 20
78 26
78 27
78 29
78 31
78 33
78 40
78 44
78 47
78 56
78 57
78 59
78 60
78 61
78 63
78 64
78 72
78 76
78 77
78 85
78 89
78 90
78 91
78 94
78 97
79 2
79 5
79 11
79 16
79 17
79 18
79 19
79 20
79 26
79 34
79 37
79 38
79 46
79 47
79 51
79 52
79 53
79 54
79 63
79 64
79 65
79 68
79 73
79 76
79 79
79 80
79 82
79 89
79 91
79 92
79 93
79 94
79 95
79 96
79 97
80 1
80 2
80 14
80 16
80 31
80 35
80 36
80 37
80 42
80 49
80 54
80 58
80 64
80 66
80 68
80 69
80 72
80 76
80 81
80 83
80 84
80 85
80 88
80 89
80 91
80 93
80 94
80 99
81 1
81 2
81 4
81 11
81 14
81 15
81 21
81 22
81 31
81 38
81 42
81 43
81 44
81 45
81 46
81 47
81 49
81 50
81 58
81 75
81 81
81 96
82 0
82 4
82 6
82 7
82 8
82 9
82 12
82 16
82 30
82 31
82 38
82 43
82 44
82 47
82 68
82 69
82 70
82 75
82 76
82 78
82 80
82 84
82 85
82 86
82 92
82 93
82 96
83 5
83 7
83 16
83 20
83 21
83 22
83 24
83 27
83 32
83 33
83 34
83 38
83 41
83 46
83 47
83 48
83 60
83 68
83 74
83 77
83 83
83 84
83 87
83 92
83 93
83 94
83 96
83 97
83 99
84 0
84 2
84 10
84 13
84 14
84 17
84 18
84 22
84 23
84 28
84 39
84 41
84 46
84 47
84 60
84 61
84 64
84 65
84 73
84 83
84 88
84 93
85 0
85 1
85 16
85 19
85 20
85 21
85 22
85 23
85 29
85 30
85 33
85 34
85 38
85 39
85 41
85 42
85 46
85 47
85 53
85 54
85 57
85 58
85 62
85 63
85 64
85 67
85 73
85 77
85 82
85 83
85 92
85 93
85 96
86 8
86 9
86 11
86 13
86 14
86 15
86 16
86 17
86 19
86 22
86 23
86 32
86 35
86 36
86 39
86 41
86 45
86 46
86 53
86 56
86 58
86 60
86 62
86 71
86 75
86 78
86 87
86 92
87 9
87 13
87 17
87 18
87 20
87 23
87 31
87 32
87 34
87 35
87 36
87 41
87 44
87 45
87 56
87 57
87 59
87 60
87 62
87 70
87 73
87 74
87 76
87 80
87 82
87 85
87 96
87 97
88 10
88 11
88 14
88 16
88 17
88 21
88 22
88 31
88 34
88 35
88 39
88 43
88 44
88 53
88 54
88 55
88 64
88 67
88 68
88 69
88 73
88 77
88 78
88 79
88 80
88 88
88 89
88 97
89 0
89 1
89 3
89 4
89 13
89 16
89 27
89 28
89 32
89 34
89 39
89 44
89 45
89 48
89 49
89 50
89 53
89 55
89 57
89 68
89 69
89 70
89 73
89 83
89 87
89 88
90 0
90 1
90 3
90 4
90 13
90 14
90 27
90 28
90 38
90 43
90 44
90 48
90 55
90 56
90 58
90 63
90 64
90 69
90 72
90 78
90 79
90 80
90 82
90 87
90 88
90 89
90 95
90 96
91 10
91 20
91 21
91 36
91 37
91 48
91 49
91 50
91 59
91 63
91 64
91 65
91 66
91 71
91 72
91 73
91 77
91 88
91 94
92 1
92 3
92 4
92 8
92 9
92 15
92 19
92 20
92 34
92 35
92 39
92 50
92 51
92 56
92 58
92 59
92 61
92 63
92 64
92 72
92 73
92 76
92 78
92 82
92 88
92 89
92 94
93 0
93 1
93 2
93 3
93 15
93 29
93 34
93 38
93 44
93 49
93 52
93 60
93 63
93 69
93 70
93 72
93 80
93 82
93 89
93 91
94 1
94 5
94 6
94 7
94 8
94 9
94 13
94 14
94 19
94 23
94 24
94 28
94 30
94 35
94 36
94 37
94 44
94 45
94 63
94 68
94 72
94 77
94 79
94 81
94 88
94 89
94 90
94 91
94 92
94 99
95 3
95 4
95 10
95 11
95 12
95 19
95 20
95 21
95 27
95 28
95 30
95 31
95 33
95 34
95 35
95 44
95 45
95 46
95 61
95 62
95 63
95 65
95 66
95 70
95 72
95 77
95 78
95 87
96 3
96 4
96 6
96 11
96 19
96 20
96 21
96 28
96 32
96 33
96 34
96 47
96 51
96 52
96 53
96 55
96 56
96 64
96 65
96 66
96 72
96 75
96 77
96 78
96 87
96 91
96 92
97 4
97 6
97 22
97 28
97 31
97 32
97 33
97 34
97 35
97 36
97 48
97 49
97 51
97 53
97 55
97 56
97 64
97 68
97 69
97 71
97 72
97 73
97 74
97 75
97 77
97 79
97 88
97 91
97 92
98 0
98 1
98 5
98 6
98 7
98 21
98 28
98 29
98 31
98 36
98 37
98 50
98 51
98 52
98 55
98 56
98 57
98 58
98 60
98 65
98 69
98 72
98 77
98 79
98 80
98 86
98 97
99 0
99 10
99 19
99 26
99 27
99 35
99 37
99 52
99 60
99 61
99 65
99 68
99 73
99 75
99 76
99 77
99 84
99 85
99 87
99 88
99 96
99 98
