0 0
0 5
0 6
0 7
0 13
0 14
0 16
0 17
0 22
0 23
0 24
0 25
0 26
0 27
0 39
0 41
0 46
0 49
0 64
0 65
0 68
0 69
0 72
0 73
0 74
0 75
0 76
0 77
1 1
1 5
1 12
1 19
1 20
1 21
1 38
1 42
1 45
1 49
1 50
1 51
1 52
1 58
1 63
1 65
1 66
1 69
1 70
1 72
1 73
1 76
1 77
2 11
2 12
2 14
2 17
2 18
2 19
2 37
2 38
2 40
2 42
2 44
2 45
2 50
2 51
2 52
2 57
2 58
2 63
2 65
2 68
2 69
2 76
2 77
2 78
2 86
3 10
3 11
3 12
3 14
3 15
3 16
3 17
3 18
3 19
3 20
3 21
3 42
3 43
3 50
3 57
3 62
3 68
3 76
3 77
3 78
3 79
3 85
3 86
3 87
3 95
3 96
3 97
4 8
4 10
4 11
4 13
4 19
4 20
4 22
4 34
4 35
4 37
4 38
4 39
4 42
4 44
4 45
4 46
4 50
4 51
4 63
4 64
4 74
4 75
4 76
4 79
4 88
4 89
5 7
5 10
5 11
5 13
5 22
5 23
5 35
5 36
5 41
5 46
5 47
5 50
5 51
5 72
5 73
5 75
5 76
5 86
5 94
5 97
6 7
6 8
6 12
6 20
6 22
6 35
6 36
6 37
6 39
6 49
6 50
6 51
6 56
6 58
6 64
6 72
6 73
6 75
6 86
6 87
6 89
6 90
7 7
7 8
7 9
7 21
7 37
7 38
7 44
7 45
7 49
7 50
7 51
7 56
7 59
7 63
7 64
7 65
7 72
7 73
7 75
7 76
7 80
7 81
7 88
7 89
7 90
7 95
7 96
8 34
8 38
8 39
8 44
8 45
8 55
8 62
8 63
8 72
8 73
8 74
8 77
8 80
8 81
8 82
8 89
8 92
8 94
8 95
8 96
9 29
9 30
9 31
9 35
9 36
9 37
9 38
9 39
9 44
9 46
9 56
9 57
9 58
9 64
9 65
9 68
9 73
9 77
9 78
9 79
9 86
9 90
9 91
9 92
10 12
10 13
10 18
10 45
10 56
10 57
10 65
10 69
10 73
10 75
10 76
10 77
10 81
10 82
10 85
10 86
10 87
10 90
10 91
10 92
11 11
11 13
11 16
11 20
11 37
11 39
11 68
11 81
11 82
11 83
11 86
11 87
11 92
11 93
11 94
12 11
12 12
12 15
12 16
12 20
12 37
12 38
12 61
12 74
12 75
12 85
12 92
12 94
12 95
13 16
13 18
13 38
13 61
13 62
13 65
13 76
13 80
13 85
13 91
13 96
14 16
14 18
14 44
14 45
14 60
14 61
14 65
14 66
14 77
14 78
14 91
14 92
15 15
15 16
15 17
15 18
15 44
15 45
15 66
15 91
15 92
16 0
16 2
16 14
16 15
16 17
16 37
16 39
16 64
16 65
16 66
17 0
17 2
17 14
17 16
17 37
17 40
17 58
17 59
17 60
17 61
17 63
17 65
17 93
18 1
18 13
18 14
18 41
18 56
18 59
18 61
18 62
18 70
18 71
19 12
19 14
19 24
19 25
19 41
19 45
19 46
19 55
19 58
19 62
19 69
19 72
19 85
19 86
19 87
20 0
20 11
20 12
20 14
20 15
20 24
20 26
20 30
20 31
20 37
20 38
20 44
20 45
20 47
20 54
20 55
20 58
20 59
20 63
20 64
20 70
20 71
21 0
21 3
21 4
21 5
21 14
21 15
21 25
21 26
21 27
21 30
21 32
21 37
21 38
21 40
21 41
21 43
21 47
21 54
21 58
21 59
21 63
21 64
21 84
21 87
22 1
22 14
22 15
22 16
22 26
22 27
22 30
22 39
22 40
22 41
22 44
22 45
22 46
22 54
22 61
22 63
22 64
22 84
22 85
23 15
23 16
23 20
23 21
23 22
23 26
23 33
23 35
23 36
23 37
23 40
23 41
23 45
23 54
23 55
23 59
23 60
23 61
23 62
23 78
23 79
23 80
23 85
24 13
24 14
24 19
24 20
24 22
24 23
24 24
24 26
24 38
24 40
24 41
24 49
24 51
24 52
24 53
24 56
24 58
24 59
24 60
24 62
24 77
24 80
24 81
24 83
24 84
25 13
25 14
25 19
25 20
25 27
25 28
25 33
25 34
25 40
25 48
25 50
25 77
25 80
25 82
26 1
26 2
26 28
26 29
26 31
26 33
26 34
26 35
26 36
26 37
26 38
26 39
26 47
26 78
26 79
26 81
26 82
26 98
26 99
27 1
27 2
27 28
27 30
27 33
27 48
27 49
27 63
27 97
28 1
28 24
28 29
28 32
28 64
28 65
28 87
28 93
28 94
28 97
29 0
29 4
29 5
29 6
29 8
29 9
29 10
29 15
29 16
29 23
29 28
29 29
29 30
29 31
29 32
29 60
29 64
29 65
29 67
29 88
29 90
29 91
29 93
29 94
29 97
30 4
30 7
30 10
30 15
30 16
30 18
30 24
30 31
30 32
30 50
30 51
30 52
30 59
30 60
30 64
30 65
30 87
30 90
30 97
31 0
31 4
31 5
31 7
31 9
31 10
31 15
31 18
31 25
31 47
31 51
31 52
31 58
31 59
31 60
31 62
31 67
31 68
31 75
31 76
31 77
31 87
31 90
31 97
32 18
32 45
32 47
32 48
32 58
32 60
32 62
32 67
32 68
32 88
32 89
32 98
32 99
33 6
33 7
33 8
33 11
33 14
33 45
33 48
33 58
33 60
33 61
33 62
33 68
34 10
34 11
34 12
34 13
34 17
34 47
34 48
34 58
34 60
34 61
34 64
34 65
34 69
35 10
35 47
35 53
35 58
35 66
35 67
35 68
36 0
36 1
36 2
36 11
36 12
36 38
36 39
36 40
36 44
36 45
36 46
36 47
36 53
36 67
36 82
36 83
37 0
37 1
37 2
37 27
37 28
37 29
37 38
37 39
37 40
37 43
37 47
37 52
37 54
37 73
37 74
37 75
37 83
37 85
38 0
38 3
38 5
38 23
38 24
38 25
38 26
38 27
38 28
38 29
38 43
38 45
38 47
38 48
38 53
38 59
38 73
38 76
38 84
38 94
38 95
39 3
39 21
39 25
39 26
39 29
39 30
39 43
39 44
39 47
39 53
39 57
39 58
39 59
39 60
39 61
39 63
39 64
39 73
39 76
39 84
39 94
39 96
40 21
40 25
40 29
40 56
40 59
40 68
40 73
40 82
40 83
40 84
40 95
41 17
41 20
41 29
41 36
41 37
41 38
41 56
41 57
41 59
41 63
41 64
41 67
41 70
41 71
41 82
41 84
41 85
42 7
42 8
42 9
42 15
42 17
42 20
42 23
42 25
42 27
42 65
42 72
42 75
42 85
43 6
43 9
43 15
43 20
43 24
43 26
43 34
43 40
43 46
43 47
43 61
43 65
43 73
43 74
43 85
43 86
43 98
43 99
44 6
44 10
44 11
44 15
44 16
44 20
44 24
44 34
44 40
44 45
44 47
44 62
44 63
44 64
44 70
44 72
44 73
44 81
44 85
44 86
44 97
44 98
44 99
45 0
45 2
45 6
45 7
45 8
45 10
45 11
45 24
45 34
45 40
45 44
45 45
45 61
45 68
45 70
45 72
45 74
45 96
45 98
46 1
46 3
46 4
46 7
46 18
46 19
46 24
46 46
46 62
46 70
46 72
46 84
46 85
46 96
46 97
46 99
47 0
47 1
47 2
47 3
47 8
47 9
47 18
47 19
47 21
47 23
47 36
47 38
47 48
47 52
47 53
47 66
47 69
47 70
47 75
47 84
47 85
48 8
48 9
48 19
48 35
48 38
48 46
48 47
48 52
48 53
48 69
48 70
48 76
48 84
48 85
49 8
49 20
49 22
49 35
49 36
49 39
49 41
49 45
49 61
49 62
49 68
49 75
49 76
49 95
49 98
50 8
50 9
50 10
50 20
50 34
50 35
50 37
50 41
50 46
50 48
50 59
50 60
50 61
50 68
50 75
50 76
50 80
50 96
50 97
51 8
51 9
51 10
51 33
51 34
51 35
51 36
51 37
51 46
51 48
51 58
51 59
51 72
51 74
51 78
51 79
51 81
51 82
51 99
52 0
52 32
52 34
52 38
52 40
52 41
52 56
52 57
52 60
52 61
52 62
52 69
52 80
52 98
53 25
53 30
53 33
53 37
53 38
53 39
53 40
53 41
53 42
53 47
53 48
53 55
53 56
53 60
53 61
53 62
53 63
53 64
53 69
54 22
54 23
54 26
54 29
54 30
54 31
54 33
54 35
54 36
54 37
54 41
54 42
54 43
54 47
54 48
54 55
54 64
54 65
55 3
55 21
55 26
55 29
55 33
55 34
55 35
55 36
55 37
55 43
55 44
55 60
55 61
55 64
55 65
55 73
55 74
56 2
56 3
56 20
56 21
56 22
56 23
56 24
56 26
56 27
56 30
56 31
56 32
56 34
56 36
56 37
56 43
56 59
56 62
56 73
56 83
56 84
57 4
57 20
57 27
57 33
57 34
57 35
57 36
57 58
57 68
57 69
57 70
57 73
57 74
57 82
57 85
57 88
57 89
57 98
57 99
58 3
58 20
58 21
58 22
58 26
58 27
58 32
58 33
58 34
58 58
58 61
58 68
58 69
58 70
58 73
58 74
58 82
58 84
58 88
58 89
58 97
58 99
59 2
59 3
59 20
59 23
59 26
59 70
59 83
59 88
59 89
59 97
60 0
60 1
60 20
60 22
60 25
60 26
60 56
60 61
60 69
60 70
60 72
60 73
60 98
60 99
61 20
61 23
61 25
61 26
61 45
61 55
61 65
61 66
61 70
61 71
61 72
61 90
61 91
61 99
62 3
62 11
62 12
62 19
62 20
62 24
62 25
62 26
62 43
62 44
62 46
62 55
62 61
62 71
62 89
62 92
63 2
63 6
63 10
63 12
63 20
63 23
63 24
63 39
63 44
63 46
63 57
63 59
63 60
63 63
63 67
63 89
63 91
64 2
64 6
64 7
64 11
64 21
64 23
64 38
64 40
64 56
64 63
64 67
64 90
64 91
64 92
64 93
64 95
65 3
65 4
65 8
65 14
65 15
65 21
65 22
65 23
65 38
65 40
65 44
65 47
65 48
65 49
65 51
65 63
65 85
65 91
65 96
66 7
66 12
66 16
66 23
66 27
66 28
66 29
66 39
66 44
66 49
66 52
66 64
66 67
66 80
66 85
66 90
66 96
67 12
67 16
67 20
67 23
67 27
67 28
67 29
67 33
67 34
67 45
67 47
67 49
67 52
67 64
67 69
67 70
67 71
67 80
67 81
67 83
67 90
67 96
68 7
68 12
68 21
68 22
68 27
68 32
68 35
68 50
68 52
68 78
68 83
68 93
68 94
68 95
69 6
69 8
69 13
69 14
69 25
69 37
69 38
69 39
69 49
69 50
69 51
69 64
69 70
69 71
69 78
69 91
69 93
70 3
70 4
70 8
70 9
70 13
70 14
70 24
70 26
70 32
70 33
70 35
70 36
70 39
70 44
70 45
70 50
70 51
70 63
70 64
70 73
70 76
70 77
70 79
70 82
70 83
70 99
71 5
71 6
71 10
71 18
71 24
71 26
71 39
71 44
71 45
71 58
71 61
71 62
71 70
71 71
71 73
71 74
71 91
71 92
71 93
71 97
72 2
72 3
72 4
72 6
72 7
72 8
72 10
72 19
72 20
72 26
72 27
72 34
72 36
72 37
72 38
72 44
72 46
72 52
72 53
72 54
72 57
72 59
72 60
72 61
72 62
72 64
72 65
72 68
72 73
72 79
72 84
72 86
73 3
73 11
73 18
73 30
73 31
73 49
73 50
73 55
73 57
73 59
73 64
73 65
73 67
73 68
73 76
73 77
73 78
73 85
73 86
73 87
73 93
73 95
73 96
74 4
74 8
74 10
74 23
74 24
74 25
74 26
74 27
74 29
74 30
74 50
74 51
74 52
74 53
74 55
74 56
74 58
74 60
74 64
74 67
74 68
74 86
74 87
74 93
74 95
75 3
75 5
75 8
75 10
75 19
75 22
75 23
75 25
75 26
75 30
75 32
75 47
75 50
75 51
75 53
75 60
75 66
75 68
75 69
75 71
75 93
75 95
76 8
76 9
76 19
76 23
76 25
76 26
76 31
76 32
76 46
76 47
76 48
76 52
76 58
76 65
76 66
76 69
76 70
76 72
76 73
77 24
77 25
77 26
77 27
77 52
77 58
77 59
77 60
77 62
77 66
77 73
77 75
77 76
77 85
78 10
78 11
78 25
78 27
78 28
78 29
78 43
78 44
78 45
78 47
78 48
78 59
78 63
78 68
78 70
78 71
78 72
78 73
78 85
78 86
78 87
79 10
79 11
79 12
79 14
79 15
79 29
79 43
79 44
79 46
79 47
79 61
79 62
79 63
79 67
79 68
79 70
79 75
79 83
79 84
80 13
80 14
80 16
80 26
80 27
80 28
80 29
80 33
80 36
80 43
80 44
80 46
80 47
80 61
80 62
80 63
80 68
80 69
80 74
80 75
80 86
80 88
81 17
81 25
81 26
81 45
81 58
81 59
81 64
81 68
81 84
81 88
81 89
82 9
82 13
82 15
82 16
82 24
82 25
82 28
82 29
82 32
82 36
82 58
82 59
82 61
82 63
82 84
82 86
82 89
82 97
83 7
83 8
83 10
83 11
83 16
83 25
83 27
83 28
83 30
83 34
83 35
83 57
83 59
83 70
83 71
83 79
83 84
83 85
83 86
83 87
83 88
83 89
83 96
84 7
84 8
84 11
84 15
84 27
84 28
84 30
84 33
84 56
84 57
84 58
84 59
84 62
84 63
84 64
84 65
84 66
84 67
84 70
84 78
84 79
84 90
85 7
85 9
85 11
85 12
85 13
85 15
85 29
85 33
85 40
85 41
85 59
85 60
85 63
85 64
85 65
85 66
85 67
85 68
85 71
85 89
85 90
85 98
86 8
86 13
86 14
86 28
86 33
86 34
86 40
86 41
86 57
86 58
86 65
86 68
86 69
86 70
86 71
86 80
86 89
86 90
87 9
87 13
87 30
87 31
87 32
87 33
87 34
87 35
87 65
87 66
87 69
87 70
87 79
87 81
87 96
87 97
87 98
88 10
88 13
88 14
88 25
88 26
88 27
88 28
88 29
88 30
88 32
88 34
88 36
88 78
88 82
88 86
88 87
88 88
88 96
88 97
89 8
89 9
89 14
89 15
89 17
89 18
89 25
89 26
89 27
89 28
89 29
89 31
89 32
89 33
89 35
89 36
89 37
89 69
89 70
89 79
89 81
89 87
89 88
89 89
89 97
89 98
90 8
90 9
90 15
90 17
90 18
90 24
90 25
90 26
90 28
90 29
90 32
90 34
90 36
90 41
90 43
90 56
90 58
90 69
90 70
90 71
90 80
90 88
91 14
91 15
91 16
91 17
91 18
91 23
91 24
91 29
91 33
91 34
91 35
91 41
91 43
91 44
91 45
91 56
91 60
91 68
91 72
91 88
91 89
92 9
92 14
92 17
92 24
92 25
92 34
92 41
92 44
92 45
92 56
92 61
92 69
92 73
92 81
92 82
92 83
92 88
92 89
93 4
93 5
93 7
93 8
93 9
93 13
93 22
93 23
93 24
93 25
93 26
93 27
93 28
93 29
93 42
93 46
93 52
93 61
93 69
93 73
93 79
93 83
93 87
93 90
94 4
94 5
94 13
94 19
94 20
94 23
94 24
94 26
94 27
94 28
94 42
94 43
94 44
94 45
94 50
94 51
94 53
94 54
94 59
94 61
94 74
94 78
94 81
94 82
94 88
94 89
95 9
95 13
95 20
95 27
95 44
95 45
95 50
95 51
95 52
95 53
95 59
95 60
95 72
95 73
95 74
95 78
95 81
95 88
95 89
96 4
96 5
96 6
96 7
96 9
96 10
96 12
96 19
96 20
96 21
96 46
96 48
96 49
96 50
96 57
96 58
96 72
96 73
96 74
96 78
96 79
96 80
97 3
97 4
97 5
97 6
97 7
97 8
97 12
97 14
97 23
97 24
97 25
97 26
97 31
97 32
97 33
97 46
97 48
97 49
97 50
97 57
97 58
97 60
97 61
97 66
97 74
97 75
97 88
97 90
98 1
98 2
98 3
98 7
98 8
98 14
98 23
98 27
98 45
98 49
98 50
98 58
98 60
98 61
98 66
98 67
98 71
98 72
98 74
98 75
98 76
98 82
98 86
98 87
99 0
99 3
99 4
99 7
99 8
99 15
99 18
99 19
99 20
99 21
99 22
99 23
99 24
99 25
99 27
99 48
99 49
99 59
99 64
99 67
99 68
99 71
99 72
99 73
99 74
99 75
99 76
99 83
99 84
99 86
99 87
99 99
