0 14
0 17
0 65
0 81
0 89
0 95
1 15
1 16
1 36
1 37
1 64
1 77
1 80
1 89
1 95
2 35
2 38
2 64
2 66
2 78
2 79
3 12
3 23
3 24
3 36
3 37
3 53
3 65
3 78
3 79
3 91
3 92
3 93
4 12
4 22
4 25
4 52
4 54
4 55
4 70
5 12
5 23
5 25
5 50
5 55
5 60
5 69
5 86
5 87
5 88
6 24
6 35
6 43
6 44
6 49
6 52
6 54
6 61
6 71
6 72
7 35
7 43
7 44
7 49
7 50
7 52
7 54
7 57
7 62
7 70
7 71
7 72
8 35
8 50
8 54
8 55
8 61
8 70
8 73
9 29
9 30
9 31
9 51
9 54
9 57
9 58
9 69
9 70
9 71
9 72
9 73
9 74
10 52
10 53
10 70
10 73
11 70
11 71
11 72
12 16
12 19
12 70
12 71
12 72
13 15
13 19
14 15
14 19
14 68
14 71
14 90
14 91
14 92
15 14
15 15
15 17
15 18
15 34
15 35
15 36
15 67
15 70
15 71
15 86
15 87
16 15
16 16
16 17
16 18
16 19
16 67
16 68
16 85
16 88
16 94
17 16
17 18
17 78
17 79
17 86
17 87
17 94
18 17
18 40
18 41
18 77
18 80
18 86
18 94
19 16
19 17
19 40
19 41
19 68
19 71
19 72
19 77
19 78
19 81
19 82
20 16
20 17
20 67
20 70
20 72
20 77
20 79
20 80
20 82
20 84
21 3
21 4
21 5
21 15
21 18
21 67
21 69
21 70
21 71
21 78
21 80
21 82
22 15
22 18
22 68
22 69
22 70
22 78
22 85
23 12
23 13
23 15
23 16
23 17
23 52
23 53
23 67
24 16
24 52
24 53
24 67
24 68
24 69
24 70
24 80
24 81
25 12
25 13
25 65
25 66
25 70
25 80
25 81
26 20
26 21
26 79
27 20
27 23
27 24
27 36
27 37
27 38
27 64
27 68
27 69
27 70
27 72
27 78
28 12
28 13
28 14
28 25
28 52
28 53
28 54
28 67
28 69
28 70
28 72
29 15
29 25
29 64
29 65
29 69
29 71
29 72
30 6
30 16
30 22
30 64
30 65
30 66
30 67
30 68
30 70
30 82
30 83
30 87
30 88
31 5
31 6
31 7
31 17
31 24
31 25
31 70
31 71
31 87
31 88
32 4
32 5
32 7
32 8
32 14
32 17
32 66
32 67
32 68
32 70
33 3
33 4
33 5
33 7
33 8
33 9
33 14
33 17
33 35
33 66
33 67
33 68
33 69
34 4
34 5
34 7
34 8
34 14
34 15
34 16
34 35
34 58
34 59
34 60
34 67
34 68
34 82
34 83
35 5
35 6
35 7
35 13
35 14
35 35
35 82
35 83
35 85
36 6
36 10
36 13
36 56
36 62
36 84
36 85
37 9
37 31
37 32
37 33
37 37
37 38
37 39
37 44
37 56
37 62
38 8
38 9
38 10
38 43
38 44
38 45
38 56
38 62
39 1
39 2
39 4
39 5
39 7
39 8
39 10
39 35
39 42
39 43
39 44
39 46
39 48
39 49
39 52
40 1
40 10
40 35
40 46
40 48
40 49
40 52
40 53
40 54
40 58
40 59
40 60
41 2
41 3
41 4
41 6
41 7
41 12
41 15
41 35
41 50
41 51
41 54
42 8
42 11
42 14
42 15
42 45
42 49
42 51
42 53
42 54
43 9
43 45
43 49
43 52
43 85
43 86
44 49
44 50
44 85
44 86
44 92
44 95
44 96
45 24
45 25
45 46
45 49
45 91
45 92
45 95
46 24
46 25
46 47
46 48
46 90
46 95
47 90
48 91
48 92
48 93
48 95
49 80
49 81
49 92
49 93
49 94
49 95
50 80
50 81
50 94
50 95
50 96
51 50
51 51
52 50
52 52
52 87
53 34
53 41
53 42
53 51
53 86
53 87
53 88
54 16
54 33
54 34
54 35
54 38
54 45
54 85
54 88
54 98
55 2
55 3
55 4
55 16
55 32
55 38
55 39
55 43
55 46
55 98
56 16
56 39
56 46
56 82
56 83
56 85
56 98
57 31
57 35
57 36
57 37
57 38
57 39
57 41
57 46
57 81
57 85
57 88
57 89
57 90
58 30
58 31
58 35
58 36
58 37
58 38
58 39
58 40
58 41
58 42
58 45
58 80
58 85
58 89
59 29
59 33
59 34
59 35
59 40
59 42
59 43
59 45
59 54
59 55
59 81
59 83
59 86
59 88
60 29
60 32
60 33
60 34
60 42
60 43
60 44
60 54
60 55
60 84
60 86
60 89
60 92
61 29
61 31
61 32
61 33
61 45
61 76
61 87
61 88
61 89
61 92
61 93
62 30
62 43
62 44
62 75
62 77
62 83
62 85
62 86
62 88
62 89
62 92
63 74
63 82
63 84
63 85
63 86
64 75
64 77
64 82
64 84
64 89
65 89
66 78
66 83
66 84
66 85
66 86
66 89
67 67
67 68
67 79
67 83
67 88
68 50
68 51
68 67
68 68
68 79
68 80
68 86
69 50
69 51
69 67
69 79
69 80
69 81
69 85
69 86
70 62
70 63
70 64
70 65
70 66
70 79
70 80
70 81
71 61
71 62
71 63
71 64
71 65
71 66
71 79
71 81
72 63
72 66
72 78
72 79
72 81
72 94
72 95
72 96
73 7
73 60
73 61
73 79
73 81
74 6
74 7
74 8
74 60
74 61
74 65
74 69
74 76
74 80
74 81
75 60
75 61
75 70
75 74
75 75
75 77
75 78
76 7
76 9
76 10
76 66
76 67
76 68
76 69
76 71
76 72
76 74
76 75
76 77
76 78
76 81
76 82
76 83
77 9
77 14
77 16
77 17
77 18
77 68
77 71
77 72
77 75
77 76
77 77
78 8
78 9
78 11
78 18
78 71
78 72
79 10
79 11
79 16
79 17
79 45
79 68
80 10
80 11
80 13
80 14
80 15
80 23
80 44
80 45
80 46
80 67
80 69
80 70
80 75
80 76
81 10
81 11
81 12
81 23
81 43
81 46
81 47
81 67
81 68
81 74
81 76
81 77
81 79
81 80
81 81
82 23
82 48
82 66
82 67
82 75
83 0
83 43
83 44
83 45
83 48
83 66
83 98
83 99
84 39
84 43
84 44
84 48
84 74
84 86
85 8
85 9
85 10
85 38
85 40
85 74
85 85
86 38
86 40
86 43
86 47
86 56
86 57
86 68
86 69
86 70
86 81
86 86
86 87
87 45
87 47
87 48
87 55
87 58
87 68
87 79
87 80
87 81
87 82
87 87
88 24
88 25
88 46
88 56
88 57
88 69
88 70
88 77
88 84
89 23
89 26
89 73
89 85
90 24
90 25
90 73
90 85
91 72
91 73
91 79
92 46
92 71
92 72
92 76
92 85
92 86
93 46
93 70
93 73
93 78
93 83
93 85
93 87
93 91
94 13
94 14
94 46
94 70
94 73
94 83
94 87
94 92
95 2
95 3
95 13
95 14
95 64
95 65
95 70
95 74
95 86
95 87
95 92
95 93
96 1
96 4
96 63
96 66
96 71
96 74
96 87
96 88
96 89
96 90
96 93
97 2
97 3
97 64
97 65
97 72
97 73
97 81
97 82
97 88
97 89
97 90
97 91
97 92
97 93
98 7
98 8
98 25
98 26
98 81
98 82
98 88
98 89
98 90
98 92
99 7
99 8
99 15
99 16
99 25
99 26
99 81
99 89
99 95
