0 2
0 6
0 8
0 18
0 20
0 21
0 22
0 33
0 35
0 36
0 49
0 53
0 54
0 56
0 57
0 58
0 59
0 76
0 78
0 83
0 84
0 92
0 98
1 2
1 8
1 15
1 18
1 19
1 20
1 22
1 24
1 34
1 35
1 36
1 48
1 50
1 51
1 53
1 63
1 64
1 65
1 66
1 67
1 69
1 81
1 84
1 91
1 92
1 99
2 1
2 7
2 8
2 9
2 11
2 13
2 14
2 15
2 16
2 17
2 18
2 19
2 20
2 21
2 22
2 23
2 26
2 35
2 40
2 47
2 49
2 50
2 57
2 58
2 61
2 66
2 71
2 72
2 73
2 74
2 80
2 81
2 85
2 86
2 91
2 92
2 99
3 0
3 1
3 10
3 16
3 20
3 21
3 30
3 31
3 35
3 36
3 40
3 47
3 49
3 55
3 56
3 57
3 61
3 63
3 66
3 73
3 74
4 9
4 14
4 15
4 16
4 18
4 36
4 40
4 41
4 48
4 57
4 59
4 60
4 64
4 68
4 74
4 80
4 85
4 86
4 90
4 96
4 97
4 98
5 10
5 14
5 17
5 19
5 53
5 55
5 56
5 58
5 59
5 60
5 69
5 81
5 83
5 86
5 88
5 95
5 98
6 11
6 18
6 20
6 42
6 43
6 52
6 53
6 54
6 57
6 58
6 59
6 71
6 72
6 82
6 83
6 85
6 86
6 88
6 89
6 96
6 97
6 98
6 99
7 6
7 7
7 8
7 20
7 30
7 31
7 38
7 40
7 42
7 49
7 50
7 51
7 54
7 57
7 58
7 60
7 61
7 73
7 78
7 79
7 85
7 86
7 88
7 89
8 3
8 5
8 6
8 7
8 8
8 18
8 27
8 30
8 31
8 37
8 41
8 43
8 44
8 48
8 49
8 53
8 58
8 60
8 72
8 73
8 77
8 78
8 79
8 81
8 82
8 83
8 86
8 88
8 89
8 91
8 92
8 93
9 0
9 3
9 4
9 27
9 38
9 43
9 50
9 52
9 59
9 65
9 70
9 73
9 76
9 77
9 78
9 82
9 83
9 84
9 85
9 86
9 87
9 89
9 90
9 92
9 93
9 96
9 97
9 98
10 0
10 1
10 15
10 17
10 18
10 19
10 38
10 43
10 44
10 62
10 63
10 65
10 69
10 70
10 71
10 72
10 73
10 74
10 75
10 79
10 81
10 82
10 85
10 86
10 90
10 91
10 93
10 96
10 97
10 98
11 14
11 15
11 16
11 17
11 18
11 19
11 21
11 28
11 30
11 39
11 44
11 45
11 62
11 72
11 75
11 78
11 79
11 80
11 83
11 84
11 91
11 92
11 93
11 94
11 99
12 0
12 2
12 3
12 15
12 21
12 26
12 28
12 29
12 30
12 46
12 63
12 64
12 65
12 68
12 71
12 84
12 93
12 94
12 95
12 96
12 97
12 98
13 4
13 15
13 19
13 27
13 28
13 41
13 48
13 49
13 65
13 66
13 69
13 76
13 80
13 83
13 93
13 94
13 99
14 5
14 15
14 17
14 18
14 29
14 40
14 41
14 43
14 44
14 45
14 50
14 51
14 66
14 67
14 82
14 89
14 93
14 94
14 95
14 97
14 98
15 1
15 10
15 15
15 16
15 20
15 29
15 40
15 41
15 46
15 50
15 51
15 61
15 62
15 63
15 66
15 67
15 90
15 92
15 94
15 95
16 1
16 4
16 7
16 10
16 11
16 12
16 18
16 19
16 21
16 22
16 30
16 31
16 40
16 43
16 44
16 50
16 51
16 54
16 56
16 57
16 59
16 60
16 63
16 64
16 91
16 92
16 96
16 97
17 3
17 12
17 18
17 35
17 36
17 37
17 38
17 41
17 51
17 52
17 53
17 54
17 56
17 57
17 59
17 68
17 83
17 85
17 86
17 96
18 3
18 5
18 18
18 19
18 20
18 22
18 38
18 39
18 49
18 53
18 54
18 56
18 57
18 62
18 63
18 65
18 66
18 76
18 77
18 78
18 79
18 84
18 85
18 87
18 88
18 93
18 95
19 2
19 3
19 4
19 11
19 16
19 17
19 20
19 22
19 35
19 36
19 37
19 38
19 46
19 50
19 51
19 54
19 58
19 60
19 62
19 63
19 64
19 65
19 66
19 71
19 72
19 73
19 76
19 77
19 78
19 79
19 80
19 89
19 92
19 93
19 95
19 96
20 5
20 10
20 15
20 16
20 17
20 29
20 30
20 36
20 37
20 41
20 42
20 46
20 51
20 52
20 53
20 54
20 56
20 58
20 61
20 63
20 66
20 68
20 70
20 72
20 76
20 77
20 78
20 79
20 80
20 81
20 86
20 94
21 5
21 13
21 27
21 29
21 30
21 42
21 46
21 50
21 51
21 54
21 55
21 71
21 82
21 87
21 88
21 89
21 91
21 92
21 93
21 94
21 95
22 1
22 2
22 6
22 10
22 12
22 13
22 20
22 21
22 26
22 27
22 29
22 30
22 42
22 48
22 49
22 51
22 55
22 57
22 65
22 67
22 71
22 91
22 92
22 94
22 99
23 18
23 19
23 20
23 21
23 27
23 29
23 41
23 42
23 43
23 44
23 45
23 46
23 47
23 51
23 58
23 59
23 60
23 68
23 70
23 71
23 73
23 74
23 84
23 86
23 89
23 94
23 98
24 2
24 7
24 10
24 18
24 20
24 22
24 39
24 40
24 42
24 44
24 45
24 47
24 48
24 51
24 52
24 62
24 71
24 72
24 73
24 74
24 75
24 76
24 82
24 83
24 84
24 86
24 98
25 7
25 8
25 9
25 13
25 14
25 22
25 31
25 32
25 35
25 37
25 43
25 50
25 58
25 63
25 64
25 65
25 66
25 71
25 72
25 76
25 77
25 81
25 87
25 90
25 93
25 99
26 0
26 1
26 2
26 10
26 12
26 14
26 16
26 21
26 22
26 27
26 28
26 31
26 32
26 34
26 36
26 37
26 38
26 44
26 52
26 53
26 58
26 64
26 65
26 66
26 67
26 80
26 84
26 85
26 86
26 90
26 93
27 0
27 2
27 9
27 13
27 14
27 17
27 27
27 29
27 30
27 32
27 33
27 34
27 42
27 44
27 45
27 46
27 52
27 61
27 62
27 67
27 68
27 76
27 80
27 81
27 85
27 92
27 93
28 6
28 7
28 13
28 14
28 18
28 19
28 21
28 22
28 32
28 39
28 40
28 51
28 52
28 57
28 59
28 63
28 68
28 70
28 75
28 76
28 89
28 91
28 92
28 93
29 5
29 6
29 10
29 11
29 13
29 14
29 20
29 29
29 31
29 32
29 34
29 35
29 37
29 38
29 45
29 46
29 50
29 53
29 57
29 59
29 70
29 76
29 78
29 80
29 82
29 86
29 87
29 91
29 93
29 94
29 98
29 99
30 11
30 13
30 14
30 33
30 34
30 44
30 45
30 46
30 50
30 60
30 64
30 69
30 74
30 77
30 81
30 84
30 85
30 87
30 91
30 92
30 96
30 98
30 99
31 11
31 12
31 13
31 15
31 16
31 30
31 31
31 32
31 34
31 44
31 45
31 46
31 53
31 62
31 68
31 69
31 71
31 72
31 73
31 74
31 76
31 84
31 90
31 91
31 92
31 98
32 11
32 12
32 16
32 22
32 30
32 31
32 35
32 43
32 45
32 49
32 50
32 54
32 57
32 59
32 62
32 65
32 66
32 67
32 76
32 84
32 85
32 86
32 98
33 21
33 22
33 27
33 28
33 43
33 44
33 48
33 52
33 53
33 55
33 56
33 60
33 64
33 66
33 67
33 95
33 97
33 98
34 9
34 20
34 21
34 27
34 28
34 29
34 32
34 35
34 42
34 44
34 52
34 56
34 73
34 97
34 98
35 4
35 8
35 9
35 10
35 11
35 12
35 19
35 21
35 22
35 27
35 31
35 35
35 44
35 48
35 52
35 53
35 54
35 56
35 57
35 58
35 59
35 61
35 67
35 70
35 83
35 95
35 96
35 97
36 1
36 6
36 7
36 8
36 9
36 11
36 13
36 19
36 21
36 22
36 27
36 28
36 29
36 39
36 40
36 42
36 43
36 47
36 52
36 55
36 56
36 60
36 61
36 63
36 69
36 70
36 76
36 78
36 82
36 96
37 1
37 2
37 4
37 6
37 12
37 18
37 26
37 28
37 29
37 31
37 40
37 41
37 46
37 54
37 60
37 64
37 67
37 74
37 77
37 78
37 79
37 82
37 83
37 84
37 96
37 98
37 99
38 2
38 5
38 6
38 26
38 27
38 28
38 32
38 33
38 44
38 45
38 46
38 50
38 51
38 60
38 61
38 63
38 64
38 66
38 68
38 69
38 74
38 80
38 82
38 83
38 85
38 86
38 88
38 96
39 1
39 11
39 44
39 51
39 52
39 59
39 62
39 65
39 66
39 68
39 72
39 73
39 81
39 83
39 84
40 0
40 1
40 5
40 6
40 7
40 11
40 12
40 13
40 46
40 49
40 51
40 53
40 54
40 55
40 60
40 61
40 62
40 68
40 72
40 80
40 81
40 82
40 84
40 85
40 91
40 96
41 3
41 4
41 6
41 7
41 11
41 12
41 18
41 43
41 46
41 47
41 50
41 51
41 54
41 56
41 82
41 83
41 85
41 86
41 96
41 97
41 98
41 99
42 6
42 7
42 17
42 19
42 43
42 44
42 45
42 48
42 50
42 51
42 53
42 56
42 67
42 68
42 69
42 71
42 83
42 87
42 88
42 93
42 97
42 98
43 31
43 37
43 45
43 46
43 50
43 51
43 54
43 55
43 56
43 66
43 67
43 71
43 82
43 84
43 88
43 91
43 92
44 17
44 18
44 19
44 23
44 30
44 31
44 32
44 35
44 36
44 38
44 39
44 47
44 52
44 55
44 56
44 66
44 69
44 70
44 71
44 83
44 91
44 93
44 96
44 97
44 98
45 2
45 3
45 9
45 11
45 12
45 13
45 22
45 23
45 24
45 30
45 31
45 32
45 37
45 45
45 46
45 48
45 50
45 51
45 53
45 54
45 56
45 57
45 58
45 67
45 72
45 73
45 96
45 97
46 2
46 4
46 9
46 10
46 11
46 12
46 13
46 21
46 24
46 25
46 32
46 33
46 45
46 46
46 52
46 54
46 56
46 58
46 67
46 72
46 73
46 74
46 75
46 88
46 96
47 4
47 5
47 10
47 11
47 15
47 17
47 25
47 43
47 46
47 48
47 49
47 50
47 51
47 53
47 57
47 63
47 64
47 68
47 72
47 74
47 75
47 78
47 80
47 86
48 5
48 13
48 14
48 15
48 16
48 17
48 25
48 26
48 42
48 44
48 45
48 46
48 48
48 51
48 57
48 62
48 65
48 69
48 70
48 78
48 79
48 85
48 90
49 2
49 3
49 4
49 5
49 6
49 13
49 14
49 15
49 16
49 18
49 37
49 50
49 65
49 66
49 69
49 84
49 85
49 87
49 96
49 97
50 2
50 3
50 4
50 8
50 9
50 10
50 15
50 16
50 17
50 35
50 36
50 41
50 47
50 49
50 50
50 53
50 54
50 55
50 56
50 65
50 73
50 74
50 79
50 86
50 87
50 95
50 98
51 2
51 7
51 11
51 15
51 16
51 17
51 35
51 36
51 40
51 42
51 46
51 47
51 49
51 50
51 53
51 54
51 55
51 62
51 63
51 64
51 66
51 71
51 75
51 76
51 77
51 78
51 79
51 89
51 90
51 96
51 98
52 2
52 3
52 7
52 15
52 35
52 36
52 40
52 41
52 46
52 49
52 53
52 57
52 62
52 65
52 69
52 71
52 80
52 97
52 98
53 2
53 3
53 4
53 40
53 45
53 46
53 48
53 49
53 55
53 56
53 57
53 58
53 64
53 65
53 70
53 71
53 72
53 73
53 74
53 75
53 80
53 81
53 92
54 6
54 7
54 12
54 28
54 46
54 54
54 62
54 63
54 72
54 76
54 77
54 80
54 81
54 87
54 92
55 6
55 9
55 11
55 12
55 19
55 28
55 46
55 49
55 51
55 52
55 53
55 54
55 59
55 61
55 62
55 70
55 72
55 77
55 79
55 80
55 81
55 87
55 88
55 89
55 90
55 93
56 9
56 12
56 18
56 20
56 27
56 28
56 30
56 33
56 34
56 39
56 49
56 50
56 55
56 57
56 58
56 59
56 62
56 68
56 70
56 71
56 72
56 73
56 75
56 80
56 85
56 87
56 88
56 89
56 93
56 94
57 12
57 13
57 18
57 19
57 23
57 24
57 28
57 33
57 35
57 36
57 40
57 58
57 60
57 61
57 67
57 71
57 73
57 83
57 84
57 86
57 95
58 9
58 10
58 12
58 17
58 18
58 19
58 23
58 24
58 28
58 35
58 39
58 54
58 55
58 59
58 69
58 70
58 73
58 83
58 84
58 85
58 87
58 94
58 95
58 96
59 0
59 1
59 2
59 3
59 4
59 5
59 10
59 11
59 12
59 14
59 15
59 16
59 18
59 23
59 24
59 28
59 32
59 34
59 35
59 53
59 54
59 56
59 57
59 59
59 66
59 68
59 72
59 83
59 84
59 85
59 86
59 87
60 0
60 1
60 2
60 3
60 4
60 5
60 15
60 17
60 18
60 29
60 30
60 34
60 35
60 50
60 53
60 54
60 64
60 65
60 66
60 83
60 84
60 85
60 98
60 99
61 4
61 10
61 12
61 14
61 16
61 19
61 20
61 28
61 32
61 48
61 49
61 50
61 54
61 55
61 64
61 67
61 68
61 72
61 75
61 84
61 85
61 88
61 89
61 90
61 98
62 3
62 9
62 10
62 17
62 18
62 21
62 27
62 34
62 36
62 43
62 44
62 45
62 49
62 54
62 55
62 65
62 66
62 67
62 68
62 70
62 71
62 72
62 73
62 74
62 75
62 88
62 89
62 90
62 97
62 98
63 1
63 8
63 11
63 17
63 18
63 22
63 27
63 35
63 44
63 47
63 54
63 55
63 61
63 62
63 66
63 67
63 68
63 69
63 70
63 86
63 87
63 88
63 97
63 98
64 1
64 9
64 13
64 14
64 19
64 21
64 24
64 25
64 27
64 28
64 39
64 44
64 46
64 49
64 54
64 55
64 57
64 58
64 60
64 68
64 70
64 74
64 86
64 87
64 88
64 89
64 96
64 97
65 2
65 3
65 4
65 11
65 12
65 14
65 15
65 20
65 38
65 40
65 45
65 46
65 48
65 51
65 55
65 57
65 58
65 63
65 64
65 68
65 69
65 74
65 75
65 84
65 86
65 87
65 96
65 98
66 5
66 15
66 25
66 26
66 37
66 41
66 48
66 50
66 55
66 57
66 58
66 60
66 68
66 70
66 73
66 74
66 79
66 80
66 81
66 82
66 84
66 85
66 96
66 98
66 99
67 5
67 6
67 7
67 13
67 14
67 20
67 22
67 27
67 36
67 45
67 46
67 48
67 50
67 51
67 54
67 55
67 60
67 70
67 71
67 72
67 73
67 85
67 86
67 90
67 96
67 97
67 99
68 5
68 6
68 7
68 17
68 18
68 22
68 25
68 27
68 31
68 35
68 37
68 40
68 45
68 46
68 48
68 49
68 53
68 54
68 55
68 60
68 67
68 72
68 73
68 74
68 78
68 81
68 82
68 91
68 98
68 99
69 7
69 8
69 9
69 10
69 16
69 30
69 33
69 36
69 38
69 47
69 53
69 56
69 66
69 72
69 75
69 77
69 78
69 79
69 80
69 84
69 85
69 86
69 91
69 98
69 99
70 0
70 9
70 10
70 11
70 15
70 20
70 28
70 33
70 34
70 41
70 47
70 48
70 58
70 59
70 66
70 68
70 70
70 73
70 77
70 78
70 79
70 83
70 89
70 91
70 98
70 99
71 0
71 2
71 6
71 10
71 11
71 15
71 20
71 22
71 23
71 24
71 25
71 27
71 31
71 40
71 41
71 42
71 47
71 49
71 57
71 58
71 59
71 64
71 66
71 73
71 74
71 86
71 90
71 91
71 94
71 95
71 96
71 98
71 99
72 1
72 5
72 6
72 17
72 18
72 20
72 25
72 27
72 29
72 31
72 40
72 41
72 44
72 45
72 47
72 48
72 49
72 50
72 56
72 57
72 58
72 66
72 68
72 69
72 73
72 74
72 78
72 79
72 82
72 83
72 84
72 90
72 91
73 1
73 7
73 15
73 16
73 17
73 18
73 20
73 22
73 23
73 24
73 28
73 29
73 31
73 42
73 43
73 44
73 49
73 54
73 67
73 68
73 69
73 73
73 74
73 75
73 79
73 80
73 86
73 88
73 91
74 1
74 6
74 20
74 21
74 24
74 29
74 30
74 31
74 42
74 43
74 44
74 50
74 51
74 53
74 60
74 61
74 75
74 77
74 78
74 80
74 86
74 87
74 89
74 90
75 3
75 5
75 21
75 22
75 40
75 50
75 51
75 54
75 60
75 62
75 74
75 75
75 77
75 78
75 80
75 81
75 84
75 87
75 88
75 89
75 90
76 3
76 4
76 6
76 9
76 10
76 19
76 41
76 46
76 48
76 49
76 50
76 54
76 55
76 56
76 62
76 64
76 65
76 74
76 77
76 80
76 84
76 88
76 90
77 3
77 4
77 5
77 6
77 8
77 10
77 11
77 19
77 22
77 41
77 45
77 46
77 47
77 49
77 50
77 54
77 55
77 56
77 60
77 67
77 74
77 75
77 82
77 84
77 86
77 88
77 90
78 0
78 1
78 8
78 9
78 10
78 15
78 16
78 17
78 19
78 20
78 24
78 36
78 45
78 49
78 50
78 51
78 54
78 57
78 59
78 60
78 62
78 67
78 68
78 74
78 75
78 78
78 83
78 86
78 96
78 98
78 99
79 1
79 3
79 4
79 5
79 6
79 10
79 13
79 16
79 31
79 32
79 34
79 35
79 36
79 44
79 45
79 46
79 47
79 48
79 50
79 51
79 52
79 54
79 55
79 57
79 60
79 62
79 64
79 68
79 69
79 77
79 83
79 85
79 86
79 87
79 88
79 89
79 95
80 11
80 12
80 14
80 16
80 34
80 35
80 38
80 49
80 54
80 55
80 56
80 58
80 59
80 63
80 65
80 66
80 67
80 69
80 70
80 82
80 84
80 85
80 87
80 88
81 0
81 1
81 2
81 5
81 14
81 16
81 20
81 21
81 30
81 35
81 37
81 38
81 39
81 40
81 42
81 45
81 46
81 49
81 51
81 52
81 66
81 67
81 70
81 77
81 78
81 80
81 81
81 86
81 94
81 95
82 1
82 6
82 8
82 13
82 16
82 17
82 20
82 23
82 29
82 30
82 33
82 34
82 36
82 37
82 38
82 39
82 40
82 41
82 42
82 44
82 45
82 48
82 49
82 50
82 67
82 70
82 77
82 78
82 80
82 81
82 82
82 96
83 4
83 5
83 10
83 13
83 14
83 19
83 23
83 28
83 31
83 32
83 40
83 41
83 63
83 67
83 69
83 77
83 83
83 93
83 94
83 98
84 0
84 1
84 7
84 8
84 10
84 11
84 13
84 14
84 15
84 16
84 17
84 21
84 35
84 36
84 41
84 42
84 58
84 59
84 61
84 62
84 64
84 65
84 76
84 77
84 83
84 84
84 95
84 98
84 99
85 0
85 8
85 10
85 11
85 13
85 14
85 15
85 16
85 17
85 25
85 28
85 37
85 40
85 41
85 42
85 57
85 58
85 59
85 62
85 76
85 77
85 81
85 83
85 84
85 95
85 98
85 99
86 0
86 9
86 17
86 21
86 25
86 39
86 52
86 57
86 59
86 60
86 62
86 64
86 65
86 68
86 69
86 82
86 88
86 92
86 96
86 97
87 9
87 16
87 17
87 18
87 24
87 30
87 32
87 44
87 51
87 60
87 61
87 62
87 64
87 68
87 69
87 70
87 76
87 77
87 79
87 87
87 89
87 94
87 95
87 97
88 9
88 10
88 15
88 18
88 23
88 31
88 32
88 33
88 47
88 48
88 49
88 54
88 62
88 63
88 64
88 67
88 70
88 71
88 72
88 76
88 77
88 78
88 87
88 90
88 94
88 95
88 97
89 0
89 2
89 3
89 4
89 10
89 11
89 14
89 17
89 18
89 27
89 28
89 33
89 36
89 38
89 39
89 42
89 50
89 52
89 53
89 54
89 62
89 65
89 67
89 73
89 80
89 81
89 89
89 94
89 95
90 2
90 3
90 4
90 12
90 14
90 15
90 16
90 20
90 27
90 28
90 34
90 38
90 39
90 43
90 51
90 53
90 54
90 59
90 63
90 64
90 73
90 76
90 77
90 78
90 79
90 80
90 81
90 89
90 95
90 98
90 99
91 2
91 5
91 13
91 14
91 15
91 19
91 20
91 44
91 47
91 48
91 49
91 50
91 51
91 53
91 58
91 68
91 72
91 80
91 90
91 91
91 99
92 1
92 3
92 4
92 18
92 19
92 20
92 29
92 34
92 35
92 44
92 45
92 48
92 52
92 58
92 60
92 61
92 72
92 80
92 81
92 82
92 89
92 90
92 91
92 99
93 0
93 1
93 3
93 5
93 12
93 13
93 14
93 17
93 18
93 20
93 28
93 29
93 30
93 31
93 32
93 33
93 34
93 35
93 37
93 38
93 44
93 45
93 50
93 51
93 52
93 58
93 60
93 62
93 63
93 69
93 70
93 72
93 80
93 82
93 88
93 92
94 1
94 3
94 4
94 12
94 14
94 15
94 17
94 28
94 29
94 30
94 31
94 32
94 35
94 36
94 38
94 43
94 63
94 64
94 67
94 74
94 76
94 77
94 78
94 88
94 89
94 90
94 91
94 92
95 2
95 4
95 5
95 13
95 14
95 18
95 23
95 31
95 32
95 35
95 44
95 46
95 47
95 53
95 60
95 61
95 63
95 64
95 67
95 68
95 69
95 71
95 72
95 74
95 75
95 76
95 78
95 80
95 86
95 87
95 89
96 1
96 4
96 6
96 19
96 20
96 22
96 23
96 35
96 38
96 45
96 46
96 47
96 50
96 53
96 54
96 60
96 64
96 65
96 66
96 68
96 69
96 71
96 72
96 76
96 86
96 87
96 88
96 90
96 92
97 0
97 1
97 6
97 38
97 45
97 46
97 60
97 61
97 63
97 64
97 72
97 73
97 78
97 79
97 80
97 85
97 90
97 92
97 98
98 0
98 1
98 7
98 25
98 27
98 31
98 32
98 33
98 35
98 37
98 50
98 53
98 55
98 57
98 59
98 61
98 63
98 64
98 74
98 75
98 77
98 79
98 88
98 89
98 97
99 1
99 4
99 5
99 19
99 27
99 28
99 30
99 34
99 35
99 49
99 50
99 55
99 57
99 59
99 63
99 75
99 79
99 83
99 84
99 97
