0 0
0 1
0 4
0 8
0 14
0 17
0 41
0 42
0 46
0 88
0 90
0 92
0 94
0 95
0 96
0 97
0 98
0 99
1 1
1 4
1 7
1 15
1 16
1 36
1 37
1 42
1 43
1 89
1 92
1 94
1 96
1 97
1 98
2 5
2 35
2 38
2 43
2 94
2 95
3 12
3 23
3 24
3 36
3 37
3 92
3 94
4 12
4 22
4 25
4 47
4 48
4 90
4 92
5 12
5 23
5 25
5 46
5 48
5 89
5 96
6 24
6 35
6 46
6 49
6 67
6 69
7 35
7 46
7 47
7 49
7 53
7 70
7 90
7 95
8 35
8 48
8 49
8 53
8 54
8 67
8 92
8 93
9 29
9 30
9 31
9 53
9 54
9 55
9 62
9 63
9 65
10 44
10 46
10 51
10 52
10 53
10 54
10 62
10 65
10 66
10 68
10 71
11 51
11 52
11 53
11 62
11 65
11 71
12 41
12 43
12 44
12 46
12 64
12 66
12 69
13 40
13 42
13 43
13 45
13 51
13 52
13 53
13 65
13 66
13 67
13 68
13 69
14 39
14 42
14 49
14 50
14 52
14 53
14 66
14 67
14 90
15 34
15 35
15 36
15 40
15 43
15 44
15 45
15 47
15 49
15 52
15 53
15 54
15 90
16 23
16 24
16 40
16 41
16 43
16 45
16 52
16 53
16 90
17 22
17 24
17 42
17 43
17 47
17 48
18 21
18 22
18 24
18 43
18 45
18 46
19 16
19 20
19 22
19 44
19 45
19 91
19 92
19 93
20 15
20 16
20 17
20 18
20 23
20 90
20 94
21 3
21 4
21 5
21 21
21 23
21 24
21 90
21 94
22 18
22 19
22 20
22 24
22 90
22 94
23 20
23 21
23 22
23 23
23 52
23 53
23 65
23 66
23 78
23 91
23 92
23 93
24 52
24 53
24 64
24 67
24 77
24 79
25 63
25 64
25 69
25 70
25 76
25 80
26 64
26 65
26 67
26 75
26 80
26 84
26 85
26 86
26 90
26 91
27 36
27 37
27 38
27 75
27 79
27 80
27 84
27 89
27 92
28 79
28 83
28 86
28 89
28 92
29 9
29 10
29 75
29 84
29 85
29 90
29 92
29 99
30 9
30 10
30 62
30 63
30 64
30 96
30 97
30 99
31 3
31 4
31 61
31 62
31 64
31 65
31 76
31 79
31 84
31 94
31 98
32 65
32 78
32 79
32 80
32 83
32 86
32 94
32 96
33 3
33 9
33 10
33 11
33 60
33 61
33 62
33 79
33 80
33 81
33 84
33 85
33 88
33 89
33 94
33 98
34 4
34 16
34 18
34 20
34 21
34 22
34 51
34 61
34 62
34 66
34 67
34 84
34 86
34 88
34 89
34 96
34 97
34 99
35 3
35 4
35 15
35 19
35 50
35 52
35 66
35 67
35 87
35 88
35 89
35 99
36 0
36 16
36 23
36 51
36 64
36 65
36 66
36 87
36 88
36 99
37 0
37 1
37 17
37 63
37 66
38 0
38 1
38 18
38 19
38 21
38 22
38 42
38 47
38 48
38 63
38 67
39 20
39 41
39 42
39 47
39 49
39 50
39 64
39 65
39 67
39 68
40 40
40 41
40 50
40 66
40 69
41 41
41 43
41 48
41 50
41 51
41 67
41 68
42 11
42 13
42 14
42 42
42 48
42 50
42 51
42 67
42 97
42 98
43 7
43 8
43 10
43 11
43 12
43 13
43 43
43 44
43 50
43 51
43 85
43 86
43 96
44 7
44 8
44 10
44 12
44 36
44 37
44 45
44 46
44 47
44 50
44 51
44 85
44 86
44 97
44 98
45 6
45 10
45 26
45 27
45 35
45 37
45 47
45 48
45 50
46 1
46 2
46 3
46 4
46 9
46 26
46 27
46 34
46 35
46 49
47 4
47 10
47 22
47 23
47 35
47 37
47 90
47 91
47 92
48 11
48 21
48 24
48 36
48 37
49 5
49 6
49 11
49 80
49 81
50 5
50 20
50 80
50 81
51 2
51 19
51 22
52 1
52 2
52 23
52 54
52 55
52 66
53 1
53 20
53 23
53 66
54 5
54 24
54 66
54 93
54 95
55 4
55 7
55 21
55 22
55 23
55 26
55 93
55 94
56 0
56 1
56 3
56 7
56 21
56 22
56 94
57 0
57 6
57 22
57 37
58 1
58 5
58 20
58 21
58 36
58 37
58 38
58 51
58 52
58 53
58 73
58 74
59 2
59 3
59 4
59 19
59 20
59 21
59 22
59 35
59 36
59 38
59 39
59 51
59 52
59 53
59 73
59 74
60 18
60 19
60 22
60 23
60 36
60 37
60 38
60 49
60 54
61 19
61 20
61 23
61 37
61 49
61 52
61 53
61 55
61 58
61 59
61 60
61 61
61 94
61 95
62 10
62 20
62 21
62 22
62 28
62 49
62 57
62 58
62 59
62 62
62 94
62 95
63 9
63 10
63 11
63 12
63 21
63 27
63 30
63 50
63 51
63 52
63 53
63 54
63 62
64 8
64 12
64 31
64 50
64 51
64 52
64 54
64 55
64 58
64 60
64 61
64 72
64 73
64 74
64 82
65 0
65 9
65 10
65 11
65 12
65 13
65 27
65 31
65 50
65 51
65 55
65 56
65 57
65 58
65 82
65 93
66 1
66 9
66 11
66 13
66 14
66 30
66 31
66 49
66 51
66 56
66 59
66 82
66 92
66 94
66 98
66 99
67 7
67 10
67 11
67 12
67 13
67 14
67 21
67 22
67 23
67 24
67 26
67 27
67 28
67 50
67 57
67 58
67 93
67 94
67 97
67 99
68 0
68 5
68 6
68 7
68 10
68 11
68 13
68 20
68 25
68 27
68 28
68 35
68 36
68 37
68 60
68 61
68 78
68 79
68 80
68 90
68 93
68 94
68 95
68 99
69 0
69 5
69 8
69 11
69 12
69 20
69 21
69 22
69 24
69 25
69 35
69 59
69 90
69 94
69 99
70 0
70 2
70 6
70 7
70 27
70 28
70 29
70 35
70 36
70 38
70 58
70 62
70 82
70 90
70 93
70 99
71 1
71 2
71 3
71 23
71 27
71 28
71 29
71 37
71 38
71 50
71 51
71 57
71 82
71 93
72 3
72 4
72 5
72 24
72 25
72 26
72 30
72 50
72 51
72 58
72 62
72 82
72 92
72 97
73 4
73 7
73 27
73 28
73 29
73 33
73 60
73 61
73 62
73 93
74 3
74 4
74 8
74 10
74 23
74 26
74 28
74 32
74 34
74 57
74 95
74 97
75 2
75 3
75 8
75 10
75 21
75 22
75 24
75 25
75 33
75 56
75 63
75 70
75 71
75 77
75 94
75 95
75 98
76 1
76 5
76 6
76 8
76 10
76 21
76 22
76 24
76 57
76 62
76 64
76 69
76 72
76 76
76 78
76 79
76 94
76 99
77 1
77 7
77 9
77 22
77 56
77 58
77 62
77 64
77 70
77 71
77 76
77 78
77 79
77 94
77 98
78 2
78 26
78 27
78 47
78 48
78 55
78 56
78 63
78 77
78 80
78 81
78 82
78 96
79 3
79 4
79 5
79 18
79 19
79 27
79 47
79 48
79 49
79 54
79 55
79 57
79 59
79 82
80 4
80 5
80 16
80 18
80 19
80 45
80 55
80 56
80 58
80 80
80 82
81 5
81 20
81 44
81 47
81 49
81 50
81 61
81 80
81 81
82 17
82 19
82 20
82 45
82 47
82 48
82 49
82 51
82 58
82 62
82 96
82 97
82 99
83 14
83 17
83 49
83 51
83 61
83 71
83 72
83 73
83 96
83 97
83 98
83 99
84 14
84 17
84 51
84 57
84 71
84 74
84 75
84 97
84 98
85 17
85 27
85 42
85 43
85 57
85 59
85 72
85 73
85 74
85 75
85 77
85 79
85 80
85 81
85 82
85 84
86 15
86 16
86 17
86 23
86 27
86 42
86 43
86 74
86 75
86 77
86 84
86 85
87 24
87 27
87 76
87 77
87 85
87 99
88 0
88 24
88 25
88 27
88 28
88 38
88 39
88 40
88 75
88 77
88 78
88 84
88 85
88 90
88 91
88 92
88 97
89 1
89 25
89 27
89 41
89 56
89 57
89 64
89 65
89 66
89 77
89 79
89 80
89 81
89 82
89 83
89 84
89 96
90 1
90 2
90 26
90 37
90 38
90 40
90 43
90 55
90 57
90 63
90 67
90 74
90 76
90 78
90 80
90 82
90 83
90 94
90 97
91 2
91 37
91 39
91 43
91 57
91 62
91 67
91 68
91 75
91 94
91 96
91 97
91 98
92 35
92 36
92 37
92 41
92 42
92 43
92 66
92 67
92 75
92 76
92 77
92 94
92 96
93 40
93 42
93 62
93 63
93 76
93 77
94 13
94 14
94 20
94 21
94 40
94 42
94 47
94 63
94 64
94 89
94 90
95 13
95 14
95 20
95 21
95 47
95 64
95 65
95 67
95 69
95 89
95 90
95 95
95 96
96 5
96 47
96 59
96 60
96 61
96 65
96 67
96 69
96 70
96 95
97 4
97 6
97 7
97 66
97 69
98 3
98 8
98 25
98 26
98 45
98 46
98 90
98 91
98 92
98 93
99 0
99 1
99 3
99 8
99 15
99 16
99 25
99 26
99 43
99 45
99 46
99 89
99 90
99 94
99 95
99 96
99 97
99 98
