0 1
0 2
0 3
0 5
0 7
0 18
0 22
0 23
0 33
0 48
0 51
0 52
0 53
0 54
0 55
0 56
0 57
0 59
0 63
0 65
0 66
0 82
0 85
0 91
0 92
0 98
1 0
1 1
1 2
1 15
1 48
1 51
1 52
1 53
1 54
1 56
1 59
1 64
1 65
1 66
1 67
1 72
1 73
1 80
1 81
1 82
1 83
1 84
1 93
1 98
1 99
2 1
2 2
2 7
2 8
2 9
2 10
2 14
2 23
2 47
2 51
2 57
2 58
2 63
2 72
2 74
2 80
2 81
2 85
2 91
2 92
2 99
3 0
3 1
3 10
3 13
3 35
3 36
3 39
3 40
3 47
3 49
3 50
3 59
3 61
3 62
3 65
3 67
3 75
3 80
3 81
3 91
3 97
3 98
3 99
4 9
4 10
4 14
4 16
4 18
4 19
4 20
4 35
4 36
4 40
4 41
4 48
4 54
4 61
4 73
4 74
4 85
4 86
4 87
4 96
4 97
4 98
4 99
5 10
5 14
5 16
5 17
5 19
5 41
5 42
5 52
5 53
5 55
5 56
5 81
5 83
5 88
5 95
6 7
6 18
6 20
6 41
6 42
6 43
6 50
6 51
6 52
6 61
6 72
6 82
6 83
6 96
6 97
6 98
6 99
7 5
7 8
7 30
7 31
7 44
7 48
7 49
7 50
7 51
7 54
7 60
7 61
7 71
7 73
7 77
7 79
7 80
7 81
7 92
7 97
7 98
8 3
8 5
8 8
8 30
8 31
8 37
8 38
8 39
8 41
8 43
8 44
8 48
8 52
8 53
8 57
8 58
8 60
8 61
8 72
8 73
8 74
8 76
8 80
8 81
8 91
8 93
8 97
9 0
9 1
9 2
9 3
9 4
9 5
9 6
9 7
9 17
9 19
9 37
9 38
9 49
9 59
9 64
9 69
9 70
9 75
9 76
9 94
9 96
9 98
10 0
10 1
10 14
10 15
10 19
10 20
10 38
10 39
10 43
10 45
10 62
10 63
10 64
10 69
10 70
10 75
10 81
10 87
10 89
10 95
10 96
11 2
11 14
11 19
11 27
11 28
11 30
11 43
11 44
11 45
11 62
11 65
11 69
11 75
11 78
11 79
11 80
11 81
11 82
11 83
11 84
11 90
11 91
12 0
12 3
12 17
12 19
12 30
12 45
12 63
12 64
12 65
12 66
12 80
12 84
12 96
12 97
12 98
13 3
13 4
13 14
13 15
13 18
13 27
13 30
13 40
13 41
13 42
13 44
13 45
13 49
13 50
13 68
13 83
13 92
13 99
14 14
14 15
14 17
14 18
14 19
14 29
14 44
14 45
14 51
14 62
14 68
14 92
14 96
14 98
15 10
15 15
15 16
15 20
15 21
15 29
15 39
15 49
15 52
15 60
15 61
15 62
15 63
15 64
15 65
15 66
15 67
15 90
15 92
15 98
16 2
16 10
16 12
16 17
16 18
16 19
16 20
16 21
16 30
16 36
16 37
16 39
16 40
16 42
16 54
16 56
16 57
16 59
16 60
16 61
16 63
16 64
16 67
16 91
16 92
16 93
16 96
16 97
17 2
17 3
17 12
17 17
17 22
17 36
17 37
17 38
17 40
17 51
17 59
17 60
17 62
17 65
17 77
17 78
17 85
17 86
17 87
17 92
17 95
17 96
17 97
18 18
18 20
18 39
18 56
18 59
18 61
18 62
18 66
18 67
18 72
18 76
18 80
18 84
18 85
18 87
18 88
18 92
18 93
18 95
19 2
19 3
19 5
19 15
19 20
19 35
19 39
19 50
19 51
19 56
19 58
19 59
19 71
19 72
19 73
19 75
19 81
19 85
19 86
19 87
19 88
19 92
19 93
19 95
19 96
20 3
20 5
20 15
20 17
20 28
20 29
20 30
20 35
20 38
20 41
20 42
20 45
20 46
20 47
20 57
20 59
20 61
20 63
20 66
20 67
20 70
20 73
20 76
20 81
20 87
20 89
20 90
20 91
20 96
21 5
21 6
21 11
21 12
21 13
21 14
21 16
21 26
21 27
21 31
21 42
21 43
21 47
21 49
21 57
21 66
21 67
21 70
21 71
21 72
21 77
21 78
21 79
21 80
21 81
21 87
21 88
21 90
21 91
21 95
22 12
22 13
22 21
22 26
22 27
22 44
22 48
22 49
22 51
22 52
22 54
22 55
22 56
22 58
22 59
22 71
22 87
22 89
22 91
23 1
23 2
23 11
23 18
23 22
23 26
23 27
23 29
23 30
23 40
23 49
23 51
23 58
23 59
23 70
23 84
23 93
23 98
23 99
24 7
24 9
24 18
24 20
24 22
24 40
24 47
24 48
24 50
24 51
24 52
24 58
24 63
24 64
24 65
24 76
24 77
24 82
24 83
24 84
24 86
24 87
24 98
24 99
25 0
25 2
25 7
25 8
25 9
25 10
25 11
25 13
25 14
25 15
25 22
25 23
25 31
25 32
25 33
25 35
25 37
25 39
25 43
25 45
25 53
25 63
25 67
25 71
25 74
25 76
25 77
25 81
25 82
25 87
25 99
26 0
26 2
26 10
26 12
26 21
26 22
26 27
26 28
26 29
26 34
26 36
26 37
26 38
26 44
26 51
26 52
26 53
26 62
26 68
26 76
26 77
26 80
26 84
26 85
26 86
26 91
26 93
26 94
26 99
27 0
27 2
27 12
27 17
27 18
27 20
27 27
27 29
27 30
27 34
27 35
27 37
27 38
27 39
27 43
27 44
27 45
27 58
27 62
27 63
27 64
27 65
27 68
27 69
27 75
27 76
27 80
27 81
27 84
27 85
27 86
27 90
27 94
28 5
28 6
28 7
28 10
28 15
28 18
28 19
28 20
28 21
28 28
28 29
28 35
28 38
28 39
28 44
28 51
28 52
28 53
28 60
28 62
28 67
28 68
28 75
28 76
28 79
28 80
28 86
28 90
28 91
28 99
29 5
29 6
29 7
29 10
29 11
29 15
29 19
29 20
29 21
29 31
29 32
29 34
29 35
29 38
29 39
29 44
29 46
29 50
29 52
29 59
29 60
29 70
29 76
29 81
29 85
29 86
29 87
29 88
29 94
29 97
29 98
29 99
30 47
30 68
30 69
30 71
30 72
30 74
30 76
30 77
30 81
30 83
30 84
30 85
30 87
31 10
31 15
31 16
31 30
31 32
31 34
31 35
31 43
31 49
31 50
31 61
31 63
31 65
31 66
31 67
31 68
31 69
31 70
31 72
31 73
31 74
31 76
31 77
31 83
31 90
31 92
31 98
32 11
32 13
32 15
32 16
32 21
32 22
32 29
32 30
32 32
32 43
32 46
32 49
32 52
32 54
32 55
32 56
32 61
32 63
32 65
32 72
32 73
32 75
32 84
32 85
32 91
32 98
32 99
33 20
33 22
33 27
33 30
33 31
33 42
33 45
33 49
33 51
33 52
33 53
33 54
33 55
33 56
33 57
33 67
33 85
33 96
33 99
34 8
34 9
34 11
34 26
34 29
34 44
34 45
34 51
34 58
34 59
34 60
34 66
34 67
34 95
35 11
35 12
35 19
35 26
35 30
35 41
35 42
35 44
35 51
35 52
35 54
35 58
35 59
35 61
35 62
35 69
35 70
35 95
35 98
36 0
36 1
36 2
36 3
36 6
36 13
36 18
36 19
36 21
36 22
36 26
36 29
36 39
36 40
36 42
36 43
36 47
36 52
36 56
36 58
36 61
36 62
36 68
36 69
36 70
36 78
36 79
36 82
36 84
36 98
37 0
37 1
37 2
37 3
37 8
37 12
37 26
37 30
37 32
37 39
37 40
37 41
37 42
37 43
37 44
37 46
37 47
37 51
37 55
37 59
37 64
37 65
37 67
37 70
37 75
37 77
37 78
37 79
37 84
37 85
37 95
37 96
38 0
38 2
38 3
38 5
38 6
38 26
38 28
38 29
38 32
38 44
38 46
38 50
38 51
38 52
38 59
38 60
38 61
38 62
38 63
38 64
38 66
38 68
38 69
38 74
38 78
38 79
38 80
38 85
38 97
39 0
39 1
39 2
39 7
39 11
39 27
39 44
39 46
39 53
39 54
39 59
39 64
39 65
39 66
39 68
39 72
39 73
39 86
40 0
40 1
40 2
40 4
40 5
40 7
40 10
40 13
40 45
40 46
40 47
40 53
40 54
40 55
40 60
40 61
40 62
40 67
40 72
40 73
40 80
40 86
40 96
40 98
40 99
41 0
41 4
41 8
41 11
41 13
41 18
41 43
41 46
41 47
41 48
41 56
41 61
41 67
41 69
41 85
41 86
41 87
41 96
41 99
42 5
42 6
42 7
42 18
42 43
42 53
42 56
42 57
42 66
42 67
42 68
42 70
42 85
42 86
42 87
42 88
42 92
42 96
42 99
43 17
43 19
43 30
43 31
43 32
43 36
43 37
43 38
43 45
43 46
43 47
43 49
43 50
43 53
43 54
43 57
43 66
43 71
43 72
43 82
43 84
43 87
43 88
43 91
43 93
43 96
44 12
44 18
44 22
44 23
44 24
44 36
44 38
44 47
44 49
44 52
44 66
44 68
44 70
44 71
44 83
44 91
44 96
44 98
45 2
45 3
45 9
45 13
45 18
45 22
45 25
45 30
45 36
45 37
45 38
45 45
45 51
45 54
45 58
45 66
45 67
45 68
45 70
45 95
45 98
46 2
46 4
46 5
46 9
46 13
46 14
46 22
46 25
46 32
46 33
46 44
46 48
46 54
46 56
46 58
46 67
46 68
46 71
46 75
46 96
46 97
47 3
47 4
47 5
47 9
47 15
47 17
47 43
47 48
47 49
47 50
47 51
47 53
47 56
47 57
47 58
47 63
47 64
47 68
47 69
47 71
47 72
47 75
47 78
48 12
48 13
48 18
48 25
48 26
48 43
48 44
48 45
48 46
48 48
48 51
48 52
48 63
48 65
48 66
48 68
48 69
48 70
48 78
48 79
48 84
48 85
49 2
49 6
49 9
49 13
49 18
49 36
49 45
49 46
49 47
49 48
49 50
49 51
49 54
49 55
49 56
49 64
49 65
49 66
49 69
49 70
49 78
49 79
49 84
49 85
49 87
49 96
49 97
50 1
50 6
50 7
50 8
50 9
50 10
50 18
50 35
50 37
50 41
50 46
50 47
50 51
50 53
50 56
50 63
50 74
50 75
50 76
50 77
50 79
50 85
50 86
50 87
50 88
50 95
50 98
51 1
51 4
51 7
51 9
51 10
51 14
51 17
51 34
51 37
51 40
51 42
51 46
51 47
51 52
51 62
51 63
51 64
51 66
51 70
51 72
51 74
51 75
51 76
51 77
51 78
51 79
51 80
51 96
51 98
51 99
52 1
52 4
52 15
52 35
52 36
52 39
52 40
52 53
52 57
52 58
52 62
52 66
52 73
52 77
52 78
52 80
52 81
52 97
52 98
53 2
53 4
53 6
53 7
53 40
53 41
53 45
53 46
53 48
53 49
53 54
53 55
53 56
53 57
53 58
53 62
53 64
53 65
53 70
53 73
53 74
53 75
53 76
53 79
54 3
54 5
54 6
54 7
54 11
54 12
54 46
54 48
54 49
54 50
54 52
54 54
54 56
54 57
54 58
54 61
54 62
54 63
54 64
54 70
54 74
54 75
54 76
54 77
54 78
54 82
54 87
54 89
54 91
54 92
54 93
55 6
55 7
55 8
55 10
55 11
55 12
55 13
55 19
55 28
55 49
55 51
55 52
55 53
55 54
55 55
55 59
55 60
55 61
55 69
55 70
55 77
55 78
55 79
55 90
55 92
55 93
55 94
56 10
56 18
56 20
56 27
56 28
56 33
56 34
56 35
56 49
56 50
56 51
56 52
56 53
56 54
56 57
56 62
56 69
56 70
56 73
56 74
56 79
56 80
56 81
56 84
56 85
56 90
56 93
56 94
57 9
57 10
57 12
57 13
57 20
57 23
57 24
57 28
57 33
57 35
57 36
57 39
57 40
57 54
57 55
57 56
57 57
57 60
57 61
57 68
57 73
57 83
57 93
57 96
58 1
58 2
58 3
58 4
58 9
58 10
58 14
58 15
58 16
58 22
58 25
58 27
58 28
58 29
58 33
58 53
58 54
58 55
58 56
58 57
58 59
58 67
58 68
58 69
58 70
58 71
58 73
58 82
58 87
58 94
58 95
58 96
59 5
59 9
59 10
59 12
59 13
59 14
59 15
59 23
59 24
59 28
59 33
59 36
59 56
59 58
59 66
59 67
59 69
59 82
59 87
59 95
60 10
60 12
60 18
60 28
60 29
60 31
60 34
60 35
60 50
60 56
60 64
60 66
60 68
60 87
60 88
60 89
60 98
61 0
61 1
61 5
61 9
61 10
61 11
61 15
61 16
61 19
61 20
61 28
61 29
61 33
61 34
61 44
61 48
61 50
61 64
61 68
61 69
61 72
61 75
61 83
61 85
61 88
61 90
62 9
62 10
62 16
62 20
62 21
62 27
62 28
62 35
62 43
62 44
62 45
62 49
62 50
62 53
62 56
62 65
62 70
62 72
62 73
62 74
62 75
62 85
62 86
62 90
62 99
63 2
63 8
63 17
63 19
63 20
63 21
63 22
63 27
63 35
63 46
63 48
63 53
63 61
63 65
63 72
63 75
63 86
63 90
64 1
64 3
64 10
64 11
64 13
64 14
64 15
64 18
64 19
64 20
64 21
64 26
64 27
64 28
64 39
64 44
64 46
64 48
64 57
64 58
64 59
64 61
64 62
64 63
64 70
64 74
64 75
64 89
64 96
65 2
65 3
65 4
65 12
65 15
65 20
65 24
65 27
65 38
65 39
65 40
65 45
65 46
65 48
65 50
65 55
65 67
65 68
65 70
65 75
65 80
65 81
65 83
65 84
65 95
65 96
65 98
65 99
66 3
66 5
66 12
66 15
66 21
66 26
66 37
66 48
66 50
66 55
66 57
66 58
66 68
66 70
66 75
66 80
66 81
66 83
66 84
66 87
66 95
66 96
66 99
67 0
67 4
67 7
67 14
67 21
67 25
67 27
67 36
67 37
67 45
67 46
67 48
67 50
67 51
67 53
67 60
67 61
67 69
67 70
67 79
67 83
67 84
67 85
67 86
67 96
68 0
68 5
68 9
68 17
68 21
68 26
68 35
68 37
68 45
68 48
68 49
68 50
68 52
68 53
68 56
68 74
68 77
68 78
68 80
68 81
68 84
68 90
68 91
69 7
69 11
69 16
69 17
69 32
69 33
69 35
69 36
69 37
69 49
69 53
69 55
69 59
69 66
69 71
69 72
69 76
69 80
69 81
69 82
69 83
69 84
69 85
69 91
69 92
69 97
70 1
70 7
70 15
70 16
70 21
70 23
70 24
70 32
70 33
70 34
70 40
70 41
70 42
70 46
70 47
70 59
70 66
70 72
70 73
70 76
70 77
70 80
70 84
70 86
70 91
70 92
70 95
71 5
71 6
71 9
71 11
71 16
71 20
71 23
71 24
71 25
71 27
71 30
71 32
71 42
71 50
71 56
71 66
71 68
71 72
71 77
71 82
71 84
71 89
71 92
71 95
71 97
71 98
72 1
72 2
72 5
72 6
72 7
72 15
72 18
72 20
72 25
72 27
72 29
72 31
72 32
72 40
72 44
72 45
72 46
72 47
72 50
72 56
72 59
72 65
72 66
72 69
72 72
72 78
72 79
72 80
72 83
72 85
72 87
72 89
72 92
72 95
72 99
73 0
73 1
73 2
73 5
73 7
73 16
73 18
73 20
73 22
73 23
73 24
73 25
73 31
73 32
73 51
73 57
73 67
73 69
73 73
73 75
73 76
73 77
73 80
73 81
73 83
73 85
73 86
73 88
73 91
74 2
74 6
74 16
74 17
74 19
74 20
74 24
74 28
74 29
74 31
74 41
74 42
74 44
74 49
74 51
74 52
74 53
74 54
74 60
74 61
74 68
74 73
74 77
74 85
74 86
74 91
75 2
75 3
75 5
75 6
75 21
75 22
75 30
75 41
75 42
75 43
75 52
75 53
75 54
75 60
75 62
75 63
75 74
75 75
75 80
75 81
75 85
75 86
75 91
76 2
76 6
76 7
76 9
76 10
76 11
76 20
76 21
76 22
76 40
76 41
76 45
76 46
76 48
76 53
76 56
76 63
76 73
76 77
76 78
76 79
76 80
76 84
76 90
76 91
77 0
77 2
77 3
77 6
77 8
77 11
77 16
77 19
77 45
77 47
77 53
77 57
77 59
77 60
77 63
77 66
77 67
77 68
77 73
77 76
77 84
77 99
78 0
78 1
78 8
78 15
78 16
78 17
78 18
78 19
78 20
78 36
78 52
78 57
78 58
78 59
78 60
78 63
78 67
78 69
78 74
78 75
78 76
78 82
78 83
78 99
79 1
79 2
79 4
79 5
79 10
79 12
79 13
79 14
79 33
79 34
79 36
79 37
79 44
79 45
79 46
79 47
79 48
79 52
79 57
79 60
79 62
79 64
79 65
79 70
79 82
79 83
79 89
79 99
80 0
80 3
80 6
80 11
80 12
80 14
80 16
80 17
80 31
80 33
80 38
80 44
80 49
80 54
80 56
80 57
80 58
80 59
80 63
80 64
80 65
80 70
80 77
80 78
80 81
80 82
80 83
80 84
80 89
80 94
80 95
81 0
81 1
81 2
81 12
81 14
81 16
81 20
81 21
81 29
81 30
81 33
81 42
81 43
81 44
81 45
81 46
81 51
81 55
81 65
81 70
81 71
81 77
81 78
81 80
81 83
81 85
81 86
81 87
81 95
82 0
82 1
82 2
82 4
82 6
82 13
82 16
82 17
82 19
82 20
82 21
82 22
82 29
82 30
82 32
82 33
82 34
82 35
82 36
82 42
82 43
82 44
82 45
82 46
82 48
82 49
82 50
82 51
82 67
82 69
82 70
82 76
82 80
82 82
82 93
83 1
83 5
83 6
83 8
83 10
83 11
83 18
83 20
83 22
83 29
83 30
83 31
83 32
83 33
83 34
83 38
83 43
83 49
83 62
83 63
83 64
83 66
83 68
83 81
83 83
83 84
83 94
83 95
83 97
83 98
84 1
84 7
84 8
84 17
84 18
84 36
84 57
84 59
84 60
84 61
84 62
84 64
84 78
84 95
84 97
85 7
85 8
85 11
85 13
85 18
85 36
85 40
85 42
85 57
85 62
85 76
85 77
85 84
85 95
86 0
86 8
86 9
86 14
86 24
86 25
86 40
86 41
86 57
86 62
86 64
86 65
86 68
86 70
86 78
86 82
86 83
86 88
86 94
86 97
87 8
87 9
87 16
87 18
87 24
87 32
87 33
87 48
87 59
87 60
87 67
87 76
87 87
87 89
87 93
87 94
87 97
87 98
88 3
88 9
88 11
88 15
88 19
88 31
88 33
88 48
88 49
88 50
88 51
88 52
88 54
88 64
88 65
88 66
88 67
88 70
88 71
88 72
88 76
88 78
88 79
88 80
88 89
88 90
88 93
89 1
89 2
89 4
89 9
89 10
89 11
89 13
89 14
89 17
89 18
89 19
89 27
89 28
89 33
89 34
89 37
89 38
89 39
89 48
89 49
89 50
89 51
89 52
89 55
89 62
89 65
89 66
89 71
89 73
89 81
89 88
89 89
89 90
89 98
89 99
90 0
90 5
90 11
90 12
90 16
90 17
90 18
90 20
90 27
90 28
90 37
90 38
90 39
90 43
90 48
90 63
90 64
90 72
90 73
90 77
90 78
90 89
90 94
90 95
90 98
90 99
91 1
91 5
91 13
91 16
91 18
91 21
91 28
91 34
91 35
91 43
91 44
91 45
91 47
91 48
91 49
91 50
91 51
91 53
91 54
91 58
91 60
91 72
91 73
91 77
91 78
91 82
91 91
91 99
92 1
92 3
92 5
92 12
92 15
92 17
92 21
92 28
92 29
92 31
92 32
92 35
92 36
92 43
92 46
92 47
92 48
92 53
92 57
92 58
92 60
92 61
92 62
92 69
92 72
92 73
92 79
92 80
92 82
92 89
92 92
92 99
93 1
93 5
93 12
93 14
93 15
93 16
93 17
93 20
93 37
93 38
93 43
93 45
93 51
93 52
93 60
93 62
93 63
93 64
93 71
93 73
93 77
93 79
93 80
93 82
93 88
93 92
94 0
94 1
94 12
94 15
94 16
94 17
94 19
94 28
94 38
94 43
94 46
94 51
94 52
94 59
94 60
94 67
94 72
94 74
94 76
94 78
94 81
94 90
94 91
94 92
95 1
95 2
95 13
95 14
95 15
95 18
95 19
95 22
95 23
95 29
95 32
95 34
95 35
95 37
95 44
95 47
95 53
95 54
95 60
95 61
95 62
95 69
95 71
95 72
95 74
95 78
95 79
95 86
95 92
96 0
96 1
96 2
96 3
96 4
96 6
96 19
96 22
96 23
96 44
96 53
96 54
96 59
96 66
96 69
96 74
96 76
96 78
96 80
96 85
96 88
96 90
97 2
97 5
97 6
97 7
97 32
97 34
97 36
97 37
97 38
97 45
97 47
97 53
97 59
97 61
97 71
97 72
97 73
97 74
97 75
97 76
97 77
97 78
97 79
97 80
97 86
97 90
97 99
98 2
98 5
98 6
98 26
98 27
98 28
98 31
98 32
98 33
98 35
98 36
98 49
98 50
98 54
98 59
98 61
98 73
98 74
98 75
98 76
98 84
98 89
98 97
98 98
98 99
99 0
99 1
99 2
99 5
99 6
99 7
99 19
99 20
99 21
99 26
99 27
99 28
99 31
99 49
99 50
99 53
99 55
99 59
99 62
99 63
99 64
99 74
99 75
99 77
99 79
99 83
99 84
99 97
99 98
