0 14
0 17
0 88
0 89
0 90
0 95
0 96
1 15
1 16
1 36
1 37
2 35
2 38
2 77
2 92
3 23
3 24
3 36
3 37
3 52
3 53
3 78
3 79
3 92
4 11
4 12
4 13
4 22
4 25
4 52
4 53
4 55
4 56
4 87
4 92
5 23
5 25
5 52
5 53
5 56
5 71
5 87
6 24
6 43
6 44
6 53
6 54
6 55
6 56
6 61
6 62
6 71
6 72
6 87
7 34
7 35
7 36
7 43
7 44
7 48
7 49
7 54
7 55
7 57
7 61
7 62
7 72
7 73
7 74
8 30
8 49
8 50
8 51
8 52
8 56
8 57
8 58
8 72
8 75
9 30
9 50
9 56
9 57
9 72
9 75
10 30
10 50
10 53
10 72
10 75
11 52
11 53
12 18
12 19
12 20
12 69
12 70
12 72
12 73
13 14
13 16
13 69
13 70
13 72
13 91
14 18
14 20
14 35
14 68
14 69
14 72
14 91
15 13
15 19
15 35
15 67
15 69
15 71
15 86
15 87
15 91
16 14
16 15
16 35
16 67
16 69
16 70
16 79
16 85
16 88
17 18
17 19
17 68
17 69
17 77
17 78
17 84
17 85
17 87
17 88
17 93
17 94
17 95
18 20
18 40
18 41
18 76
18 82
18 83
18 84
18 86
19 20
19 40
19 41
19 71
19 72
19 76
19 83
20 4
20 15
20 20
20 67
20 71
20 72
20 76
20 82
20 83
21 4
21 14
21 15
21 66
21 68
21 77
21 80
21 81
22 4
22 14
22 15
22 65
22 77
22 78
22 81
23 52
23 53
23 66
23 69
23 70
23 80
23 81
24 15
24 17
24 18
24 52
24 53
24 66
24 67
24 69
24 70
24 79
24 81
25 15
25 16
25 67
25 69
25 70
25 71
25 79
25 81
26 14
26 15
26 20
26 21
26 37
26 66
26 67
26 70
26 71
26 79
26 80
27 13
27 14
27 20
27 21
27 37
27 53
27 64
27 66
27 69
27 73
28 12
28 15
28 37
28 53
28 73
29 5
29 6
29 7
29 13
29 15
29 53
29 63
29 67
30 4
30 8
30 14
30 16
30 17
30 67
30 68
30 70
30 72
30 73
30 87
30 88
31 3
31 9
31 14
31 15
31 18
31 65
31 66
31 69
31 70
31 72
31 87
31 88
32 2
32 6
32 10
32 14
32 15
32 16
32 17
32 18
32 19
33 2
33 5
33 7
33 10
33 15
33 59
33 70
33 71
33 82
33 83
33 84
34 2
34 6
34 10
34 13
34 15
34 34
34 35
34 36
34 59
34 82
34 84
35 3
35 12
35 15
35 59
35 82
35 85
36 4
36 9
36 13
36 14
36 32
36 38
36 43
36 44
36 83
36 85
37 8
37 9
37 32
37 38
37 55
37 56
37 57
37 61
37 62
37 63
37 83
37 84
37 85
38 7
38 8
38 10
38 11
38 32
38 38
38 42
38 45
38 48
39 1
39 2
39 8
39 42
39 43
39 44
39 47
39 48
39 49
39 53
39 59
40 1
40 3
40 9
40 11
40 12
40 34
40 35
40 36
40 51
40 53
40 54
40 59
41 1
41 4
41 7
41 9
41 10
41 11
41 13
41 14
41 15
41 48
41 59
42 2
42 3
42 7
42 8
42 9
42 14
42 15
42 48
42 49
42 51
42 53
42 55
43 50
43 51
43 54
43 85
43 86
43 92
43 93
43 94
43 95
44 51
44 52
44 53
44 85
44 86
44 91
44 96
45 24
45 25
45 46
45 47
45 49
45 90
46 24
46 25
46 47
46 48
46 49
46 89
46 90
46 92
46 96
47 48
47 89
47 90
47 92
47 93
48 90
48 91
49 80
49 81
49 91
50 80
50 81
51 50
51 51
51 87
52 34
52 50
52 52
52 85
52 86
52 88
52 89
53 33
53 34
53 51
53 85
53 86
53 88
53 89
54 3
54 32
54 33
54 34
54 37
54 39
54 85
55 3
55 15
55 16
55 17
55 33
55 34
55 37
55 39
55 46
55 82
55 83
55 85
55 89
55 97
55 98
55 99
56 3
56 33
56 34
56 38
56 43
56 44
56 46
56 81
56 82
56 83
56 84
56 88
56 90
57 31
57 33
57 41
57 44
57 80
57 82
57 88
57 90
57 91
58 28
58 29
58 30
58 31
58 44
58 80
58 82
58 84
58 90
58 91
59 31
59 32
59 40
59 45
59 54
59 55
59 81
59 82
59 84
59 89
59 90
60 27
60 40
60 46
60 54
60 55
60 88
61 28
61 41
61 46
61 75
61 76
61 83
61 84
61 85
61 86
61 89
61 90
61 93
61 94
62 29
62 30
62 31
62 32
62 42
62 43
62 44
62 74
62 77
62 83
62 86
62 87
63 30
63 31
63 32
63 74
63 76
63 87
63 89
63 90
64 75
64 84
64 87
64 90
65 83
65 85
65 86
65 90
65 91
66 78
66 79
66 80
66 85
66 86
66 89
67 65
67 66
67 77
67 80
67 81
67 82
68 50
68 51
68 64
68 68
68 80
68 81
68 83
68 84
69 50
69 51
69 67
69 68
69 77
69 79
69 80
69 81
70 62
70 64
70 77
70 81
70 82
71 60
71 62
71 63
71 66
71 67
71 78
71 80
71 81
71 83
71 95
72 7
72 63
72 77
72 78
72 80
72 95
73 6
73 7
73 8
73 59
73 60
73 62
73 63
73 76
73 77
73 95
74 5
74 6
74 7
74 9
74 59
74 62
74 63
74 70
74 71
74 72
74 77
75 8
75 10
75 60
75 61
75 66
75 67
75 70
75 77
76 9
76 10
76 16
76 18
76 66
76 77
77 9
77 15
77 16
77 19
77 73
77 78
78 9
78 14
78 15
78 18
78 44
78 45
78 46
78 78
79 9
79 13
79 14
79 16
79 17
79 18
79 43
79 46
79 70
79 71
79 72
79 74
79 78
80 12
80 13
80 46
80 47
80 69
80 70
80 74
80 75
80 77
80 80
81 10
81 22
81 23
81 24
81 42
81 48
81 67
81 68
81 74
81 77
81 78
81 80
82 10
82 13
82 47
82 49
82 66
82 68
82 75
82 76
82 80
82 99
83 12
83 45
83 47
83 49
83 66
83 67
83 99
84 9
84 49
84 67
84 68
84 99
85 9
85 42
85 43
85 48
85 68
85 69
86 9
86 44
86 46
86 56
86 57
86 67
86 88
87 46
87 48
87 55
87 58
87 68
87 69
87 87
88 24
88 25
88 47
88 56
88 57
88 85
88 86
88 87
89 23
89 26
89 47
89 73
89 86
90 24
90 25
90 72
90 74
91 71
91 74
91 83
91 84
91 86
91 87
92 70
92 72
92 85
92 86
92 87
92 88
93 45
93 46
93 47
93 69
93 89
93 91
93 92
94 13
94 14
94 68
94 69
94 70
94 74
94 85
94 90
94 93
95 2
95 3
95 13
95 14
95 64
95 65
95 69
95 70
95 85
95 86
95 88
95 90
95 91
95 92
95 93
95 94
96 1
96 4
96 63
96 66
96 70
96 71
96 72
96 73
96 74
96 91
96 92
96 94
96 95
97 2
97 3
97 64
97 65
97 71
97 72
97 73
97 81
97 92
97 94
98 7
98 8
98 25
98 26
98 72
98 80
98 81
98 95
99 7
99 8
99 15
99 16
99 25
99 26
99 92
99 93
99 95
