0 0
0 1
0 14
0 15
0 16
0 46
0 47
0 56
0 57
0 61
0 62
0 65
0 66
0 73
0 93
0 94
0 96
1 0
1 1
1 12
1 16
1 36
1 37
1 56
1 57
1 62
1 63
1 65
1 66
1 67
1 74
1 75
1 76
1 98
2 17
2 35
2 38
2 66
2 67
2 70
2 77
2 95
2 96
3 17
3 23
3 24
3 36
3 37
3 65
3 66
3 67
3 68
3 69
3 70
3 89
3 90
3 98
3 99
4 11
4 12
4 13
4 18
4 22
4 25
4 66
4 70
4 74
4 76
4 89
4 92
5 15
5 18
5 19
5 23
5 25
5 55
5 56
5 73
5 74
5 88
5 89
5 93
6 6
6 7
6 18
6 24
6 55
6 56
6 74
6 75
6 88
6 89
6 90
6 93
7 6
7 7
7 15
7 34
7 35
7 36
7 55
7 56
7 57
7 59
7 71
7 72
7 92
7 93
7 94
8 10
8 11
8 16
8 30
8 55
8 56
8 57
8 92
9 12
9 14
9 15
9 30
9 70
9 76
9 86
10 9
10 13
10 15
10 18
10 19
10 30
10 57
10 71
10 75
10 84
10 87
11 11
11 13
11 16
11 19
11 36
11 55
11 57
11 72
11 73
11 74
11 84
11 88
12 11
12 13
12 15
12 16
12 17
12 18
12 35
12 37
12 56
12 57
12 73
12 83
12 92
13 8
13 9
13 17
13 35
13 38
13 58
13 82
13 83
13 85
13 92
13 93
14 36
14 37
14 57
14 59
14 82
14 83
14 91
14 93
15 36
15 37
15 44
15 45
15 46
15 58
15 59
15 71
15 83
15 85
15 91
15 92
16 36
16 37
16 43
16 45
16 46
16 64
16 65
16 68
16 70
16 72
16 83
16 86
16 91
17 35
17 43
17 45
17 47
17 57
17 68
17 73
17 84
17 86
18 35
18 38
18 46
18 47
18 48
18 56
18 57
18 58
18 59
18 63
18 64
18 68
18 69
18 71
18 73
18 74
18 76
18 83
18 86
19 34
19 39
19 56
19 57
19 60
19 63
19 64
19 71
19 76
19 83
19 84
19 85
20 4
20 38
20 39
20 58
20 60
20 67
20 68
20 71
20 76
20 82
20 83
20 85
20 86
20 89
21 4
21 38
21 39
21 43
21 44
21 59
21 60
21 61
21 62
21 65
21 66
21 67
21 68
21 71
21 75
21 81
21 82
21 88
21 90
22 4
22 45
22 61
22 64
22 65
22 66
22 68
22 72
22 73
22 74
22 82
22 83
22 85
22 91
23 13
23 14
23 40
23 57
23 67
23 68
23 83
23 84
23 85
23 88
23 90
24 12
24 14
24 22
24 23
24 39
24 41
24 58
24 61
24 64
24 83
24 86
25 13
25 19
25 20
25 22
25 23
25 39
25 41
25 52
25 53
25 57
25 59
25 62
25 63
25 64
25 83
25 84
25 86
25 87
26 19
26 20
26 26
26 27
26 40
26 51
26 54
26 58
26 82
27 27
27 50
27 53
27 81
27 86
27 87
28 20
28 21
28 80
28 86
28 87
29 20
29 21
29 22
29 27
29 73
29 74
29 75
29 76
29 80
30 24
30 27
30 52
30 66
30 71
30 72
30 76
30 77
30 80
30 81
30 85
31 0
31 26
31 51
31 59
31 60
31 62
31 67
31 71
31 78
31 82
31 83
31 84
31 85
32 14
32 16
32 17
32 48
32 51
32 56
32 67
32 68
32 71
32 78
32 79
32 96
32 97
32 99
33 0
33 1
33 6
33 7
33 14
33 19
33 48
33 51
33 55
33 56
33 65
33 66
33 67
33 72
33 78
33 97
33 98
33 99
34 1
34 5
34 14
34 18
34 49
34 50
34 54
34 55
34 65
34 66
34 73
35 6
35 7
35 8
35 55
35 56
35 57
35 58
35 75
36 9
36 10
36 16
36 17
36 44
36 46
36 56
36 58
36 60
36 61
36 70
36 71
36 78
36 79
37 0
37 1
37 8
37 10
37 38
37 39
37 45
37 57
37 70
37 71
37 78
37 79
38 0
38 1
38 8
38 11
38 36
38 84
38 85
38 86
38 94
38 95
39 36
39 39
39 46
39 48
39 59
39 69
39 83
39 87
39 94
39 96
40 9
40 11
40 39
40 40
40 44
40 45
40 46
40 48
40 49
40 57
40 60
40 67
40 68
40 70
40 71
40 83
40 87
40 95
41 11
41 12
41 23
41 24
41 28
41 29
41 37
41 39
41 40
41 41
41 49
41 56
41 57
41 67
41 71
41 81
41 82
41 84
41 85
41 86
41 88
41 89
42 9
42 13
42 14
42 21
42 24
42 25
42 27
42 30
42 41
42 42
42 44
42 46
42 48
42 49
42 54
42 55
42 60
42 68
42 69
42 72
42 80
42 82
42 88
42 90
43 4
43 5
43 9
43 13
43 16
43 20
43 24
43 26
43 28
43 30
43 43
43 47
43 48
43 55
43 56
43 57
43 58
43 59
43 62
43 63
43 64
43 71
43 72
43 80
43 90
44 3
44 6
44 8
44 15
44 17
44 18
44 22
44 26
44 29
44 58
44 80
44 81
44 83
44 87
44 89
44 90
44 96
44 97
44 98
45 5
45 9
45 10
45 11
45 12
45 17
45 18
45 19
45 22
45 58
45 60
45 82
45 83
45 87
45 88
45 95
45 99
46 2
46 10
46 11
46 22
46 27
46 58
46 60
46 61
46 94
46 99
47 0
47 2
47 14
47 18
47 19
47 21
47 22
47 24
47 25
47 27
47 59
47 60
47 61
47 94
47 97
48 4
48 19
48 20
48 22
48 23
48 25
48 26
48 47
48 95
48 97
48 99
49 5
49 15
49 23
49 24
49 35
49 36
49 39
49 40
49 42
49 45
49 46
49 48
49 49
49 96
49 97
49 98
49 99
50 3
50 4
50 15
50 22
50 35
50 36
50 37
50 38
50 39
50 41
50 42
50 45
50 46
50 66
50 80
50 81
50 82
51 23
51 35
51 36
51 40
51 42
51 43
51 44
51 45
51 46
51 49
51 64
51 65
51 79
51 82
52 19
52 21
52 23
52 25
52 40
52 41
52 42
52 43
52 44
52 45
52 47
52 49
52 68
52 79
52 80
52 82
53 19
53 25
53 40
53 41
53 42
53 43
53 50
53 67
53 69
53 72
53 78
53 79
53 81
53 82
54 22
54 24
54 25
54 40
54 41
54 42
54 44
54 50
54 67
54 68
54 71
54 72
54 74
54 77
54 78
54 82
54 84
55 20
55 22
55 23
55 44
55 47
55 49
55 50
55 59
55 61
55 71
55 72
55 75
55 78
55 80
55 81
55 85
56 3
56 4
56 20
56 22
56 45
56 46
56 47
56 49
56 60
56 63
56 64
56 73
56 74
56 80
56 81
56 84
57 3
57 6
57 30
57 31
57 43
57 46
57 47
57 48
57 60
57 61
57 62
57 64
57 69
57 82
57 83
58 3
58 7
58 20
58 23
58 30
58 31
58 42
58 44
58 61
58 63
59 4
59 5
59 6
59 20
59 21
59 23
59 41
59 44
59 59
59 60
59 62
59 63
59 98
60 3
60 4
60 5
60 21
60 24
60 41
60 42
60 43
60 60
60 62
60 96
60 97
61 0
61 1
61 2
61 4
61 21
61 24
61 41
61 53
61 54
61 55
61 59
61 60
61 61
61 74
61 75
61 76
61 96
61 99
62 0
62 4
62 13
62 14
62 22
62 24
62 51
62 52
62 55
62 57
62 58
62 59
62 92
62 93
62 99
63 0
63 1
63 2
63 3
63 12
63 15
63 22
63 23
63 31
63 32
63 33
63 56
63 91
63 92
63 93
63 94
63 96
63 99
64 12
64 15
64 22
64 27
64 28
64 32
64 34
64 35
64 37
64 38
64 39
64 50
64 52
64 54
64 56
64 58
64 59
64 91
64 98
65 13
65 14
65 21
65 24
65 27
65 36
65 38
65 39
65 49
65 50
65 51
65 54
65 56
65 57
65 81
65 82
65 83
65 90
65 91
65 93
66 5
66 6
66 24
66 26
66 28
66 32
66 38
66 39
66 49
66 50
66 90
66 91
66 93
66 94
67 5
67 6
67 21
67 23
67 27
67 32
67 37
67 46
67 79
67 85
67 93
67 95
68 16
68 17
68 19
68 20
68 22
68 27
68 29
68 34
68 44
68 45
68 46
68 47
68 79
68 85
68 92
68 93
68 95
68 96
69 10
69 15
69 16
69 17
69 18
69 19
69 20
69 28
69 43
69 47
69 48
69 79
69 85
69 92
69 96
70 9
70 11
70 14
70 18
70 19
70 20
70 21
70 24
70 28
70 42
70 45
70 52
70 91
70 92
70 94
70 95
71 8
71 12
71 13
71 14
71 15
71 16
71 19
71 23
71 24
71 27
71 43
71 47
71 48
71 51
71 81
71 82
71 83
71 92
72 8
72 12
72 14
72 15
72 17
72 19
72 21
72 22
72 23
72 27
72 45
72 47
72 50
72 51
72 52
72 69
72 70
72 71
73 7
73 12
73 16
73 17
73 19
73 23
73 28
73 44
73 45
73 47
73 53
73 60
73 61
73 71
74 2
74 3
74 4
74 8
74 11
74 16
74 17
74 18
74 19
74 20
74 22
74 26
74 28
74 29
74 30
74 31
74 32
74 34
74 46
74 51
74 59
74 60
74 61
74 67
74 68
74 72
74 74
74 75
75 2
75 3
75 5
75 8
75 9
75 16
75 17
75 21
75 23
75 26
75 41
75 42
75 43
75 48
75 51
75 53
75 54
75 62
75 67
75 68
75 74
76 5
76 15
76 16
76 22
76 23
76 29
76 39
76 40
76 41
76 42
76 43
76 46
76 48
76 50
76 53
76 54
76 61
76 62
76 66
76 67
76 69
76 74
76 99
77 0
77 4
77 14
77 17
77 23
77 24
77 25
77 28
77 31
77 34
77 38
77 39
77 40
77 42
77 43
77 46
77 50
77 53
77 54
77 61
77 62
77 67
77 98
78 1
78 15
78 17
78 22
78 23
78 27
78 32
78 33
78 39
78 40
78 43
78 44
78 45
78 47
78 49
78 50
78 51
78 52
78 53
78 60
78 68
78 69
78 70
78 71
78 76
78 77
78 78
78 98
79 0
79 1
79 2
79 8
79 9
79 10
79 16
79 21
79 23
79 24
79 25
79 43
79 44
79 51
79 52
79 63
79 64
79 69
79 99
80 0
80 6
80 7
80 8
80 9
80 21
80 23
80 43
80 44
80 51
80 52
80 53
80 63
80 64
81 1
81 51
81 54
82 2
82 8
82 39
82 41
82 52
82 55
83 7
83 9
83 41
83 55
84 6
84 11
84 12
84 13
84 34
84 35
84 36
84 39
84 40
84 41
84 53
84 97
84 98
85 6
85 11
85 12
85 13
85 14
85 32
85 33
85 34
85 35
85 36
85 37
85 54
85 96
85 99
86 12
86 17
86 18
86 19
86 33
86 36
86 37
86 38
86 97
86 98
87 4
87 7
87 8
87 14
87 16
87 17
87 20
87 33
87 34
87 35
87 37
87 39
87 49
87 50
87 51
87 76
87 77
88 3
88 4
88 5
88 6
88 13
88 14
88 20
88 34
88 35
88 38
88 49
88 50
88 51
88 52
88 74
88 77
88 93
88 94
88 95
89 2
89 3
89 6
89 13
89 14
89 18
89 19
89 48
89 49
89 59
89 74
89 75
89 76
89 81
89 82
89 84
89 85
90 12
90 13
90 17
90 50
90 51
90 52
90 59
90 75
90 81
90 82
90 84
90 86
90 97
91 4
91 5
91 6
91 12
91 13
91 14
91 39
91 50
91 51
91 81
91 82
91 83
91 84
91 86
91 97
92 13
92 14
92 15
92 37
92 38
92 40
92 41
92 48
92 49
92 50
92 61
92 62
92 66
92 97
93 14
93 39
93 47
93 49
93 54
93 60
93 63
93 65
93 66
93 67
93 68
93 73
93 75
94 20
94 21
94 54
94 55
94 56
94 58
94 60
94 61
94 62
94 64
94 70
95 11
95 12
95 20
95 21
95 45
95 50
95 55
95 56
95 57
95 58
95 59
95 63
95 64
95 65
95 66
95 67
95 70
95 71
95 76
95 77
96 11
96 13
96 26
96 45
96 51
96 55
96 68
96 76
96 77
96 95
96 96
97 10
97 13
97 24
97 47
97 52
97 54
97 69
97 70
97 74
97 76
97 98
97 99
98 11
98 12
98 24
98 26
98 47
98 48
98 49
98 51
98 54
98 56
98 70
98 76
98 93
98 94
98 96
99 0
99 1
99 11
99 25
99 27
99 45
99 47
99 71
99 93
99 94
99 98
