0 14
0 17
0 89
0 95
1 15
1 16
1 36
1 37
1 78
1 89
1 95
2 35
2 38
2 64
2 65
2 77
2 80
3 12
3 23
3 24
3 36
3 37
3 53
3 55
3 78
3 79
3 91
3 92
3 93
4 12
4 22
4 25
4 52
4 53
4 55
5 12
5 23
5 25
5 53
5 56
5 71
5 86
5 87
5 88
6 24
6 35
6 43
6 44
6 49
6 54
6 55
6 61
6 62
6 70
6 72
7 35
7 43
7 44
7 48
7 53
7 57
7 61
7 62
7 73
8 35
8 49
8 56
8 57
8 73
8 74
9 29
9 30
9 31
9 50
9 51
9 52
9 57
9 73
9 74
9 75
10 51
10 52
10 53
10 54
10 73
10 74
11 73
12 19
12 69
12 70
12 72
12 73
13 15
13 16
13 18
13 19
13 20
13 69
13 70
13 72
14 14
14 15
14 16
14 18
14 19
14 20
14 72
14 90
14 91
14 92
15 14
15 15
15 34
15 35
15 36
15 67
15 69
15 71
15 86
15 87
16 14
16 15
16 67
16 68
16 69
16 70
16 85
16 88
16 94
17 18
17 19
17 78
17 79
17 80
17 85
17 88
17 94
18 18
18 19
18 40
18 41
18 76
18 77
18 79
18 80
18 81
18 82
18 85
18 87
18 94
19 17
19 18
19 19
19 40
19 41
19 71
19 72
19 76
19 77
19 78
19 80
19 82
19 83
20 17
20 18
20 19
20 71
20 72
20 79
20 82
21 3
21 4
21 5
21 14
21 15
21 16
21 17
21 18
21 19
21 66
21 67
21 68
21 77
21 78
21 80
21 81
22 15
22 17
22 18
22 66
22 67
22 68
22 78
22 79
23 17
23 18
23 52
23 53
23 66
23 67
23 69
23 70
23 80
24 14
24 17
24 52
24 53
24 70
24 80
24 81
25 15
25 16
25 66
25 79
25 81
26 20
26 21
26 66
26 68
26 70
26 71
26 79
26 80
27 13
27 14
27 20
27 21
27 36
27 37
27 38
27 64
27 65
27 69
27 70
27 72
28 12
28 15
28 52
28 53
28 54
28 64
28 65
28 71
28 72
28 73
29 6
29 13
29 15
29 24
29 25
29 63
29 64
29 66
29 67
29 71
29 72
30 5
30 6
30 7
30 14
30 16
30 17
30 65
30 67
30 72
30 87
30 88
31 4
31 5
31 6
31 7
31 8
31 15
31 18
31 65
31 66
31 69
31 70
31 72
31 87
31 88
32 3
32 4
32 8
32 9
32 15
32 18
32 70
32 71
33 2
33 3
33 4
33 8
33 9
33 10
33 15
33 18
33 35
33 70
33 83
34 3
34 4
34 8
34 9
34 13
34 14
34 35
34 58
34 59
34 60
34 82
34 83
34 84
35 4
35 5
35 6
35 7
35 8
35 13
35 14
35 35
35 82
35 85
36 5
36 6
36 7
36 8
36 13
36 14
36 44
36 56
36 62
36 83
36 84
36 85
37 8
37 31
37 32
37 33
37 37
37 38
37 39
37 43
37 44
37 56
37 62
37 84
38 7
38 10
38 11
38 42
38 44
38 45
38 56
38 62
39 1
39 2
39 7
39 11
39 35
39 42
39 43
39 47
39 48
39 49
39 53
40 1
40 3
40 9
40 11
40 12
40 35
40 48
40 51
40 52
40 53
40 58
40 59
40 60
41 2
41 3
41 7
41 9
41 10
41 14
41 15
41 35
41 48
41 49
41 50
41 51
41 55
42 2
42 3
42 7
42 8
42 14
42 15
42 49
42 51
42 53
42 54
43 51
43 53
43 54
43 85
43 86
44 47
44 52
44 85
44 86
44 91
44 92
44 93
44 94
44 95
44 96
45 24
45 25
45 47
45 50
45 90
45 92
45 93
45 94
45 95
45 96
46 24
46 25
46 47
46 48
46 49
46 90
46 92
46 94
46 95
47 90
48 90
48 91
48 92
49 80
49 81
50 80
50 81
51 50
51 51
51 87
52 34
52 50
52 52
52 86
52 88
53 33
53 35
53 51
53 85
53 86
53 88
53 89
54 16
54 32
54 38
54 39
54 85
54 98
55 2
55 3
55 4
55 16
55 33
55 37
55 38
55 39
55 45
55 47
55 83
55 85
55 98
56 16
56 34
56 35
56 44
56 47
56 81
56 82
56 84
56 88
56 89
56 90
56 98
57 30
57 32
57 42
57 43
57 80
57 88
57 90
58 29
58 32
58 41
58 42
58 43
58 80
58 82
58 84
58 90
59 28
59 29
59 41
59 42
59 43
59 54
59 55
59 81
59 83
59 84
59 89
59 90
60 28
60 29
60 31
60 32
60 41
60 42
60 44
60 45
60 46
60 54
60 55
60 84
60 86
60 89
60 93
61 28
61 29
61 41
61 42
61 43
61 44
61 45
61 75
61 76
61 84
61 85
61 89
61 90
61 94
62 30
62 31
62 32
62 74
62 76
62 83
62 87
62 89
62 93
63 31
63 74
63 75
63 76
63 83
63 87
63 88
63 89
64 90
65 83
65 85
65 88
65 90
66 79
66 83
66 84
66 85
66 86
66 90
67 67
67 78
67 79
67 80
67 82
67 83
68 50
68 51
68 64
68 65
68 66
68 77
68 78
68 80
68 84
69 50
69 51
69 64
69 65
69 67
69 68
69 77
69 78
69 79
69 85
69 87
70 62
70 64
70 67
70 81
70 82
71 60
71 61
71 62
71 66
71 67
71 78
71 79
71 80
71 83
72 7
72 60
72 78
72 79
72 83
72 94
72 95
72 96
73 6
73 8
73 59
73 60
73 62
73 63
73 76
74 5
74 9
74 59
74 62
74 74
74 75
74 76
74 82
75 6
75 10
75 60
75 61
75 66
75 67
75 69
75 70
75 71
75 72
75 73
75 74
75 75
75 76
76 8
76 9
76 10
76 17
76 18
76 66
76 71
76 72
76 75
76 77
76 81
77 16
77 17
77 18
77 67
77 69
77 70
77 71
77 72
77 73
77 75
77 76
77 77
78 14
78 15
78 18
78 45
78 71
78 72
78 75
78 76
78 77
79 8
79 9
79 10
79 13
79 17
79 44
79 45
79 46
79 68
79 69
79 71
79 72
79 75
79 77
80 12
80 17
80 23
80 43
80 44
80 47
80 75
80 76
80 77
81 10
81 11
81 12
81 23
81 43
81 44
81 48
81 67
81 69
81 74
81 77
81 79
81 80
81 81
82 11
82 12
82 13
82 23
82 43
82 49
82 66
82 68
82 75
82 76
83 0
83 42
83 43
83 45
83 47
83 48
83 49
83 66
83 67
83 98
83 99
84 39
84 42
84 43
84 45
84 46
84 48
85 8
85 9
85 10
85 39
85 43
85 44
85 45
85 46
85 47
85 68
85 69
85 87
86 46
86 48
86 56
86 57
86 68
86 69
86 80
86 82
86 85
86 88
87 55
87 58
87 68
87 86
87 87
88 24
88 25
88 46
88 47
88 48
88 56
88 57
88 80
88 82
88 85
88 86
89 23
89 26
90 24
90 25
90 72
90 73
90 74
90 84
90 86
91 73
91 74
91 84
91 86
92 46
92 70
92 71
92 84
92 87
93 46
93 69
93 73
93 74
93 87
93 88
93 92
94 13
94 14
94 46
94 69
94 85
94 87
94 88
94 90
94 91
94 93
95 2
95 3
95 13
95 14
95 64
95 65
95 69
95 75
95 85
95 86
95 88
95 90
95 91
95 94
96 1
96 4
96 63
96 66
96 70
96 74
96 94
97 2
97 3
97 64
97 65
97 71
97 72
97 73
97 81
97 92
97 93
97 94
98 7
98 8
98 25
98 26
98 80
98 82
98 92
98 93
99 7
99 8
99 15
99 16
99 25
99 26
99 79
99 89
99 93
99 94
99 95
