0 3
0 4
0 5
0 7
0 19
0 20
0 21
0 22
0 27
0 48
0 57
0 59
0 60
0 62
0 67
0 73
0 74
0 80
0 85
0 92
1 6
1 7
1 9
1 22
1 23
1 47
1 48
1 50
1 59
1 63
1 67
1 72
1 73
1 80
1 83
1 84
1 85
1 93
1 98
2 8
2 9
2 10
2 14
2 47
2 49
2 51
2 53
2 57
2 58
2 59
2 60
2 62
2 63
2 67
2 72
2 74
2 79
2 83
2 84
2 91
2 92
2 97
3 1
3 2
3 11
3 13
3 14
3 15
3 19
3 35
3 36
3 39
3 40
3 41
3 47
3 49
3 50
3 58
3 60
3 61
3 62
3 75
3 80
3 81
3 85
3 91
3 92
3 96
4 9
4 10
4 11
4 13
4 14
4 16
4 18
4 19
4 20
4 35
4 36
4 39
4 42
4 48
4 49
4 53
4 54
4 55
4 60
4 61
4 62
4 74
4 80
4 81
4 82
4 86
4 87
4 96
5 9
5 10
5 16
5 43
5 52
5 53
5 54
5 55
5 73
5 83
5 84
5 86
5 87
5 95
6 17
6 18
6 19
6 41
6 43
6 54
6 55
6 60
6 61
6 72
6 83
6 96
6 99
7 4
7 6
7 7
7 8
7 30
7 31
7 38
7 40
7 41
7 44
7 48
7 59
7 62
7 71
7 74
7 79
7 92
7 99
8 1
8 3
8 8
8 30
8 31
8 37
8 39
8 43
8 44
8 48
8 51
8 52
8 53
8 58
8 61
8 70
8 71
8 72
8 73
8 74
8 76
8 77
8 79
8 81
8 92
8 93
8 96
8 99
9 0
9 3
9 5
9 6
9 7
9 18
9 19
9 20
9 40
9 42
9 43
9 58
9 59
9 60
9 61
9 62
9 64
9 69
9 70
9 71
9 73
9 76
9 80
9 81
9 94
9 96
9 99
10 0
10 4
10 5
10 6
10 14
10 15
10 19
10 20
10 37
10 38
10 39
10 43
10 45
10 62
10 64
10 65
10 68
10 74
10 75
10 79
10 81
10 83
10 90
10 95
10 96
10 97
10 99
11 0
11 2
11 14
11 15
11 19
11 29
11 43
11 45
11 46
11 62
11 66
11 69
11 70
11 79
11 82
11 83
11 84
11 90
11 95
11 99
12 2
12 3
12 4
12 14
12 15
12 19
12 27
12 28
12 30
12 31
12 41
12 42
12 46
12 63
12 64
12 65
12 66
12 80
12 84
12 91
12 97
12 98
12 99
13 3
13 4
13 14
13 15
13 29
13 30
13 41
13 43
13 46
13 50
13 63
13 64
13 65
13 67
13 96
13 99
14 17
14 18
14 19
14 20
14 28
14 29
14 30
14 40
14 41
14 43
14 44
14 45
14 49
14 51
14 62
14 64
14 65
14 66
14 68
14 92
14 93
14 97
14 98
14 99
15 11
15 14
15 15
15 21
15 29
15 30
15 38
15 39
15 40
15 59
15 65
15 66
15 67
15 68
15 96
15 98
16 2
16 3
16 17
16 18
16 19
16 22
16 36
16 40
16 41
16 58
16 67
16 86
16 93
16 95
16 98
17 2
17 3
17 11
17 17
17 36
17 40
17 41
17 55
17 56
17 57
17 64
17 65
17 67
17 77
17 84
17 85
17 87
17 88
17 95
17 97
18 4
18 19
18 21
18 36
18 37
18 39
18 40
18 50
18 51
18 57
18 61
18 62
18 66
18 71
18 72
18 73
18 76
18 77
18 84
18 91
18 97
19 2
19 3
19 16
19 19
19 29
19 38
19 39
19 40
19 46
19 56
19 59
19 61
19 71
19 73
19 74
19 75
19 76
19 80
19 81
19 84
19 85
19 90
19 93
19 95
19 96
20 2
20 3
20 5
20 12
20 13
20 15
20 27
20 28
20 29
20 30
20 41
20 42
20 43
20 46
20 47
20 48
20 50
20 56
20 57
20 59
20 60
20 66
20 67
20 70
20 73
20 74
20 76
20 77
20 78
20 79
20 81
20 82
20 94
20 96
21 4
21 5
21 6
21 11
21 14
21 15
21 16
21 26
21 29
21 30
21 41
21 42
21 43
21 44
21 45
21 47
21 49
21 50
21 55
21 57
21 59
21 60
21 66
21 67
21 70
21 72
21 77
21 78
21 79
21 80
21 81
21 86
21 87
21 92
22 14
22 25
22 30
22 43
22 49
22 51
22 52
22 55
22 56
22 59
22 72
22 78
22 79
22 80
22 87
22 89
22 91
22 92
23 0
23 12
23 19
23 22
23 26
23 27
23 28
23 47
23 53
23 55
23 64
23 84
23 85
23 86
23 87
23 88
23 98
23 99
24 2
24 7
24 9
24 11
24 12
24 14
24 19
24 22
24 30
24 31
24 32
24 39
24 40
24 48
24 49
24 50
24 51
24 52
24 58
24 59
24 63
24 64
24 75
24 76
24 77
24 81
24 82
24 84
24 85
24 86
24 87
25 7
25 11
25 12
25 13
25 14
25 23
25 28
25 32
25 33
25 34
25 35
25 37
25 39
25 44
25 50
25 53
25 62
25 63
25 78
25 81
25 82
25 87
26 2
26 3
26 8
26 10
26 12
26 14
26 21
26 22
26 23
26 27
26 29
26 31
26 32
26 52
26 53
26 62
26 67
26 68
26 69
26 80
26 82
26 83
26 84
26 87
26 93
26 94
27 0
27 6
27 17
27 18
27 22
27 27
27 30
27 34
27 43
27 45
27 62
27 64
27 69
27 81
27 84
27 87
27 90
27 92
27 93
27 94
28 0
28 5
28 7
28 10
28 16
28 17
28 28
28 29
28 31
28 33
28 40
28 51
28 52
28 53
28 60
28 62
28 64
28 67
28 68
28 77
28 79
28 84
28 89
28 90
28 91
28 99
29 5
29 7
29 10
29 11
29 18
29 21
29 34
29 35
29 38
29 39
29 45
29 52
29 53
29 59
29 60
29 61
29 67
29 70
29 71
29 81
29 82
29 88
29 98
29 99
30 6
30 10
30 11
30 15
30 16
30 20
30 32
30 49
30 50
30 51
30 60
30 66
30 72
30 74
30 83
30 85
30 87
30 88
30 97
30 99
31 14
31 15
31 16
31 29
31 30
31 33
31 48
31 49
31 50
31 55
31 65
31 66
31 67
31 70
31 77
31 82
31 83
31 86
31 91
31 98
31 99
32 14
32 15
32 16
32 21
32 22
32 29
32 32
32 33
32 42
32 43
32 44
32 48
32 49
32 52
32 57
32 65
32 69
32 71
32 72
32 75
32 76
32 84
32 85
32 91
32 97
32 98
32 99
33 10
33 12
33 22
33 28
33 31
33 43
33 45
33 46
33 51
33 57
33 58
33 59
33 60
33 67
33 84
33 85
33 98
33 99
34 10
34 11
34 12
34 26
34 27
34 29
34 31
34 41
34 42
34 44
34 45
34 56
34 60
34 61
34 66
34 67
34 68
34 95
34 96
35 1
35 2
35 10
35 11
35 12
35 18
35 19
35 20
35 25
35 26
35 27
35 29
35 30
35 40
35 41
35 42
35 44
35 45
35 51
35 52
35 53
35 62
35 67
35 70
35 99
36 0
36 3
36 11
36 13
36 18
36 19
36 20
36 25
36 26
36 27
36 29
36 30
36 31
36 39
36 45
36 46
36 47
36 52
36 53
36 55
36 57
36 58
36 61
36 62
36 63
36 68
36 71
36 77
36 79
36 83
36 84
36 85
36 95
36 96
36 97
37 5
37 6
37 7
37 25
37 26
37 28
37 30
37 31
37 39
37 44
37 46
37 47
37 50
37 58
37 59
37 64
37 65
37 66
37 67
37 70
37 77
37 83
37 84
37 85
37 96
37 97
38 4
38 6
38 7
38 26
38 28
38 29
38 31
38 40
38 41
38 42
38 44
38 46
38 50
38 51
38 52
38 53
38 54
38 58
38 59
38 61
38 62
38 68
38 69
38 73
38 74
38 77
38 80
38 84
38 85
38 86
38 96
38 99
39 7
39 27
39 28
39 44
39 51
39 55
39 59
39 64
39 66
39 68
39 69
39 72
39 74
39 80
39 85
39 86
39 97
39 98
40 2
40 4
40 5
40 6
40 7
40 8
40 10
40 11
40 44
40 48
40 53
40 55
40 60
40 61
40 62
40 65
40 67
40 72
40 73
40 97
40 98
41 3
41 4
41 8
41 12
41 44
41 45
41 48
41 53
41 56
41 57
41 60
41 61
41 62
41 69
41 88
41 95
41 96
42 0
42 5
42 6
42 7
42 17
42 18
42 19
42 31
42 37
42 44
42 45
42 49
42 53
42 54
42 55
42 56
42 57
42 66
42 68
42 69
42 70
42 71
42 84
42 92
42 95
42 96
42 97
42 99
43 6
43 17
43 19
43 23
43 31
43 36
43 38
43 46
43 47
43 49
43 50
43 52
43 53
43 54
43 56
43 57
43 65
43 66
43 68
43 72
43 83
43 84
43 85
43 88
43 91
43 95
43 96
44 17
44 18
44 19
44 22
44 23
44 24
44 30
44 35
44 39
44 45
44 47
44 49
44 51
44 52
44 54
44 65
44 66
44 68
44 70
44 72
44 83
44 92
44 95
44 96
45 2
45 3
45 4
45 12
45 13
45 14
45 21
45 22
45 25
45 36
45 38
45 48
45 53
45 55
45 57
45 66
45 70
45 95
45 98
46 2
46 5
46 8
46 9
46 10
46 13
46 14
46 37
46 44
46 48
46 51
46 52
46 53
46 54
46 56
46 58
46 59
46 66
46 71
46 72
46 96
46 97
47 3
47 5
47 12
47 25
47 26
47 43
47 48
47 50
47 51
47 53
47 55
47 56
47 58
47 63
47 64
47 65
47 66
47 71
47 72
47 78
47 79
48 3
48 4
48 5
48 12
48 13
48 14
48 17
48 18
48 43
48 53
48 54
48 63
48 66
48 77
48 84
48 85
48 86
49 6
49 9
49 10
49 12
49 13
49 17
49 18
49 19
49 36
49 48
49 49
49 50
49 53
49 54
49 55
49 56
49 63
49 66
49 67
49 68
49 70
49 75
49 76
49 80
49 87
49 88
49 96
49 97
50 0
50 1
50 2
50 5
50 6
50 17
50 18
50 35
50 37
50 41
50 50
50 51
50 53
50 54
50 56
50 62
50 66
50 69
50 70
50 71
50 73
50 74
50 84
50 85
50 87
50 88
50 95
50 98
50 99
51 1
51 2
51 5
51 6
51 7
51 10
51 34
51 37
51 38
51 39
51 40
51 46
51 47
51 52
51 53
51 57
51 62
51 64
51 65
51 81
51 86
51 87
51 96
51 99
52 0
52 1
52 2
52 4
52 6
52 7
52 8
52 35
52 36
52 39
52 45
52 48
52 53
52 54
52 55
52 58
52 61
52 62
52 66
52 71
52 72
52 81
52 97
52 98
52 99
53 2
53 4
53 7
53 39
53 40
53 41
53 45
53 46
53 48
53 50
53 54
53 59
53 64
53 65
53 73
53 79
53 80
53 81
53 92
54 3
54 4
54 10
54 13
54 45
54 46
54 52
54 64
54 65
54 70
54 71
54 73
54 90
54 91
54 94
55 5
55 8
55 9
55 10
55 13
55 19
55 27
55 28
55 34
55 59
55 60
55 71
55 73
55 81
55 89
55 90
56 7
56 8
56 20
56 27
56 28
56 29
56 33
56 35
56 36
56 49
56 57
56 58
56 59
56 62
56 68
56 70
56 73
56 74
56 79
56 80
56 84
56 91
56 95
57 2
57 3
57 13
57 14
57 15
57 19
57 21
57 23
57 24
57 26
57 32
57 33
57 35
57 36
57 50
57 51
57 60
57 61
57 67
57 71
57 73
57 80
57 81
57 82
57 83
57 84
57 93
57 96
58 2
58 3
58 4
58 8
58 16
58 22
58 25
58 27
58 29
58 32
58 33
58 35
58 36
58 53
58 59
58 60
58 66
58 70
58 72
58 82
58 83
58 94
58 96
59 2
59 3
59 4
59 12
59 16
59 23
59 24
59 30
59 32
59 33
59 35
59 54
59 58
59 65
59 66
59 86
59 87
59 94
59 95
59 96
60 12
60 16
60 19
60 27
60 30
60 32
60 35
60 49
60 57
60 66
60 86
60 87
60 89
61 0
61 15
61 16
61 17
61 19
61 20
61 21
61 30
61 33
61 43
61 44
61 45
61 50
61 51
61 64
61 67
61 68
61 69
61 71
61 72
61 75
61 84
61 85
61 88
61 90
61 99
62 0
62 1
62 8
62 11
62 15
62 16
62 17
62 18
62 22
62 27
62 29
62 35
62 43
62 44
62 45
62 47
62 48
62 50
62 64
62 65
62 69
62 72
62 75
62 76
62 84
62 85
62 86
62 87
62 90
62 91
63 2
63 11
63 14
63 15
63 16
63 17
63 22
63 43
63 46
63 48
63 57
63 58
63 60
63 61
63 64
63 72
63 76
63 85
63 86
63 89
63 90
64 1
64 4
64 11
64 12
64 13
64 14
64 15
64 16
64 18
64 22
64 26
64 28
64 38
64 39
64 40
64 46
64 48
64 58
64 60
64 61
64 62
64 69
64 71
64 74
64 75
64 76
64 95
64 96
64 97
65 0
65 12
65 15
65 16
65 25
65 28
65 38
65 39
65 40
65 45
65 46
65 48
65 59
65 62
65 67
65 68
65 70
65 71
65 75
65 76
65 80
65 81
65 83
65 84
65 98
65 99
66 0
66 2
66 5
66 13
66 14
66 15
66 20
66 21
66 25
66 26
66 27
66 36
66 37
66 39
66 48
66 50
66 54
66 56
66 67
66 68
66 70
66 71
66 79
66 81
66 86
66 98
66 99
67 0
67 4
67 5
67 6
67 20
67 21
67 22
67 25
67 27
67 37
67 38
67 45
67 46
67 48
67 53
67 54
67 56
67 57
67 69
67 70
67 78
67 79
67 86
67 95
67 96
67 99
68 6
68 8
68 16
68 17
68 26
68 34
68 35
68 38
68 45
68 46
68 47
68 48
68 53
68 60
68 70
68 71
68 77
68 78
68 86
68 90
68 91
68 92
69 6
69 8
69 15
69 17
69 22
69 32
69 35
69 37
69 41
69 46
69 47
69 49
69 50
69 52
69 53
69 54
69 71
69 72
69 75
69 76
69 78
69 82
70 7
70 8
70 10
70 15
70 22
70 23
70 25
70 34
70 35
70 36
70 41
70 42
70 65
70 66
70 73
70 76
70 77
70 80
70 90
70 93
70 97
70 98
71 0
71 1
71 2
71 5
71 8
71 16
71 17
71 19
71 20
71 21
71 22
71 23
71 25
71 28
71 30
71 40
71 42
71 43
71 66
71 71
71 72
71 76
71 77
71 80
71 81
71 84
71 86
71 88
71 90
71 92
71 93
71 94
71 95
71 98
72 2
72 4
72 7
72 8
72 15
72 16
72 20
72 22
72 28
72 33
72 45
72 46
72 50
72 51
72 56
72 57
72 65
72 66
72 69
72 72
72 73
72 78
72 79
72 80
72 83
72 85
72 87
72 89
72 90
72 91
72 92
72 96
72 98
72 99
73 0
73 3
73 5
73 7
73 15
73 16
73 18
73 20
73 23
73 25
73 26
73 29
73 41
73 43
73 44
73 46
73 51
73 53
73 60
73 66
73 67
73 69
73 72
73 73
73 74
73 76
73 77
73 80
73 81
73 82
73 88
73 90
73 91
73 92
74 4
74 7
74 16
74 17
74 18
74 19
74 20
74 24
74 25
74 29
74 31
74 32
74 41
74 50
74 51
74 54
74 60
74 61
74 62
74 68
74 73
74 77
74 82
74 90
74 91
74 92
75 1
75 2
75 3
75 5
75 10
75 19
75 22
75 23
75 29
75 30
75 43
75 44
75 45
75 51
75 55
75 60
75 62
75 63
75 73
75 74
75 76
75 77
75 80
75 81
75 84
75 86
75 91
75 92
76 4
76 8
76 9
76 10
76 11
76 20
76 22
76 40
76 41
76 44
76 45
76 46
76 47
76 59
76 60
76 61
76 63
76 64
76 67
76 73
76 75
76 76
76 77
76 78
76 79
76 80
76 81
76 84
76 90
76 91
77 2
77 3
77 6
77 8
77 11
77 15
77 16
77 45
77 47
77 52
77 53
77 56
77 57
77 60
77 62
77 63
77 64
77 66
77 67
77 68
77 73
77 76
77 78
77 79
77 84
77 99
78 4
78 5
78 7
78 9
78 11
78 12
78 13
78 14
78 15
78 16
78 17
78 18
78 19
78 20
78 35
78 36
78 37
78 44
78 48
78 52
78 53
78 56
78 57
78 62
78 63
78 65
78 67
78 69
78 74
78 75
78 76
78 82
78 84
78 98
79 2
79 3
79 4
79 5
79 12
79 14
79 19
79 32
79 33
79 34
79 35
79 36
79 37
79 44
79 45
79 46
79 47
79 48
79 53
79 60
79 61
79 62
79 65
79 66
79 69
79 70
79 75
79 76
79 77
79 99
80 3
80 4
80 5
80 14
80 16
80 17
80 30
80 33
80 37
80 48
80 55
80 56
80 57
80 58
80 59
80 63
80 66
80 69
80 70
80 77
80 78
80 79
80 81
80 85
80 86
80 88
80 94
80 95
80 99
81 5
81 11
81 12
81 14
81 18
81 19
81 22
81 29
81 35
81 42
81 46
81 47
81 48
81 51
81 55
81 56
81 57
81 58
81 65
81 66
81 71
81 76
81 78
81 80
81 85
81 86
81 95
81 99
82 3
82 6
82 7
82 11
82 12
82 13
82 15
82 16
82 17
82 18
82 22
82 28
82 35
82 46
82 47
82 48
82 49
82 51
82 63
82 64
82 65
82 66
82 67
82 68
82 69
82 70
82 71
82 77
82 79
82 80
82 82
82 85
82 86
82 95
82 96
82 99
83 5
83 6
83 8
83 9
83 16
83 20
83 22
83 29
83 36
83 37
83 42
83 43
83 45
83 48
83 49
83 60
83 62
83 64
83 65
83 67
83 68
83 69
83 81
83 82
83 83
83 94
83 95
83 97
83 98
84 10
84 11
84 12
84 17
84 18
84 30
84 31
84 32
84 33
84 35
84 37
84 58
84 60
84 64
84 65
84 77
84 83
84 84
84 95
84 97
84 98
85 17
85 18
85 40
85 56
85 57
85 60
85 62
85 64
85 65
85 77
85 78
85 83
85 94
85 95
86 10
86 17
86 24
86 25
86 40
86 41
86 58
86 61
86 63
86 76
86 83
86 88
86 93
86 94
86 95
86 96
86 97
86 98
87 15
87 24
87 25
87 32
87 33
87 48
87 50
87 51
87 63
87 67
87 68
87 69
87 70
87 78
87 89
87 90
87 93
87 94
87 97
87 98
88 2
88 3
88 11
88 12
88 14
88 15
88 16
88 19
88 38
88 47
88 52
88 53
88 64
88 67
88 70
88 71
88 72
88 77
88 79
88 80
88 93
88 94
88 97
88 99
89 1
89 2
89 3
89 4
89 9
89 13
89 14
89 15
89 20
89 27
89 28
89 32
89 33
89 34
89 37
89 39
89 47
89 52
89 53
89 67
89 70
89 73
89 80
89 88
89 94
89 98
90 2
90 4
90 5
90 11
90 14
90 15
90 16
90 20
90 29
90 33
90 35
90 36
90 37
90 39
90 43
90 53
90 54
90 63
90 64
90 65
90 71
90 74
90 77
90 78
90 88
90 89
91 1
91 2
91 5
91 6
91 11
91 13
91 15
91 18
91 19
91 20
91 21
91 34
91 35
91 37
91 38
91 42
91 43
91 45
91 50
91 52
91 53
91 54
91 57
91 58
91 60
91 62
91 63
91 71
91 74
91 77
91 81
91 90
92 1
92 5
92 6
92 12
92 18
92 20
92 21
92 28
92 29
92 34
92 35
92 36
92 37
92 42
92 43
92 53
92 54
92 57
92 58
92 60
92 62
92 71
92 74
92 77
92 80
92 82
92 83
92 91
92 92
93 1
93 4
93 11
93 12
93 14
93 20
93 28
93 29
93 36
93 37
93 38
93 42
93 43
93 45
93 51
93 53
93 58
93 62
93 63
93 71
93 74
93 77
93 82
93 89
93 90
93 92
93 93
94 0
94 12
94 19
94 20
94 36
94 38
94 43
94 45
94 46
94 51
94 59
94 70
94 74
94 75
94 81
94 92
94 93
95 13
95 14
95 15
95 17
95 19
95 20
95 22
95 23
95 43
95 44
95 45
95 54
95 61
95 68
95 70
95 71
95 72
95 74
95 78
95 80
95 89
95 90
95 92
96 0
96 4
96 6
96 7
96 14
96 18
96 19
96 22
96 23
96 34
96 38
96 44
96 45
96 46
96 52
96 59
96 62
96 76
96 80
96 85
96 86
96 87
96 89
96 91
97 7
97 27
97 31
97 32
97 34
97 36
97 37
97 53
97 58
97 59
97 72
97 78
97 80
97 85
97 90
97 99
98 2
98 3
98 4
98 20
98 26
98 28
98 31
98 33
98 34
98 35
98 36
98 48
98 49
98 50
98 53
98 54
98 58
98 59
98 61
98 63
98 80
98 83
98 84
98 85
98 97
99 0
99 7
99 19
99 20
99 21
99 22
99 26
99 28
99 31
99 33
99 34
99 48
99 59
99 62
99 63
99 64
99 65
99 73
99 83
99 84
99 85
