0 14
0 17
0 77
0 78
0 79
0 91
0 92
0 93
1 15
1 16
1 36
1 37
1 63
1 64
1 66
1 81
1 82
1 91
1 92
2 35
2 38
2 55
2 65
3 12
3 23
3 24
3 36
3 37
3 57
3 58
3 66
3 67
4 12
4 22
4 25
4 53
4 57
4 66
4 67
4 68
5 12
5 23
5 25
5 51
5 55
5 59
5 65
5 67
5 69
5 86
5 87
5 88
5 96
5 97
6 24
6 35
6 43
6 44
6 51
6 52
6 53
6 56
6 57
6 59
6 60
6 61
6 64
6 65
6 66
6 68
6 69
6 70
7 35
7 43
7 44
7 52
7 57
7 60
7 61
7 65
7 67
7 69
8 35
8 56
8 57
8 61
8 62
8 63
8 64
8 65
8 66
8 67
8 68
8 72
9 29
9 30
9 31
9 55
9 56
9 63
9 64
9 65
9 67
9 71
9 73
10 62
10 65
10 71
10 73
11 60
11 62
11 64
11 72
12 60
12 61
12 62
12 63
13 18
13 19
13 20
13 60
13 68
13 83
14 17
14 20
14 21
14 67
14 69
14 81
14 82
14 84
14 85
14 90
14 91
14 92
15 20
15 21
15 34
15 35
15 36
15 68
15 69
15 70
15 72
15 80
15 84
15 85
16 17
16 18
16 19
16 71
16 72
16 79
16 80
16 84
16 94
17 78
17 79
17 80
17 82
17 94
18 40
18 41
18 67
18 68
18 78
18 79
18 94
19 40
19 41
19 67
19 68
19 69
19 78
19 79
20 15
20 17
20 23
20 70
20 79
20 81
20 83
21 3
21 4
21 5
21 13
21 16
21 19
21 25
21 26
21 69
21 70
21 80
21 81
21 83
22 12
22 14
22 15
22 16
22 27
22 82
22 83
23 13
23 17
23 24
23 26
23 27
23 52
23 53
24 19
24 22
24 23
24 26
24 52
24 53
25 66
25 67
25 68
26 65
26 68
26 69
26 70
26 74
26 78
27 17
27 18
27 36
27 37
27 38
27 65
27 66
27 69
27 70
27 74
27 76
27 77
27 79
28 16
28 22
28 23
28 52
28 53
28 54
28 65
28 66
28 74
28 76
28 77
28 79
28 85
28 86
29 8
29 21
29 22
29 24
29 68
29 78
29 85
30 8
30 10
30 21
30 24
30 65
30 68
30 84
30 90
31 7
31 11
31 21
31 22
31 23
31 67
31 84
31 85
31 87
31 90
32 7
32 10
32 11
32 13
32 14
32 22
32 23
32 66
32 84
32 85
32 89
33 6
33 9
33 13
33 14
33 85
33 86
34 13
34 14
34 29
34 30
34 31
34 32
34 58
34 59
34 60
34 83
34 85
34 86
35 2
35 3
35 4
35 5
35 6
35 8
35 9
35 10
35 11
35 12
35 13
35 28
35 29
35 30
35 34
35 83
35 84
35 85
36 1
36 4
36 6
36 13
36 16
36 18
36 28
36 35
36 56
36 62
37 4
37 9
37 11
37 12
37 16
37 18
37 19
37 29
37 35
37 56
37 62
38 2
38 4
38 17
38 19
38 20
38 35
38 47
38 56
38 62
39 2
39 8
39 11
39 15
39 16
39 18
39 19
39 20
39 30
39 34
39 43
39 44
39 46
39 48
40 3
40 4
40 9
40 10
40 11
40 14
40 15
40 16
40 19
40 20
40 31
40 43
40 44
40 46
40 49
40 58
40 59
40 60
41 15
41 42
41 45
41 46
41 49
41 50
42 43
42 48
42 49
43 48
43 85
43 86
43 95
43 96
44 85
44 86
44 94
44 96
45 24
45 25
45 93
45 94
45 96
46 24
46 25
46 94
46 95
46 96
46 97
46 98
46 99
47 0
47 90
47 91
47 92
47 95
48 0
48 97
49 80
49 81
49 98
49 99
50 80
50 81
51 50
51 51
52 41
52 50
52 52
53 39
53 40
53 42
53 51
54 16
54 37
54 38
54 39
54 40
54 42
54 85
54 98
55 2
55 3
55 4
55 16
55 37
55 39
55 41
55 53
55 54
55 55
55 84
55 85
55 86
55 98
56 16
56 37
56 38
56 43
56 83
56 86
56 87
56 98
57 43
57 44
57 55
57 82
57 83
58 34
58 38
58 44
58 45
58 55
58 82
58 84
58 88
59 33
59 34
59 35
59 37
59 38
59 44
59 45
59 53
59 54
59 55
59 83
59 84
60 15
60 16
60 17
60 32
60 33
60 35
60 37
60 40
60 44
60 45
60 51
60 52
60 53
60 84
60 85
60 90
61 31
61 32
61 33
61 37
61 43
61 44
61 45
61 51
61 52
61 85
61 86
61 90
61 91
61 92
62 14
62 18
62 32
62 33
62 37
62 51
62 55
62 77
62 84
62 85
62 90
63 14
63 18
63 33
63 34
63 35
63 36
63 37
63 55
63 56
63 76
63 78
63 79
63 83
63 84
64 35
64 76
64 78
64 79
64 82
64 84
64 88
65 15
65 16
65 17
65 36
65 77
65 78
65 81
65 83
66 80
66 86
66 87
67 70
67 71
67 73
67 75
67 76
67 77
67 80
67 84
67 85
67 86
67 89
67 90
68 50
68 51
68 69
68 70
68 74
68 75
68 76
68 77
68 80
68 85
68 88
68 90
69 37
69 50
69 51
69 67
69 68
69 73
69 80
69 82
69 90
70 37
70 61
70 67
70 68
70 71
70 73
70 79
70 80
70 81
71 22
71 60
71 61
71 67
71 68
71 71
71 72
71 80
71 81
72 21
72 23
72 26
72 28
72 59
72 69
72 72
72 79
72 94
72 95
72 96
73 21
73 23
73 25
73 29
73 58
73 59
73 61
73 62
73 71
73 83
73 84
74 26
74 29
74 58
74 59
74 61
74 67
74 75
74 80
74 81
74 82
75 8
75 9
75 30
75 68
75 76
75 78
75 79
75 81
75 82
76 8
76 9
76 11
76 12
76 16
76 17
76 18
76 28
76 29
76 30
76 68
76 77
76 82
77 10
77 13
77 28
77 29
77 30
77 64
77 66
77 67
77 78
77 81
77 82
78 18
78 63
78 67
78 78
78 79
79 11
79 12
79 16
79 18
79 26
79 64
79 66
79 67
79 68
79 69
79 78
79 79
79 82
80 13
80 15
80 25
80 26
80 65
80 68
80 69
80 75
80 80
80 81
81 13
81 18
81 19
81 20
81 24
81 27
81 48
81 49
81 68
81 69
81 71
81 75
82 12
82 13
82 16
82 25
82 26
82 47
82 48
82 50
82 51
82 70
82 76
82 85
82 86
83 0
83 11
83 15
83 16
83 19
83 26
83 46
83 47
83 49
83 50
83 51
83 70
83 72
83 73
83 74
83 75
83 78
83 84
83 86
83 98
83 99
84 11
84 15
84 17
84 18
84 45
84 46
84 50
84 71
84 73
84 74
84 75
84 76
84 77
84 85
84 88
85 11
85 15
85 38
85 39
85 46
85 47
85 70
85 71
85 85
85 86
85 87
85 88
85 89
86 12
86 14
86 38
86 39
86 47
86 56
86 57
86 71
86 72
86 79
86 80
86 86
86 88
86 89
87 13
87 50
87 51
87 55
87 57
87 78
87 79
87 81
88 24
88 25
88 49
88 56
88 57
88 77
88 78
88 81
88 82
88 88
89 23
89 26
89 76
89 80
89 81
89 85
89 86
89 87
89 88
89 90
90 24
90 25
90 76
90 79
90 80
90 85
90 86
90 87
90 90
90 91
90 92
91 77
91 78
91 87
91 89
91 90
91 91
91 92
92 46
92 89
93 46
94 13
94 14
94 46
94 75
94 83
94 88
94 89
94 90
95 2
95 3
95 13
95 14
95 74
95 77
95 82
95 84
95 88
95 89
95 90
96 1
96 4
96 63
96 64
96 65
96 70
96 71
96 73
96 79
96 81
96 82
96 84
96 91
97 2
97 3
97 65
97 69
97 72
97 79
97 80
97 81
97 82
97 83
98 7
98 8
98 25
98 26
98 72
98 81
99 7
99 8
99 15
99 16
99 25
99 26
99 62
99 71
99 72
99 73
99 74
99 75
99 76
99 77
99 79
99 81
99 82
99 91
99 93
