0 5
0 6
0 14
0 17
0 80
0 95
0 96
0 97
0 98
1 0
1 15
1 16
1 36
1 37
1 84
1 85
1 96
1 97
1 98
2 35
2 38
3 12
3 23
3 24
3 36
3 37
4 12
4 22
4 25
4 94
5 12
5 23
5 25
5 86
5 87
5 88
5 93
5 95
6 24
6 35
6 43
6 44
6 93
6 95
7 35
7 43
7 44
7 53
7 94
8 35
8 51
8 52
8 54
8 55
8 58
8 59
8 60
9 29
9 30
9 31
9 50
9 51
9 54
9 55
10 50
10 51
10 52
10 54
10 55
11 49
11 54
11 55
12 49
13 49
13 53
13 66
13 67
13 68
14 65
14 69
15 34
15 35
15 36
15 91
16 64
16 70
16 90
16 92
17 64
17 70
17 89
17 93
18 19
18 20
18 40
18 41
18 65
18 69
18 90
18 92
19 14
19 16
19 17
19 18
19 21
19 40
19 41
19 66
19 67
19 68
19 78
19 79
19 80
19 91
20 14
20 18
20 21
20 67
20 77
20 81
21 3
21 4
21 5
21 11
21 18
21 20
21 21
21 78
21 79
21 81
22 10
22 13
22 18
22 71
22 72
22 79
22 80
22 81
23 9
23 10
23 16
23 52
23 53
23 64
23 70
23 73
23 86
24 9
24 10
24 13
24 14
24 15
24 52
24 53
24 63
24 65
24 69
24 70
24 72
24 73
24 87
24 88
25 10
25 69
25 72
26 8
26 13
26 69
26 71
26 80
26 81
26 86
26 88
27 8
27 9
27 10
27 13
27 36
27 37
27 38
27 70
27 78
27 79
27 82
27 85
27 86
28 9
28 10
28 11
28 54
28 55
28 56
28 78
28 79
28 81
28 82
28 85
28 86
29 54
29 55
29 56
30 17
30 18
30 19
30 52
30 57
30 82
30 84
30 85
30 86
31 16
31 20
31 52
31 55
31 56
31 57
31 58
31 65
31 66
31 82
31 84
31 85
32 15
32 21
32 52
32 58
32 59
32 60
32 64
32 67
32 81
32 83
32 86
33 15
33 21
33 61
33 80
33 81
33 82
33 84
33 85
33 87
33 88
33 91
33 94
33 97
33 98
34 8
34 9
34 10
34 15
34 16
34 17
34 19
34 20
34 21
34 53
34 62
34 81
34 95
35 8
35 9
35 10
35 52
35 53
35 54
35 82
35 84
35 85
35 87
35 88
35 92
35 95
35 96
36 7
36 9
36 11
36 24
36 52
36 56
36 60
36 84
36 93
36 97
36 98
36 99
37 6
37 7
37 8
37 10
37 11
37 24
37 52
37 56
37 57
37 58
38 8
38 9
38 24
39 9
40 12
40 13
40 32
40 33
40 34
41 9
41 10
41 32
41 35
41 39
41 40
41 41
41 49
41 51
42 9
42 11
42 15
42 28
42 29
42 32
42 39
42 42
42 49
42 52
43 7
43 16
43 28
43 29
43 32
43 36
43 39
43 42
43 48
43 51
43 85
43 86
44 3
44 4
44 5
44 7
44 8
44 15
44 25
44 32
44 40
44 42
44 48
44 51
44 85
44 86
45 9
45 12
45 13
45 25
45 33
45 34
45 35
45 40
45 41
45 48
45 50
46 1
46 10
46 12
46 25
46 27
46 29
47 1
47 23
47 25
47 27
47 29
47 90
47 91
47 92
48 1
48 23
49 80
49 81
50 0
50 1
50 2
50 4
50 5
50 51
50 80
50 81
50 98
50 99
51 2
51 3
51 4
51 51
52 3
52 37
52 51
52 52
52 66
52 97
53 36
53 37
53 51
53 52
53 66
53 97
54 0
54 34
54 35
54 37
54 66
54 98
54 99
55 1
55 2
55 35
55 40
55 41
56 0
56 32
56 35
56 40
56 41
56 42
56 61
56 98
56 99
57 4
57 8
57 9
57 31
57 33
57 34
57 39
57 41
57 59
57 62
57 97
57 98
58 4
58 7
58 10
58 12
58 14
58 15
58 31
58 40
58 41
58 59
58 65
58 73
58 74
58 97
58 98
59 2
59 7
59 14
59 15
59 41
59 58
59 62
59 63
59 64
59 65
59 66
59 73
59 74
59 98
60 0
60 1
60 16
60 36
60 37
60 40
60 54
60 55
60 58
60 60
60 61
60 63
60 68
60 69
60 88
60 99
61 14
61 15
61 28
61 29
61 35
61 38
61 49
61 54
61 55
61 59
61 60
61 64
61 65
61 68
61 69
61 70
61 86
61 87
62 9
62 15
62 28
62 29
62 36
62 37
62 50
62 60
62 64
62 68
62 69
62 87
62 88
63 4
63 5
63 9
63 10
63 12
63 14
63 28
63 30
63 48
63 81
64 4
64 47
64 51
64 52
64 72
64 73
64 74
64 80
64 81
64 82
65 0
65 4
65 5
65 48
65 49
65 51
65 79
65 80
65 82
66 4
66 5
66 14
66 16
66 36
66 38
66 51
66 53
66 54
66 61
66 78
66 79
66 82
66 83
66 98
66 99
67 4
67 6
67 8
67 13
67 15
67 16
67 17
67 31
67 36
67 39
67 48
67 50
67 51
67 60
67 62
67 79
67 80
67 81
67 82
67 83
67 99
68 0
68 1
68 2
68 5
68 9
68 14
68 15
68 17
68 18
68 32
68 35
68 39
68 47
68 48
68 49
68 51
68 55
68 60
68 62
68 80
68 81
68 83
68 84
68 99
69 0
69 5
69 31
69 35
69 39
69 47
69 51
69 61
69 80
69 81
70 1
70 2
70 3
70 34
70 39
70 48
70 84
71 2
71 3
71 4
71 5
71 8
71 35
71 37
71 48
71 63
71 64
71 74
71 84
71 85
71 91
71 92
71 93
72 3
72 4
72 6
72 7
72 49
72 51
72 53
72 54
72 63
72 64
72 73
72 75
72 76
72 80
72 81
72 82
72 83
72 86
73 2
73 3
73 4
73 5
73 56
73 62
73 63
73 73
73 77
73 80
73 81
73 83
73 84
73 85
73 91
73 93
74 1
74 2
74 4
74 57
74 61
74 62
74 73
74 74
74 78
74 80
74 81
74 82
74 85
74 92
75 1
75 9
75 10
75 32
75 60
75 63
75 83
75 84
76 0
76 15
76 16
76 17
76 24
76 25
76 26
76 31
76 32
76 56
76 58
76 63
76 67
76 68
76 73
76 74
76 76
76 84
76 86
76 87
77 1
77 4
77 5
77 14
77 15
77 17
77 24
77 25
77 27
77 28
77 30
77 33
77 56
77 58
77 60
77 62
77 67
77 68
77 74
77 77
77 83
77 86
77 87
77 94
78 2
78 3
78 4
78 13
78 26
78 27
78 28
78 31
78 32
78 33
78 34
78 51
78 52
78 56
78 59
78 61
78 74
78 75
78 78
78 83
78 84
78 85
78 86
78 88
79 4
79 14
79 15
79 28
79 32
79 33
79 34
79 51
79 52
79 57
79 58
79 83
79 84
79 92
79 93
79 94
80 15
80 22
80 27
80 28
80 29
80 40
80 57
80 58
80 74
80 75
80 77
80 78
80 82
80 84
81 22
81 27
81 37
81 38
81 39
81 40
81 74
81 75
81 76
81 82
82 22
82 26
82 28
82 38
82 39
82 50
82 57
82 58
82 68
82 69
82 70
82 81
82 85
83 0
83 38
83 39
83 49
83 51
83 52
83 54
83 55
83 56
83 59
83 81
83 84
83 85
83 98
83 99
84 49
84 54
84 55
84 59
84 80
84 84
85 38
85 39
85 50
85 51
85 52
85 53
85 56
85 57
85 80
86 38
86 53
86 62
86 63
86 66
86 67
86 83
87 66
87 67
87 68
87 80
87 81
87 82
88 24
88 25
88 65
88 69
88 71
88 72
88 90
88 91
88 92
89 23
89 26
89 62
89 63
89 64
89 66
89 69
90 24
90 25
90 42
90 44
90 62
90 63
90 71
90 73
91 42
91 62
91 63
91 64
91 65
91 67
91 68
91 70
91 72
91 96
92 46
92 63
92 96
93 47
93 63
93 64
93 65
93 67
93 76
93 77
93 87
93 88
93 89
94 13
94 14
94 44
94 46
94 64
94 65
94 66
94 67
94 75
94 76
94 77
94 87
94 89
95 13
95 14
95 60
95 61
95 66
95 69
95 78
95 79
95 90
95 99
96 0
96 41
96 42
96 59
96 62
96 66
96 68
96 69
96 76
96 80
96 89
96 90
96 95
96 98
96 99
97 60
97 62
97 66
97 68
97 69
97 70
97 71
97 75
97 76
97 82
97 85
97 94
97 95
97 98
97 99
98 0
98 1
98 3
98 5
98 6
98 25
98 26
98 61
98 67
98 71
98 72
98 75
98 77
98 85
98 86
98 93
98 99
99 0
99 3
99 4
99 7
99 15
99 16
99 25
99 26
99 78
99 79
99 81
99 83
99 84
99 94
99 95
99 96
99 97
