0 14
0 17
0 64
0 66
0 78
0 82
0 91
0 92
0 94
1 15
1 16
1 36
1 37
1 56
1 57
1 64
1 66
1 79
2 35
2 38
2 55
2 61
2 65
2 81
2 82
3 12
3 23
3 24
3 36
3 37
3 55
3 61
4 12
4 22
4 25
4 53
4 54
4 56
4 57
4 58
4 60
4 61
4 67
4 96
5 12
5 23
5 25
5 52
5 60
5 61
5 62
5 66
5 67
5 68
5 86
5 87
5 88
5 95
5 97
6 24
6 35
6 43
6 44
6 52
6 56
6 57
6 60
6 61
6 62
6 65
6 66
6 68
6 69
6 97
7 35
7 43
7 44
7 52
7 58
7 61
7 66
7 67
7 68
7 96
8 35
8 67
9 29
9 30
9 31
9 55
9 56
9 57
9 64
9 71
9 72
9 73
10 63
10 64
10 71
10 72
10 73
11 59
11 62
11 63
12 60
13 19
13 60
13 68
13 69
14 18
14 20
14 67
14 71
14 82
14 83
14 84
14 90
14 91
14 92
15 17
15 18
15 20
15 21
15 34
15 35
15 36
15 68
15 72
15 82
15 84
16 19
16 20
16 21
16 22
16 69
16 71
16 72
16 80
16 86
16 94
17 21
17 22
17 79
17 80
17 81
17 82
17 87
17 94
18 40
18 41
18 67
18 79
18 81
18 94
19 40
19 41
19 65
19 68
19 79
19 80
19 88
19 90
20 16
20 18
20 23
20 24
20 65
20 68
20 70
20 80
20 81
20 84
20 91
20 92
21 3
21 4
21 5
21 13
21 14
21 15
21 16
21 18
21 22
21 25
21 69
21 70
21 81
21 82
21 83
22 13
22 14
22 19
22 26
22 27
22 86
22 87
23 13
23 16
23 19
23 20
23 21
23 22
23 24
23 26
23 27
23 52
23 53
24 22
24 23
24 52
24 53
24 67
24 69
25 16
25 20
25 67
25 69
26 67
26 69
26 70
26 74
26 76
27 11
27 12
27 16
27 18
27 36
27 37
27 38
27 67
27 68
27 69
27 73
27 78
27 79
28 9
28 14
28 17
28 22
28 23
28 52
28 53
28 54
28 66
28 68
28 74
28 78
29 9
29 14
29 21
29 24
29 67
29 76
29 85
29 86
29 87
30 7
30 8
30 24
30 66
30 84
30 87
30 89
30 90
31 9
31 11
31 12
31 21
31 22
31 23
31 65
31 66
31 84
31 85
31 90
32 7
32 8
32 13
32 65
32 66
32 85
32 87
33 7
33 11
33 12
33 13
33 83
33 85
33 86
34 11
34 13
34 58
34 59
34 60
34 82
34 85
35 3
35 6
35 8
35 10
35 11
35 12
35 16
35 17
35 29
35 30
35 33
35 83
35 84
36 2
36 4
36 6
36 7
36 9
36 21
36 22
36 28
36 29
36 31
36 32
36 34
36 56
36 62
37 1
37 2
37 4
37 7
37 9
37 11
37 12
37 13
37 17
37 18
37 23
37 30
37 35
37 56
37 62
38 2
38 4
38 5
38 8
38 11
38 15
38 17
38 18
38 34
38 56
38 62
39 2
39 5
39 8
39 10
39 16
39 17
39 19
39 21
39 31
39 32
39 33
39 45
39 47
40 3
40 4
40 9
40 10
40 14
40 15
40 16
40 20
40 31
40 43
40 44
40 47
40 48
40 58
40 59
40 60
41 43
41 48
41 49
42 43
42 44
42 47
42 48
43 85
43 86
43 96
44 85
44 86
44 95
44 96
45 24
45 25
45 94
45 95
46 24
46 25
46 95
47 0
47 90
47 91
47 92
47 96
47 98
47 99
48 0
48 98
48 99
49 37
49 80
49 81
50 37
50 80
50 81
51 36
51 38
51 39
51 50
51 51
52 38
52 39
52 40
52 50
52 52
53 38
53 39
53 41
53 51
54 16
54 41
54 42
54 98
55 2
55 3
55 4
55 16
55 37
55 53
55 54
55 55
55 85
55 98
56 16
56 36
56 38
56 84
56 85
56 86
56 98
57 39
57 43
57 51
57 83
57 84
57 87
58 41
58 42
58 44
58 45
58 51
58 56
58 83
58 85
58 86
58 87
59 34
59 35
59 37
59 40
59 41
59 42
59 50
59 51
59 53
59 54
59 55
59 56
59 83
59 84
59 86
59 88
59 89
60 32
60 33
60 35
60 37
60 38
60 40
60 41
60 42
60 43
60 44
60 50
60 51
60 55
60 56
60 57
60 87
60 90
61 15
61 16
61 17
61 32
61 33
61 37
61 39
61 40
61 42
61 43
61 44
61 51
61 52
61 56
61 57
61 86
61 87
61 88
61 89
61 90
61 91
62 14
62 18
62 32
62 33
62 37
62 43
62 44
62 55
62 56
62 87
62 90
63 14
63 18
63 34
63 36
63 37
63 55
63 76
63 77
63 78
63 83
63 84
63 86
63 88
63 89
64 15
64 16
64 17
64 40
64 76
64 78
64 83
64 85
64 86
64 87
65 36
65 37
65 40
65 78
65 83
65 84
65 87
66 36
66 37
66 84
66 85
66 86
67 37
67 38
67 74
67 77
67 80
67 81
67 82
67 85
68 37
68 38
68 50
68 51
68 59
68 60
68 69
68 70
68 71
68 72
68 74
68 75
68 76
68 79
68 82
68 88
68 89
68 90
69 35
69 37
69 50
69 51
69 59
69 60
69 61
69 68
69 69
69 70
69 73
69 74
69 75
69 78
69 79
69 80
69 82
69 90
70 36
70 60
70 61
70 67
70 75
70 76
70 77
70 78
70 80
70 89
71 24
71 26
71 27
71 68
71 69
71 70
71 71
71 75
71 76
71 79
72 21
72 22
72 59
72 62
72 69
72 70
72 71
72 72
72 76
72 78
72 79
72 94
72 95
72 96
73 21
73 22
73 27
73 30
73 32
73 58
73 62
73 75
73 76
73 77
73 83
73 84
74 9
74 25
74 27
74 28
74 33
74 59
74 62
74 76
74 77
74 82
74 85
75 9
75 29
75 60
75 66
75 67
75 68
75 77
75 79
75 82
75 84
76 9
76 11
76 13
76 17
76 18
76 29
76 65
76 67
76 68
76 79
76 80
77 10
77 13
77 17
77 21
77 29
77 31
77 78
78 12
78 17
78 21
78 30
78 64
78 65
78 66
78 79
78 81
78 82
79 12
79 13
79 17
79 65
79 69
79 71
79 79
79 80
79 81
80 9
80 10
80 13
80 14
80 17
80 19
80 25
80 26
80 27
80 69
80 70
81 13
81 19
81 24
81 26
81 27
81 49
81 69
81 71
81 72
81 73
81 74
81 75
82 12
82 13
82 15
82 18
82 19
82 25
82 26
82 48
82 49
82 52
82 71
82 75
82 76
82 77
82 85
82 86
83 0
83 15
83 17
83 18
83 47
83 48
83 49
83 52
83 75
83 77
83 84
83 86
83 98
83 99
84 13
84 46
84 47
84 50
84 71
84 73
84 76
84 77
84 85
85 12
85 13
85 38
85 39
85 46
85 71
85 72
85 88
86 13
86 38
86 39
86 50
86 56
86 57
86 72
86 79
86 86
86 87
86 89
86 90
87 14
87 48
87 49
87 50
87 57
87 79
87 80
87 86
87 87
87 89
87 90
88 24
88 25
88 49
88 50
88 54
88 55
88 56
88 80
88 81
88 87
88 89
89 23
89 26
89 54
89 55
89 77
89 78
89 80
89 86
89 91
90 24
90 25
90 77
90 79
90 86
90 88
90 89
90 91
91 77
91 86
91 91
92 46
92 88
92 90
93 46
93 87
93 88
93 90
93 91
94 13
94 14
94 46
94 74
94 75
94 87
94 88
94 90
94 91
95 2
95 3
95 13
95 14
95 76
95 82
95 83
95 89
96 1
96 4
96 63
96 64
96 70
96 71
96 75
96 76
96 79
96 83
96 84
97 2
97 3
97 64
97 70
97 72
97 75
97 78
97 80
97 91
98 7
98 8
98 25
98 26
98 60
98 64
98 70
98 71
98 72
98 75
98 77
98 79
98 90
98 91
99 7
99 8
99 15
99 16
99 25
99 26
99 60
99 64
99 65
99 72
99 74
99 77
99 79
99 80
99 81
99 90
99 91
99 93
