0 6
0 8
0 14
0 17
0 42
0 44
0 45
0 46
0 89
0 90
0 91
0 93
0 94
0 95
1 4
1 5
1 6
1 15
1 16
1 36
1 37
1 41
1 43
1 45
1 46
1 91
2 4
2 35
2 38
2 42
2 43
2 44
2 89
2 90
2 91
2 94
2 96
3 23
3 24
3 36
3 37
3 48
3 91
3 92
3 96
4 11
4 12
4 13
4 22
4 25
4 46
4 47
4 48
4 49
4 92
4 94
5 23
5 25
5 45
5 46
5 47
5 49
6 24
6 44
6 45
7 34
7 35
7 36
7 45
7 49
7 50
7 53
7 54
8 30
8 46
8 47
8 48
8 49
8 50
8 53
8 56
8 65
9 30
9 47
9 48
9 49
9 53
9 56
9 61
9 65
10 30
10 54
10 56
10 61
10 66
11 42
11 43
11 51
11 62
11 64
11 65
11 67
11 70
12 50
12 52
12 62
12 64
12 65
12 68
12 71
13 41
13 42
13 43
13 44
13 49
13 50
13 52
13 68
13 70
14 35
14 41
14 42
14 43
14 49
14 52
15 23
15 24
15 35
15 48
15 49
15 50
15 52
15 89
15 90
15 91
16 21
16 22
16 25
16 35
16 41
16 44
16 47
16 49
16 50
16 52
17 21
17 25
17 40
17 41
17 43
17 47
17 91
17 92
18 41
18 47
18 92
19 16
19 21
19 22
19 23
19 42
19 43
19 44
19 46
19 92
20 4
20 15
20 17
20 18
20 23
20 44
21 4
21 16
21 17
21 18
21 20
21 21
21 22
21 23
21 24
21 25
21 88
21 89
21 90
21 94
21 95
21 96
22 4
22 16
22 19
22 22
22 23
22 24
22 65
22 78
23 19
23 20
23 23
23 24
23 52
23 53
23 63
23 64
23 66
23 77
23 78
23 79
23 92
24 52
24 53
24 63
24 64
24 77
24 79
24 80
24 91
24 92
25 62
25 66
25 67
25 75
25 77
25 80
25 81
25 82
25 84
25 85
26 37
26 63
26 64
26 65
26 66
26 75
26 76
26 81
26 83
26 85
26 90
26 91
27 37
27 63
27 64
27 65
27 80
27 81
27 83
27 84
27 89
27 93
28 37
28 64
28 83
28 89
29 9
29 10
29 62
29 63
29 64
29 65
29 79
29 80
29 83
29 85
29 89
29 90
29 92
29 93
29 98
30 8
30 11
30 61
30 62
30 64
30 65
30 78
30 79
30 80
30 83
30 85
30 91
30 97
30 99
31 9
31 10
31 60
31 61
31 63
31 66
31 77
31 80
31 95
31 96
31 98
31 99
32 11
32 60
32 63
32 64
32 77
32 81
32 85
32 95
32 96
32 98
32 99
33 3
33 4
33 10
33 59
33 60
33 61
33 64
33 78
33 79
33 80
33 81
33 88
33 95
33 96
33 98
33 99
34 2
34 5
34 10
34 15
34 16
34 19
34 20
34 51
34 65
34 66
34 67
34 80
34 82
34 83
34 97
34 99
35 0
35 3
35 4
35 15
35 21
35 50
35 52
35 84
35 85
35 86
35 87
35 98
35 99
36 0
36 15
36 22
36 51
36 66
36 67
36 86
37 16
37 17
37 18
37 20
37 22
37 48
37 49
37 50
37 65
37 66
37 67
38 17
38 19
38 20
38 22
38 41
38 42
38 47
38 49
38 50
38 65
38 67
38 68
39 21
39 39
39 40
39 42
39 47
39 50
39 64
40 39
40 48
40 49
40 68
40 69
40 70
41 10
41 39
41 42
41 65
41 68
41 69
42 8
42 9
42 10
42 11
42 13
42 14
42 40
42 41
42 42
43 7
43 8
43 14
43 36
43 42
43 43
43 85
43 86
44 5
44 12
44 13
44 35
44 36
44 37
44 49
44 50
44 85
44 86
45 5
45 8
45 9
45 11
45 12
45 13
45 26
45 27
45 34
45 35
45 37
45 51
46 1
46 2
46 5
46 8
46 26
46 27
46 33
46 34
46 48
46 49
46 50
46 91
47 4
47 6
47 22
47 23
47 34
47 35
47 37
47 48
47 49
47 91
48 3
48 4
48 5
48 22
48 23
48 35
48 36
48 37
48 91
49 4
49 36
49 80
49 81
50 5
50 80
50 81
51 1
51 2
51 23
52 0
52 3
52 23
52 24
53 1
53 2
53 24
53 25
53 65
53 66
53 67
54 6
54 23
54 93
55 5
55 7
55 21
55 22
55 23
55 92
56 0
56 1
56 8
56 21
56 22
56 36
56 37
56 38
56 92
56 93
56 94
57 0
57 1
57 7
57 51
57 52
58 4
58 5
58 18
58 19
58 34
58 40
58 51
58 53
58 54
58 73
58 74
59 2
59 3
59 5
59 17
59 20
59 23
59 34
59 40
59 51
59 55
59 60
59 73
59 74
60 2
60 3
60 4
60 17
60 20
60 22
60 24
60 34
60 40
60 52
60 55
60 58
60 61
61 3
61 10
61 17
61 56
61 57
61 62
61 94
61 95
62 9
62 11
62 18
62 36
62 37
62 38
62 48
62 50
62 52
62 53
62 55
62 62
62 94
62 95
63 8
63 19
63 23
63 31
63 48
63 50
63 60
63 62
63 73
64 7
64 8
64 10
64 11
64 20
64 21
64 22
64 30
64 31
64 32
64 47
64 55
64 61
64 73
64 99
65 0
65 9
65 29
65 33
65 56
65 58
65 59
65 73
65 81
65 82
65 83
65 98
66 0
66 26
66 28
66 30
66 32
66 48
66 49
66 50
66 57
66 58
66 92
66 93
66 98
67 10
67 11
67 20
67 21
67 28
67 30
67 35
67 36
67 56
67 57
67 58
67 79
67 91
67 92
67 99
68 5
68 11
68 20
68 21
68 34
68 37
68 79
68 90
68 91
69 0
69 1
69 3
69 4
69 5
69 10
69 11
69 12
69 19
69 20
69 30
69 34
69 37
69 57
69 58
69 79
69 89
69 92
69 94
70 2
70 10
70 11
70 20
70 22
70 23
70 34
70 38
70 57
70 58
70 59
70 90
70 91
70 94
70 99
71 2
71 4
71 7
71 22
71 23
71 26
71 27
71 31
71 35
71 38
71 50
71 51
71 57
71 58
71 59
71 61
71 81
71 82
71 83
71 91
71 94
71 99
72 1
72 4
72 5
72 6
72 27
72 28
72 30
72 31
72 36
72 37
72 50
72 51
72 62
73 5
73 6
73 7
73 8
73 26
73 28
73 30
73 31
73 33
73 61
73 63
73 93
73 94
73 95
74 1
74 2
74 4
74 6
74 7
74 8
74 9
74 10
74 27
74 28
74 29
74 32
74 34
74 63
74 64
74 94
74 96
74 97
75 1
75 2
75 8
75 11
75 21
75 22
75 26
75 27
75 28
75 33
75 61
75 63
75 64
75 70
75 71
75 77
75 78
75 93
75 94
75 95
75 96
75 98
75 99
76 2
76 3
76 8
76 11
76 21
76 25
76 26
76 55
76 57
76 61
76 62
76 64
76 69
76 72
76 76
76 78
76 93
76 94
76 95
76 96
76 98
76 99
77 8
77 9
77 10
77 21
77 22
77 23
77 24
77 27
77 55
77 56
77 57
77 62
77 64
77 70
77 71
77 76
77 79
77 82
77 97
78 4
78 8
78 9
78 18
78 22
78 24
78 53
78 54
78 56
78 57
78 63
78 77
78 78
78 79
78 83
79 17
79 18
79 19
79 26
79 27
79 49
79 50
79 53
79 77
79 80
79 83
79 84
80 6
80 16
80 17
80 18
80 19
80 20
80 21
80 53
80 55
80 56
80 58
80 79
80 80
80 82
80 83
81 4
81 5
81 16
81 17
81 18
81 21
81 45
81 48
81 49
81 52
81 54
81 55
81 56
81 79
81 80
81 81
81 82
82 16
82 18
82 19
82 20
82 21
82 45
82 46
82 48
82 49
82 71
82 72
82 73
82 74
82 99
83 15
83 16
83 17
83 19
83 46
83 70
83 71
83 73
83 75
83 80
83 81
83 99
84 15
84 16
84 50
84 51
84 52
84 72
84 73
84 80
84 81
84 82
84 83
84 84
84 99
85 14
85 15
85 16
85 25
85 27
85 28
85 42
85 43
85 75
85 76
85 78
85 83
85 85
86 15
86 17
86 24
86 25
86 26
86 27
86 28
86 41
86 42
86 43
86 78
86 79
86 80
86 83
86 85
86 86
87 16
87 17
87 24
87 25
87 26
87 27
87 38
87 40
87 41
87 65
87 78
87 84
87 86
87 87
87 91
88 0
88 1
88 38
88 41
88 57
88 64
88 65
88 66
88 79
88 80
88 86
88 91
88 99
89 0
89 1
89 25
89 26
89 27
89 37
89 39
89 40
89 41
89 42
89 57
89 58
89 63
89 65
89 67
89 68
89 74
89 75
89 77
89 84
89 85
89 86
89 91
89 96
89 97
90 3
90 25
90 26
90 27
90 36
90 37
90 42
90 43
90 44
90 56
90 58
90 62
90 63
90 64
90 66
90 67
90 68
90 74
90 79
90 95
90 96
90 97
90 98
90 99
91 2
91 26
91 36
91 38
91 62
91 64
91 66
91 69
91 73
91 77
91 78
91 94
91 95
91 97
91 98
92 35
92 36
92 38
92 39
92 40
92 42
92 43
92 44
92 61
92 62
92 64
92 67
92 68
92 74
92 75
92 96
93 36
93 38
93 39
93 40
93 61
93 64
93 67
93 68
94 13
94 14
94 20
94 21
94 40
94 60
94 61
94 63
94 67
94 68
94 69
94 89
94 90
95 13
95 14
95 20
95 21
95 46
95 47
95 63
95 65
95 68
95 69
95 70
95 95
95 96
96 46
96 47
96 60
96 61
96 62
96 71
96 89
96 90
96 91
96 95
96 97
97 8
97 46
97 60
97 64
97 65
97 67
97 68
97 69
97 70
97 90
97 91
97 97
98 8
98 25
98 26
98 45
98 46
98 47
98 66
98 67
98 68
98 69
98 92
98 97
99 6
99 9
99 10
99 15
99 16
99 25
99 26
99 43
99 47
99 89
99 90
99 91
99 92
99 96
