0 14
0 17
0 88
0 89
0 93
0 94
0 95
0 97
1 15
1 16
1 36
1 37
1 89
1 90
1 91
1 92
1 93
1 94
1 96
2 35
2 38
2 91
3 12
3 23
3 24
3 36
3 37
3 91
3 92
3 94
3 95
4 12
4 22
4 25
4 52
4 53
5 12
5 23
5 25
5 52
5 54
5 55
5 56
5 57
5 69
5 71
5 86
5 87
5 88
6 24
6 35
6 43
6 44
6 55
6 57
6 69
6 71
7 35
7 43
7 44
7 48
7 49
7 55
7 56
7 59
7 61
7 68
7 71
7 74
7 76
8 35
8 48
8 49
8 62
8 68
8 70
8 74
8 76
9 29
9 30
9 31
9 59
9 61
9 68
9 71
9 74
9 75
9 77
10 60
10 69
10 71
10 72
11 70
11 71
11 72
12 86
13 85
13 87
13 90
13 91
14 18
14 85
14 87
14 88
14 90
14 91
15 19
15 23
15 34
15 35
15 36
15 69
15 71
15 72
15 73
15 83
15 84
15 86
15 87
15 88
15 90
15 91
16 19
16 21
16 22
16 24
16 72
16 73
16 82
16 85
16 94
17 22
17 24
17 68
17 70
17 72
17 73
17 75
17 76
17 77
17 83
17 84
17 85
17 89
17 90
17 94
18 22
18 40
18 41
18 68
18 69
18 70
18 71
18 72
18 75
18 83
18 84
18 86
18 87
18 89
18 94
19 18
19 19
19 21
19 40
19 41
19 67
19 75
19 80
19 82
19 83
19 85
19 86
19 88
20 22
20 68
20 69
20 70
20 71
20 76
20 83
20 86
20 88
21 3
21 4
21 5
21 19
21 21
21 68
21 72
21 83
21 87
22 20
22 69
22 70
22 71
22 72
22 79
23 14
23 16
23 52
23 53
23 68
23 71
24 15
24 52
24 53
24 69
24 70
24 71
25 68
25 70
25 71
25 78
25 79
25 81
25 82
26 12
26 13
26 20
26 21
26 66
26 67
26 68
26 69
26 70
26 71
26 77
26 79
26 80
27 11
27 13
27 20
27 21
27 36
27 37
27 38
27 66
27 69
27 70
27 71
27 72
27 77
27 79
28 12
28 52
28 53
28 54
28 66
28 69
28 78
29 5
29 6
29 7
29 12
29 13
29 18
29 66
29 69
30 7
30 8
30 12
30 13
30 17
30 19
30 66
30 83
30 87
30 88
31 2
31 3
31 8
31 10
31 11
31 12
31 13
31 14
31 16
31 17
31 20
31 69
31 81
31 82
31 84
31 85
32 1
32 2
32 3
32 4
32 5
32 6
32 10
32 14
32 15
32 17
32 20
32 68
32 71
32 72
32 81
32 82
32 84
32 85
32 86
32 87
32 88
33 1
33 3
33 4
33 5
33 6
33 7
33 8
33 9
33 14
33 19
33 20
33 35
33 69
33 70
33 71
33 82
33 84
33 86
34 5
34 9
34 17
34 18
34 19
34 35
34 58
34 59
34 60
34 70
34 81
34 86
35 7
35 9
35 10
35 12
35 17
35 18
35 35
35 58
35 81
35 83
35 84
35 86
36 7
36 8
36 10
36 12
36 14
36 15
36 44
36 51
36 55
36 57
36 58
36 62
36 81
36 86
37 0
37 1
37 2
37 9
37 31
37 32
37 33
37 37
37 38
37 40
37 45
37 51
37 55
37 58
37 62
37 83
37 85
38 3
38 9
38 10
38 13
38 38
38 44
38 50
38 51
38 57
38 58
38 62
38 82
38 83
38 85
38 86
38 99
39 4
39 10
39 13
39 35
39 54
39 55
39 58
39 82
39 83
39 85
39 86
39 98
40 12
40 13
40 35
40 40
40 44
40 48
40 53
40 54
40 55
40 58
40 59
40 60
40 84
40 98
41 0
41 1
41 5
41 12
41 13
41 35
41 41
41 44
41 47
41 49
41 50
41 51
41 52
41 53
41 54
41 98
42 1
42 11
42 49
42 51
42 52
42 90
42 91
42 92
43 2
43 4
43 49
43 85
43 86
43 90
43 93
44 51
44 53
44 54
44 85
44 86
44 87
44 89
45 24
45 25
45 49
45 53
45 89
45 91
45 92
45 93
46 24
46 25
46 49
46 52
46 88
46 89
46 90
46 91
47 49
47 50
47 51
47 87
47 88
47 90
48 47
48 48
48 49
48 86
48 88
49 48
49 80
49 81
50 48
50 49
50 50
50 80
50 81
50 85
51 50
51 51
51 85
51 89
52 34
52 50
52 52
52 85
53 33
53 34
53 35
53 51
53 86
54 16
54 33
54 36
54 43
54 88
54 89
54 98
55 2
55 3
55 4
55 16
55 34
55 35
55 36
55 42
55 83
55 84
55 98
56 16
56 35
56 42
56 44
56 98
57 43
57 90
58 27
58 28
58 90
58 91
59 26
59 30
59 54
59 55
59 91
59 92
60 27
60 30
60 32
60 40
60 41
60 45
60 46
60 47
60 54
60 55
60 88
60 89
60 90
60 92
61 28
61 31
61 32
61 40
61 42
61 75
61 76
61 88
61 89
61 90
61 91
62 30
62 33
62 41
62 43
62 74
62 77
62 88
62 89
62 90
63 30
63 33
63 42
63 74
63 76
63 87
63 88
64 30
64 31
64 32
64 75
64 87
64 89
64 91
64 92
65 78
65 79
65 80
65 89
65 93
66 68
66 89
66 92
67 67
67 69
67 90
67 91
68 50
68 51
68 62
68 63
68 64
68 66
68 70
68 90
68 91
69 50
69 51
69 61
69 68
69 70
69 77
70 61
70 66
70 68
70 69
70 70
70 76
70 81
70 82
71 64
71 65
71 68
71 69
71 77
71 78
71 79
71 80
71 81
71 82
72 64
72 65
72 68
72 82
72 94
72 95
72 96
73 4
73 5
73 6
73 57
73 58
73 59
73 68
73 72
73 79
73 81
74 4
74 7
74 57
74 58
74 59
74 60
74 63
74 68
74 73
74 79
74 81
75 5
75 7
75 8
75 9
75 44
75 45
75 46
75 61
75 62
75 67
75 72
75 73
75 80
76 8
76 9
76 16
76 17
76 18
76 44
76 45
76 46
76 62
76 68
76 72
76 73
77 7
77 8
77 16
77 17
77 18
77 43
77 48
78 6
78 7
78 9
78 15
78 18
78 19
78 43
78 44
78 45
78 71
78 72
78 73
79 7
79 8
79 9
79 13
79 44
79 45
79 48
80 8
80 13
80 14
80 16
80 17
80 19
80 23
80 44
81 13
81 14
81 16
81 18
81 23
81 67
81 79
82 16
82 17
82 18
82 23
82 66
82 68
82 74
82 75
82 77
82 78
82 80
82 81
83 0
83 49
83 51
83 68
83 74
83 75
83 79
83 98
83 99
84 45
84 67
85 8
85 9
85 10
85 44
85 46
85 48
85 51
86 43
86 48
86 49
86 50
86 56
86 57
87 43
87 44
87 55
87 58
87 84
87 85
87 87
87 88
88 24
88 25
88 43
88 44
88 47
88 48
88 56
88 57
88 85
88 87
89 23
89 26
89 44
89 45
89 46
89 47
89 86
89 87
89 88
89 89
90 24
90 25
90 45
90 46
90 47
90 88
90 90
91 73
92 46
92 72
92 73
92 74
92 92
93 46
93 64
93 65
93 66
93 71
93 73
93 74
93 88
93 92
93 93
94 13
94 14
94 46
94 63
94 66
94 69
94 73
94 74
94 92
95 2
95 3
95 13
95 14
95 63
95 69
95 73
95 92
96 1
96 4
96 63
96 69
96 73
96 89
96 92
97 2
97 3
97 63
97 64
97 69
97 71
97 80
97 81
97 90
97 91
97 95
97 96
97 97
97 98
98 7
98 8
98 25
98 26
98 64
98 65
98 69
98 71
98 80
98 81
98 92
98 95
98 98
99 7
99 8
99 15
99 16
99 25
99 26
99 65
99 69
99 70
99 71
99 88
99 94
99 95
99 97
99 98
