0 2
0 3
0 6
0 14
0 17
0 53
0 55
0 56
1 2
1 3
1 15
1 16
1 36
1 37
1 42
1 54
1 55
1 94
1 95
1 96
2 3
2 4
2 35
2 38
2 43
2 44
2 46
2 94
2 96
3 5
3 6
3 8
3 23
3 24
3 36
3 37
3 43
3 44
3 48
3 65
3 66
3 67
3 90
3 91
3 92
3 94
3 95
3 96
4 7
4 11
4 12
4 13
4 22
4 25
4 44
4 90
4 91
5 23
5 25
5 48
5 49
5 60
6 24
6 45
6 46
6 48
6 49
6 60
6 61
6 62
7 34
7 35
7 36
7 47
7 54
7 57
7 60
7 61
7 62
7 63
7 64
7 92
7 93
8 30
8 51
8 52
8 54
8 55
8 61
8 64
8 65
8 92
8 93
9 30
9 61
9 66
10 30
10 49
10 50
10 52
10 61
10 62
10 63
10 64
10 67
11 49
11 50
11 52
11 62
11 66
12 49
12 50
12 51
12 52
12 53
12 62
12 63
12 64
12 65
13 50
13 53
13 62
13 63
13 64
13 91
13 92
13 93
14 19
14 20
14 35
14 44
14 45
14 46
14 50
14 51
14 52
15 18
15 20
15 23
15 24
15 35
15 43
15 47
15 51
15 95
16 17
16 20
16 21
16 23
16 24
16 35
16 44
16 45
16 46
16 88
16 89
16 90
16 95
17 18
17 20
17 21
17 23
17 45
17 89
17 91
17 92
17 93
17 95
18 21
18 22
18 23
18 88
18 89
18 91
18 92
18 93
19 18
19 23
19 24
19 25
19 59
19 88
19 89
19 90
19 93
20 4
20 17
20 20
20 23
20 25
20 58
20 60
20 88
20 89
20 90
20 93
20 94
20 95
21 4
21 16
21 17
21 19
21 20
21 23
21 25
21 57
21 90
21 93
22 4
22 17
22 19
22 20
22 22
22 23
22 58
22 61
22 62
23 13
23 14
23 18
23 25
23 26
23 52
23 53
23 58
23 61
23 73
24 12
24 14
24 52
24 53
24 58
24 59
24 64
24 65
24 73
25 13
25 42
25 57
25 58
25 60
25 62
25 63
25 65
25 66
26 20
26 21
26 40
26 41
26 62
26 65
26 87
26 88
27 0
27 22
27 40
27 41
27 42
27 63
27 64
27 78
27 79
27 80
27 86
27 89
27 99
28 1
28 20
28 40
28 42
28 79
28 80
28 87
28 89
28 98
29 2
29 7
29 21
29 22
29 23
29 41
29 74
29 81
29 88
30 7
30 75
30 76
30 82
31 7
31 21
31 70
31 71
31 76
31 78
31 97
32 3
32 4
32 5
32 19
32 20
32 63
32 69
32 70
32 77
32 80
32 81
32 86
32 98
33 0
33 3
33 4
33 5
33 9
33 10
33 11
33 19
33 20
33 22
33 62
33 63
33 64
33 69
33 70
33 77
33 79
33 85
33 86
33 87
33 98
33 99
34 0
34 20
34 21
34 51
34 62
34 65
34 69
34 70
34 71
34 72
34 73
34 78
34 85
34 87
34 88
34 99
35 50
35 52
35 63
35 64
35 65
35 71
35 85
35 86
35 87
36 21
36 51
36 53
36 64
36 84
36 86
36 87
37 0
37 1
37 20
37 21
37 52
37 53
37 84
37 86
38 0
38 1
38 43
38 85
39 42
39 44
39 55
39 56
39 57
39 67
40 43
40 48
40 49
40 50
40 54
40 58
40 67
41 11
41 12
41 13
41 47
41 48
41 51
41 53
41 57
41 67
41 87
41 88
42 14
42 15
42 46
42 50
42 51
42 53
42 57
42 87
43 10
43 14
43 16
43 46
43 47
43 54
43 55
43 89
43 91
43 97
43 98
44 15
44 16
44 46
44 47
44 81
44 82
44 90
44 96
44 98
45 11
45 12
45 13
45 15
45 16
45 26
45 27
45 41
45 46
45 47
45 83
45 85
45 86
45 90
45 97
46 12
46 15
46 26
46 40
46 41
46 42
46 45
46 46
46 47
46 86
47 0
47 1
47 14
47 15
47 41
47 42
47 44
47 45
47 48
47 56
47 87
47 88
47 89
47 99
48 2
48 14
48 42
48 44
48 45
48 47
48 55
48 57
48 86
48 89
49 1
49 2
49 46
49 55
49 58
49 80
49 81
49 87
49 88
49 97
50 56
50 59
50 80
50 81
50 99
51 56
51 57
51 58
51 62
51 63
51 96
52 58
52 61
52 64
52 96
52 97
52 98
53 22
53 23
53 24
54 22
54 25
54 61
54 62
54 63
54 66
54 69
55 2
55 3
55 22
55 26
55 69
56 2
56 26
56 65
57 2
57 20
57 21
57 26
57 66
57 94
57 95
57 96
57 98
57 99
58 0
58 20
58 21
58 25
58 59
58 60
58 73
58 74
58 93
58 94
58 99
59 20
59 21
59 23
59 38
59 45
59 59
59 62
59 63
59 73
59 74
59 92
59 96
59 97
60 14
60 15
60 36
60 37
60 40
60 41
60 45
60 53
60 55
60 62
60 63
60 64
60 92
60 93
60 94
61 37
61 44
61 52
61 56
61 60
61 64
61 93
62 12
62 13
62 15
62 29
62 33
62 38
62 53
62 57
62 61
62 62
62 92
63 11
63 15
63 28
63 29
63 33
63 38
63 42
63 57
63 73
63 92
64 14
64 15
64 28
64 34
64 40
64 45
64 47
64 55
64 58
64 73
65 14
65 15
65 16
65 45
65 49
65 50
65 54
65 55
65 58
65 73
65 81
65 82
65 83
66 5
66 6
66 11
66 15
66 16
66 17
66 35
66 45
66 51
66 60
67 4
67 7
67 11
67 13
67 14
67 15
67 17
67 18
67 36
67 50
67 56
67 60
67 61
67 79
68 0
68 10
68 11
68 13
68 14
68 16
68 18
68 19
68 23
68 24
68 31
68 49
68 60
68 79
68 92
68 94
68 98
69 1
69 11
69 12
69 19
69 20
69 23
69 30
69 31
69 32
69 36
69 60
69 79
69 92
69 95
69 97
70 2
70 21
70 22
70 24
70 30
70 33
70 35
70 56
70 60
70 62
70 64
70 92
70 94
70 98
71 3
71 4
71 5
71 8
71 9
71 15
71 16
71 21
71 22
71 24
71 25
71 31
71 35
71 50
71 51
71 54
71 55
71 57
71 58
71 60
71 65
71 81
71 82
71 83
72 6
72 9
72 15
72 16
72 22
72 25
72 32
72 33
72 34
72 50
72 51
72 54
72 55
72 60
72 62
72 64
72 99
73 5
73 6
73 9
73 19
73 21
73 22
73 24
73 25
73 54
73 55
73 56
73 62
73 99
74 3
74 7
74 8
74 18
74 20
74 22
74 23
74 62
74 63
74 97
75 0
75 1
75 4
75 6
75 17
75 22
75 23
75 62
75 63
75 70
75 96
75 98
76 4
76 5
76 6
76 18
76 20
76 63
76 70
76 71
76 96
77 5
77 6
77 54
77 55
77 56
77 59
77 60
77 61
77 62
77 71
77 77
77 97
77 98
78 13
78 22
78 23
78 24
78 53
78 55
78 56
78 61
78 62
78 77
78 78
79 12
79 13
79 14
79 52
79 56
79 57
79 58
79 59
79 76
79 77
80 11
80 12
80 15
80 51
80 55
80 57
80 59
80 98
80 99
81 10
81 11
81 13
81 16
81 25
81 27
81 28
81 51
81 54
81 55
81 57
81 58
81 59
81 97
81 99
82 12
82 13
82 14
82 15
82 16
82 17
82 25
82 28
82 51
82 52
82 57
82 97
82 98
83 12
83 17
83 25
83 26
83 27
83 53
83 54
83 55
83 97
84 13
84 14
84 16
84 17
84 54
84 55
84 80
84 82
85 10
85 11
85 16
85 42
85 43
85 79
85 83
86 10
86 11
86 12
86 16
86 42
86 43
86 72
86 73
86 74
86 78
86 82
86 83
86 84
86 85
87 11
87 12
87 16
87 72
87 73
87 74
87 84
87 85
87 86
87 87
87 94
88 69
88 70
88 76
88 81
88 82
88 83
88 86
88 88
88 92
88 93
88 95
88 96
89 1
89 14
89 15
89 16
89 38
89 39
89 40
89 67
89 72
89 73
89 76
89 78
89 81
89 82
89 86
89 89
89 94
90 0
90 4
90 11
90 12
90 66
90 69
90 71
90 72
90 73
90 74
90 76
90 77
90 78
90 79
90 87
90 88
91 0
91 3
91 4
91 11
91 12
91 36
91 42
91 66
91 67
91 74
91 79
91 80
91 81
91 82
91 86
91 87
92 2
92 36
92 42
92 53
92 66
92 80
92 81
92 82
93 36
93 42
93 53
93 54
93 66
93 72
93 73
93 81
93 82
94 3
94 13
94 14
94 20
94 21
94 52
94 54
94 66
94 67
94 69
94 71
94 89
94 90
95 2
95 4
95 13
95 14
95 20
95 21
95 38
95 39
95 40
95 44
95 45
95 46
95 60
95 66
95 67
95 69
95 70
95 87
95 88
95 91
96 1
96 3
96 4
96 44
96 47
96 60
96 87
96 91
96 98
96 99
97 1
97 2
97 45
97 46
97 47
97 60
97 98
98 0
98 25
98 26
98 46
98 47
98 88
98 92
98 98
98 99
99 4
99 5
99 15
99 16
99 25
99 26
99 89
99 90
99 91
