0 14
0 17
0 60
0 64
0 65
0 66
0 78
0 79
0 83
0 92
0 93
0 94
1 15
1 16
1 36
1 37
1 60
1 61
1 64
1 66
1 80
1 81
1 82
1 93
1 94
2 35
2 38
2 56
2 57
2 58
2 61
2 65
3 12
3 23
3 24
3 36
3 37
3 55
3 59
4 12
4 22
4 25
4 54
4 60
5 12
5 23
5 25
5 53
5 57
5 61
5 66
5 67
5 68
5 86
5 87
5 88
5 96
5 97
6 24
6 35
6 43
6 44
6 53
6 56
6 59
6 61
6 66
6 68
6 94
6 96
7 35
7 43
7 44
7 53
7 56
7 61
7 66
7 67
7 68
7 94
8 35
8 54
8 55
8 56
8 72
9 29
9 30
9 31
9 56
9 61
9 72
10 59
10 60
10 64
10 65
10 72
10 73
11 59
11 60
11 62
11 64
11 65
12 60
12 61
12 65
12 66
13 65
13 66
13 74
13 75
14 19
14 66
14 70
14 90
14 91
14 92
15 18
15 19
15 20
15 34
15 35
15 36
15 65
15 66
15 67
15 68
15 69
15 71
15 82
15 83
15 84
16 18
16 21
16 64
16 66
16 67
16 72
16 81
16 84
16 94
17 19
17 22
17 63
17 64
17 65
17 67
17 72
17 80
17 81
17 82
17 83
17 94
18 22
18 40
18 41
18 64
18 67
18 68
18 79
18 85
18 86
18 87
18 88
18 94
19 19
19 40
19 41
19 64
19 65
19 66
19 68
19 80
19 81
19 82
19 83
20 14
20 23
20 64
20 65
20 69
20 70
20 80
20 81
20 83
20 88
20 90
20 91
20 92
21 3
21 4
21 5
21 12
21 13
21 17
21 18
21 22
21 24
21 25
21 69
21 70
21 82
21 85
21 86
21 87
22 12
22 13
22 14
22 16
22 17
22 21
22 23
22 24
22 26
23 11
23 12
23 13
23 17
23 26
23 52
23 53
24 18
24 19
24 20
24 23
24 26
24 52
24 53
24 67
24 68
25 18
25 68
26 17
26 20
26 22
26 69
26 75
26 78
27 17
27 36
27 37
27 38
27 66
27 67
27 68
27 74
27 75
27 79
28 13
28 17
28 25
28 52
28 53
28 54
28 66
28 67
28 68
28 75
28 79
29 9
29 10
29 11
29 12
29 14
29 20
29 24
29 77
29 84
29 85
30 8
30 10
30 15
30 21
30 22
30 23
30 77
30 82
30 86
30 87
30 89
31 8
31 11
31 65
31 66
31 82
31 86
31 88
31 89
31 90
32 8
32 9
32 10
32 14
32 65
32 66
32 84
32 85
32 88
32 91
33 8
33 10
33 11
33 12
33 89
34 7
34 8
34 9
34 13
34 17
34 18
34 30
34 58
34 59
34 60
34 83
34 84
35 6
35 7
35 9
35 11
35 16
35 21
35 29
35 83
35 84
36 2
36 3
36 4
36 7
36 9
36 11
36 22
36 29
36 33
36 56
36 62
37 2
37 3
37 9
37 12
37 14
37 15
37 16
37 22
37 30
37 31
37 33
37 34
37 56
37 62
38 8
38 9
38 12
38 14
38 15
38 16
38 17
38 18
38 21
38 30
38 31
38 33
38 56
38 62
39 3
39 4
39 10
39 11
39 12
39 13
39 19
39 20
39 21
39 31
39 45
39 46
39 47
40 3
40 11
40 12
40 13
40 19
40 20
40 44
40 45
40 46
40 47
40 58
40 59
40 60
41 32
41 43
41 48
42 13
42 14
42 44
42 47
43 32
43 33
43 44
43 47
43 85
43 86
44 85
44 86
44 96
44 97
45 24
45 25
45 95
45 96
46 24
46 25
46 96
46 97
47 90
47 91
47 92
47 97
47 98
47 99
48 99
49 80
49 81
49 99
50 37
50 80
50 81
51 36
51 37
51 38
51 50
51 51
52 36
52 37
52 39
52 50
52 52
53 39
53 40
53 51
54 16
54 40
54 41
54 98
55 2
55 3
55 4
55 16
55 39
55 41
55 98
56 16
56 36
56 37
56 53
56 54
56 55
56 85
56 98
57 37
57 43
57 44
57 52
57 56
57 84
57 85
57 86
58 37
58 42
58 43
58 44
58 52
58 56
58 83
58 86
58 87
59 33
59 36
59 37
59 43
59 44
59 51
59 53
59 83
59 84
59 88
60 33
60 35
60 36
60 40
60 41
60 51
60 52
60 55
60 56
60 88
60 89
61 16
61 32
61 33
61 35
61 40
61 41
61 43
61 44
61 52
61 53
61 54
61 55
61 56
61 88
61 89
61 90
62 15
62 17
62 33
62 35
62 36
62 37
62 39
62 40
62 43
62 53
62 54
62 55
62 56
62 88
62 89
63 14
63 18
63 33
63 37
63 40
63 42
63 83
63 84
63 88
64 15
64 18
64 39
64 40
64 76
64 77
64 78
64 83
64 86
64 87
65 34
65 36
65 75
65 78
65 84
65 85
65 86
66 15
66 18
66 35
66 36
66 85
67 16
67 36
67 60
67 62
67 75
67 76
68 17
68 35
68 37
68 50
68 51
68 60
68 62
68 70
68 71
68 75
68 80
68 81
68 82
68 88
68 89
69 35
69 37
69 50
69 51
69 57
69 58
69 61
69 69
69 72
69 80
69 83
69 87
69 89
70 26
70 36
70 57
70 58
70 59
70 68
70 69
70 72
70 73
70 77
70 78
70 89
71 26
71 58
71 59
71 60
71 69
71 70
71 72
71 75
71 77
72 21
72 23
72 24
72 25
72 26
72 58
72 61
72 75
72 76
72 78
72 79
72 94
72 95
72 96
73 22
73 31
73 58
73 61
73 75
73 76
73 77
73 83
74 9
74 10
74 11
74 22
74 27
74 31
74 32
74 61
74 79
74 80
74 83
74 84
74 92
75 8
75 10
75 11
75 12
75 13
75 27
75 28
75 29
75 58
75 60
75 66
75 67
75 82
75 83
75 92
76 8
76 13
76 16
76 18
76 29
76 31
76 65
76 68
76 78
76 79
76 80
76 81
77 10
77 12
77 14
77 18
77 21
77 22
77 30
77 31
77 65
77 67
77 69
77 70
77 78
77 79
78 9
78 10
78 12
78 19
78 20
78 28
78 64
78 65
78 69
78 70
78 71
78 72
78 79
78 81
79 10
79 12
79 18
79 27
79 68
79 69
79 70
79 71
79 72
79 80
79 81
80 11
80 12
80 24
80 26
80 30
81 11
81 12
81 17
81 18
81 24
81 25
81 29
81 72
81 73
81 74
82 13
82 18
82 21
82 23
82 25
82 28
82 48
82 49
82 50
82 70
82 71
82 73
82 76
82 85
82 86
83 0
83 13
83 15
83 16
83 17
83 26
83 46
83 50
83 51
83 70
83 71
83 73
83 76
83 77
83 78
83 84
83 86
83 98
83 99
84 16
84 17
84 46
84 52
84 53
84 71
84 72
84 85
85 13
85 14
85 15
85 38
85 39
85 46
85 49
85 51
85 52
85 72
85 73
86 13
86 14
86 15
86 38
86 39
86 52
86 54
86 56
86 57
86 87
86 88
86 89
87 49
87 50
87 51
87 52
87 54
87 56
87 78
87 79
87 80
87 87
87 88
87 89
88 24
88 25
88 50
88 51
88 52
88 53
88 54
88 55
88 79
88 80
88 85
88 91
89 23
89 26
89 51
89 52
89 79
89 80
89 85
89 87
89 89
89 91
90 24
90 25
90 78
91 76
91 77
91 86
91 88
91 90
91 92
92 46
92 86
92 92
93 46
93 88
93 89
93 90
94 13
94 14
94 46
94 74
94 80
94 82
94 88
94 89
94 90
95 2
95 3
95 13
95 14
95 74
95 75
95 80
95 82
96 1
96 4
96 63
96 64
96 70
96 71
96 75
96 82
97 2
97 3
97 64
97 70
97 73
97 75
97 77
97 79
97 80
97 84
97 91
97 93
98 7
98 8
98 25
98 26
98 61
98 71
98 72
98 73
98 74
98 75
98 77
98 84
98 91
99 7
99 8
99 15
99 16
99 25
99 26
99 61
99 62
99 72
99 73
99 74
99 78
99 79
99 91
