0 3
0 4
0 5
0 14
0 17
0 45
0 46
0 48
0 49
0 54
0 55
0 56
0 57
0 58
0 59
0 74
0 75
0 90
0 96
1 4
1 15
1 16
1 36
1 37
1 46
1 47
1 48
1 55
1 56
1 57
1 91
1 92
2 3
2 35
2 38
2 47
2 66
2 91
2 92
2 99
3 0
3 3
3 12
3 23
3 24
3 36
3 37
3 66
3 96
4 1
4 12
4 22
4 25
4 66
4 95
5 12
5 23
5 25
6 6
6 7
6 24
6 35
7 6
7 7
7 35
7 92
7 93
8 19
8 20
8 35
8 52
8 54
8 57
8 58
8 59
8 92
8 93
9 19
9 21
9 29
9 30
9 31
9 52
9 53
9 57
9 60
9 61
10 22
10 53
10 57
10 58
10 61
11 19
11 22
11 39
11 59
11 60
11 61
11 93
12 19
12 22
12 38
12 40
12 93
13 20
13 21
13 35
13 37
13 38
13 40
13 44
14 33
14 36
14 37
14 38
14 40
14 75
15 34
15 35
15 43
15 44
15 74
15 76
15 87
15 92
16 43
16 44
16 86
16 87
16 92
16 93
17 74
17 75
17 86
17 87
17 92
19 21
19 48
19 49
19 79
19 80
20 20
20 21
20 22
20 78
20 79
21 3
21 4
21 5
21 19
21 22
21 23
21 64
21 65
21 71
21 72
21 78
21 79
21 85
21 86
21 91
21 92
22 18
22 19
22 20
22 22
22 23
22 41
22 71
22 72
22 73
22 75
22 76
22 77
22 84
22 86
22 88
22 89
22 92
23 13
23 14
23 18
23 21
23 23
23 24
23 38
23 42
23 56
23 57
23 71
23 72
23 76
23 83
23 86
23 88
23 89
23 90
23 91
24 12
24 14
24 19
24 21
24 43
24 53
24 54
24 55
24 58
24 59
24 72
24 76
24 81
24 85
24 86
24 88
24 89
25 13
25 22
25 24
25 25
25 39
25 43
25 52
25 54
25 55
25 56
25 59
25 63
25 73
25 75
25 80
25 84
25 85
26 24
26 25
26 26
26 27
26 43
26 52
26 54
26 57
26 58
26 59
26 63
26 74
26 80
26 84
26 85
27 18
27 19
27 20
27 24
27 27
27 42
27 79
27 80
27 83
27 85
27 87
28 18
28 19
28 21
28 22
28 25
28 26
28 39
28 40
28 41
28 80
28 82
28 87
28 88
28 89
29 0
29 18
29 21
29 22
29 24
29 25
29 26
29 81
29 82
29 83
29 88
29 89
29 95
29 96
29 97
29 98
29 99
30 0
30 1
30 2
30 19
30 70
30 71
30 72
30 81
30 82
30 84
30 95
30 96
30 97
30 98
30 99
31 0
31 3
31 22
31 71
31 77
31 78
31 83
31 84
31 94
31 95
32 20
32 21
32 22
32 52
32 57
32 76
32 79
32 99
33 0
33 1
33 2
33 3
33 7
33 21
33 51
33 53
33 54
33 55
33 56
33 57
33 58
33 71
33 77
33 78
33 94
34 0
34 1
34 6
34 7
34 51
34 54
34 55
34 56
34 57
34 58
34 59
34 71
35 5
35 7
35 52
35 53
35 54
35 55
35 59
35 60
35 85
36 5
36 58
36 59
36 85
37 0
37 1
37 6
37 7
37 8
37 9
37 11
37 12
37 44
37 45
37 79
37 80
37 84
37 86
37 93
37 94
38 0
38 1
38 7
38 8
38 9
38 24
38 25
38 43
38 93
38 94
39 8
39 23
39 26
39 43
39 44
39 81
39 82
39 84
39 85
39 86
39 88
39 89
39 92
39 94
40 8
40 12
40 24
40 29
40 42
40 46
40 66
40 67
40 68
40 78
40 80
40 81
40 83
40 87
40 89
40 91
40 92
40 93
41 8
41 9
41 10
41 15
41 77
41 78
41 79
41 80
41 81
41 83
41 87
41 89
41 93
42 14
42 25
42 29
42 40
42 41
42 48
42 49
42 81
42 88
42 90
42 91
42 92
43 9
43 10
43 13
43 14
43 26
43 43
43 49
43 50
43 58
43 79
43 81
43 85
43 87
43 88
43 90
43 92
43 97
43 98
44 7
44 9
44 10
44 13
44 14
44 21
44 25
44 46
44 47
44 56
44 57
44 59
44 60
44 63
44 65
44 79
44 87
44 96
44 98
45 8
45 13
45 14
45 21
45 22
45 23
45 24
45 25
45 26
45 48
45 50
45 51
45 56
45 57
45 59
45 60
45 64
45 65
45 81
45 82
45 83
45 84
45 85
45 86
45 88
45 89
45 97
46 13
46 14
46 22
46 27
46 28
46 44
46 45
46 46
46 56
46 59
46 60
46 64
46 83
46 84
46 85
46 87
46 88
46 92
47 25
47 26
47 27
47 28
47 45
47 47
47 48
47 49
47 50
47 52
47 57
47 58
47 88
47 92
48 27
48 46
48 47
48 48
48 50
48 51
48 89
48 90
48 91
49 0
49 67
49 68
49 69
49 80
49 81
49 99
50 1
50 20
50 21
50 67
50 68
50 69
50 80
50 81
50 98
51 0
51 23
51 24
51 45
51 46
51 47
51 99
52 20
52 21
52 22
52 46
53 20
53 21
53 41
53 66
54 4
54 20
54 21
54 22
54 23
54 40
54 43
54 44
54 45
54 65
54 67
54 69
54 70
54 75
55 0
55 1
55 2
55 4
55 19
55 21
55 22
55 23
55 24
55 39
55 58
55 59
55 60
55 64
55 72
55 77
56 0
56 1
56 2
56 4
56 19
56 24
56 42
56 43
56 44
56 47
56 48
56 49
56 56
56 61
56 64
56 71
56 72
56 80
56 81
56 99
57 1
57 20
57 21
57 22
57 24
57 30
57 31
57 37
57 38
57 62
57 63
57 72
57 74
57 77
57 98
58 24
58 30
58 31
58 38
58 39
58 42
58 63
58 64
58 66
58 69
58 70
58 71
58 75
58 98
58 99
59 22
59 24
59 38
59 39
59 41
59 55
59 61
59 62
59 63
59 64
59 65
59 71
59 72
59 74
59 99
60 40
60 41
60 57
60 58
60 60
60 62
60 72
60 73
60 74
61 4
61 19
61 20
61 32
61 57
61 59
61 60
61 61
61 63
61 73
61 92
61 93
61 94
62 4
62 13
62 14
62 18
62 23
62 30
62 31
62 33
62 34
62 55
62 56
62 60
62 61
62 62
62 92
62 93
62 94
63 12
63 15
63 19
63 30
63 31
63 33
63 34
63 54
63 57
63 58
63 61
63 62
63 90
63 91
63 93
63 96
63 97
63 98
64 12
64 15
64 19
64 21
64 53
64 54
64 82
64 90
64 91
64 99
65 13
65 14
65 31
65 32
65 34
65 35
65 54
65 55
65 56
65 58
65 82
65 97
65 98
65 99
66 5
66 6
66 31
66 32
66 34
66 35
66 42
66 44
66 45
66 48
66 49
66 55
66 56
66 57
66 82
66 88
66 90
66 91
66 95
66 96
66 97
66 98
67 5
67 6
67 33
67 40
67 46
67 47
67 49
67 87
67 90
67 91
67 96
68 24
68 25
68 41
68 47
68 78
68 79
68 80
68 87
68 88
68 90
68 96
68 97
69 23
69 25
69 26
69 43
69 46
69 47
69 88
69 89
69 94
69 97
70 22
70 44
70 49
70 50
70 82
70 94
70 96
71 7
71 9
71 10
71 11
71 14
71 15
71 45
71 46
71 47
71 49
71 50
71 59
71 60
71 61
71 82
71 96
72 5
72 8
72 13
72 16
72 17
72 18
72 21
72 22
72 23
72 49
72 51
72 82
72 94
73 4
73 5
73 7
73 14
73 15
73 20
73 21
73 24
73 50
73 59
73 62
73 94
74 4
74 5
74 17
74 18
74 26
74 50
74 64
74 65
74 91
74 92
74 93
75 1
75 4
75 17
75 18
75 25
75 26
75 28
75 41
75 65
75 66
75 98
76 3
76 18
76 19
76 26
76 27
76 28
76 40
76 41
76 42
76 60
76 67
76 68
76 71
76 98
76 99
77 3
77 18
77 19
77 39
77 42
77 59
77 60
77 62
77 64
77 65
77 67
77 68
77 69
77 71
77 77
77 94
77 95
77 99
78 0
78 1
78 2
78 38
78 39
78 41
78 59
78 62
78 66
78 70
78 71
78 77
78 93
78 94
78 96
79 0
79 39
79 40
79 42
79 60
79 61
79 77
79 94
79 95
79 96
80 39
80 53
80 54
80 95
80 96
81 41
81 43
81 52
81 55
82 13
82 40
82 42
82 52
82 54
83 12
83 13
83 14
83 53
84 11
84 12
84 13
84 15
84 97
84 98
85 42
85 43
85 96
85 99
86 0
86 2
86 3
86 42
86 43
86 74
86 75
86 78
86 97
87 1
87 2
87 3
87 19
87 20
87 73
87 74
87 75
87 78
87 79
87 94
88 0
88 13
88 14
88 15
88 19
88 20
88 39
88 72
88 73
88 74
88 75
88 76
88 80
88 84
88 94
88 97
89 13
89 14
89 15
89 39
89 71
89 72
89 78
89 80
89 84
89 94
89 97
90 14
90 39
90 69
90 70
90 71
90 78
90 79
90 80
90 84
90 98
90 99
91 51
91 52
91 66
91 70
91 74
91 75
92 15
92 16
92 35
92 36
92 37
92 41
92 42
92 43
92 51
92 52
92 74
92 75
93 14
93 16
93 65
93 66
93 75
93 77
93 78
94 14
94 15
94 20
94 21
94 39
94 54
94 55
94 56
94 68
94 69
94 70
94 74
94 75
94 77
94 78
95 20
95 21
95 39
95 46
95 47
95 54
95 57
95 74
95 75
95 78
95 93
95 99
96 39
96 46
96 48
96 54
96 57
96 58
96 76
96 77
96 91
96 94
96 98
97 2
97 3
97 45
97 46
97 47
97 48
97 55
97 58
97 63
97 64
97 66
97 91
97 95
98 2
98 3
98 25
98 26
98 44
98 45
98 48
98 49
98 54
98 55
98 57
98 59
98 63
98 65
98 67
98 90
99 4
99 15
99 16
99 25
99 26
99 44
99 47
99 48
99 49
99 59
99 62
99 63
99 65
99 66
99 74
99 75
99 89
99 90
99 91
99 98
