0 0
0 2
0 4
0 6
0 10
0 15
0 16
0 19
0 20
0 22
0 23
0 24
0 26
0 32
0 33
0 35
0 39
0 41
0 44
0 45
0 48
0 49
0 51
0 57
0 65
0 67
0 68
0 69
0 73
0 77
0 78
0 83
0 84
0 87
0 89
0 90
0 91
0 95
0 96
1 5
1 8
1 9
1 10
1 15
1 18
1 20
1 21
1 25
1 26
1 34
1 35
1 38
1 39
1 42
1 43
1 47
1 50
1 52
1 56
1 59
1 60
1 62
1 67
1 70
1 72
1 77
1 79
1 82
1 84
1 89
1 91
1 98
2 0
2 2
2 3
2 4
2 8
2 9
2 11
2 12
2 14
2 15
2 16
2 21
2 25
2 26
2 27
2 28
2 31
2 37
2 41
2 45
2 47
2 49
2 51
2 52
2 53
2 55
2 56
2 61
2 63
2 64
2 72
2 74
2 75
2 77
2 84
2 93
2 94
2 98
2 99
3 3
3 5
3 9
3 13
3 17
3 18
3 19
3 21
3 22
3 24
3 25
3 28
3 30
3 33
3 34
3 41
3 45
3 48
3 49
3 50
3 52
3 53
3 55
3 57
3 63
3 64
3 67
3 81
3 87
3 91
3 94
3 96
3 99
4 4
4 6
4 7
4 8
4 9
4 10
4 13
4 16
4 23
4 27
4 33
4 39
4 41
4 42
4 44
4 50
4 53
4 61
4 62
4 65
4 66
4 69
4 71
4 72
4 74
4 76
4 79
4 80
4 84
4 85
4 86
4 87
4 91
4 92
4 93
4 97
4 98
5 0
5 5
5 6
5 7
5 9
5 11
5 12
5 13
5 18
5 19
5 24
5 30
5 32
5 33
5 34
5 39
5 42
5 45
5 46
5 47
5 49
5 51
5 56
5 60
5 61
5 63
5 72
5 73
5 74
5 78
5 80
5 85
5 90
5 91
5 92
5 93
5 94
6 0
6 6
6 7
6 10
6 12
6 15
6 16
6 17
6 18
6 19
6 22
6 26
6 30
6 31
6 32
6 34
6 38
6 42
6 45
6 47
6 52
6 55
6 58
6 60
6 65
6 66
6 68
6 70
6 72
6 73
6 74
6 75
6 78
6 80
6 81
6 90
6 92
6 97
6 99
7 1
7 3
7 6
7 10
7 14
7 17
7 19
7 21
7 22
7 31
7 34
7 35
7 36
7 38
7 43
7 44
7 46
7 49
7 54
7 56
7 57
7 58
7 59
7 61
7 63
7 64
7 71
7 74
7 75
7 76
7 83
7 89
7 90
7 92
7 95
7 96
7 97
7 99
8 3
8 4
8 8
8 9
8 11
8 17
8 18
8 19
8 21
8 22
8 25
8 26
8 27
8 33
8 34
8 35
8 36
8 38
8 39
8 41
8 46
8 55
8 56
8 57
8 61
8 63
8 64
8 70
8 71
8 75
8 85
8 88
8 93
8 95
8 99
9 0
9 1
9 3
9 6
9 7
9 8
9 9
9 11
9 13
9 16
9 24
9 25
9 29
9 32
9 33
9 35
9 36
9 38
9 49
9 51
9 52
9 54
9 56
9 58
9 60
9 63
9 64
9 71
9 73
9 74
9 77
9 79
9 81
9 83
9 90
9 94
9 97
10 1
10 3
10 5
10 7
10 8
10 10
10 14
10 15
10 17
10 20
10 23
10 27
10 28
10 32
10 35
10 36
10 40
10 43
10 44
10 49
10 53
10 54
10 55
10 56
10 65
10 68
10 69
10 73
10 74
10 78
10 79
10 80
10 84
10 85
10 87
10 89
10 90
10 91
10 96
10 98
11 0
11 7
11 8
11 9
11 12
11 18
11 20
11 23
11 25
11 26
11 28
11 30
11 31
11 32
11 33
11 38
11 44
11 45
11 46
11 47
11 52
11 56
11 59
11 63
11 64
11 65
11 66
11 67
11 70
11 73
11 74
11 75
11 81
11 82
11 84
11 88
11 89
11 90
11 91
11 94
12 1
12 4
12 5
12 11
12 12
12 15
12 16
12 17
12 18
12 19
12 20
12 28
12 29
12 30
12 31
12 32
12 33
12 34
12 38
12 40
12 41
12 42
12 45
12 56
12 57
12 61
12 62
12 65
12 66
12 67
12 72
12 74
12 77
12 78
12 79
12 85
12 86
12 88
12 92
13 3
13 5
13 9
13 10
13 11
13 14
13 15
13 16
13 17
13 18
13 20
13 21
13 23
13 24
13 31
13 32
13 34
13 37
13 39
13 44
13 48
13 49
13 51
13 53
13 57
13 58
13 64
13 67
13 74
13 75
13 78
13 79
13 80
13 88
13 89
13 90
13 91
13 92
13 93
13 94
13 95
13 97
13 99
14 1
14 5
14 8
14 9
14 12
14 14
14 20
14 27
14 29
14 30
14 31
14 36
14 37
14 38
14 41
14 44
14 45
14 48
14 49
14 50
14 52
14 53
14 54
14 56
14 57
14 61
14 63
14 64
14 65
14 67
14 69
14 70
14 72
14 75
14 77
14 78
14 79
14 81
14 88
14 89
14 90
14 93
14 95
14 96
14 99
15 4
15 6
15 7
15 8
15 14
15 18
15 19
15 25
15 26
15 28
15 30
15 31
15 38
15 40
15 42
15 44
15 45
15 47
15 48
15 53
15 55
15 58
15 68
15 71
15 72
15 74
15 84
15 86
15 89
15 90
15 96
15 99
16 1
16 7
16 10
16 11
16 12
16 20
16 21
16 22
16 23
16 27
16 30
16 31
16 32
16 33
16 34
16 43
16 48
16 49
16 51
16 52
16 59
16 60
16 61
16 62
16 63
16 64
16 65
16 67
16 69
16 70
16 73
16 76
16 78
16 79
16 80
16 86
16 89
16 96
16 98
17 1
17 2
17 4
17 9
17 13
17 14
17 15
17 18
17 19
17 20
17 22
17 25
17 27
17 28
17 31
17 34
17 38
17 39
17 41
17 43
17 45
17 47
17 48
17 51
17 52
17 53
17 58
17 65
17 67
17 69
17 71
17 73
17 76
17 79
17 80
17 82
17 87
17 93
17 95
17 96
18 0
18 1
18 4
18 5
18 11
18 12
18 14
18 15
18 16
18 18
18 19
18 24
18 30
18 31
18 32
18 34
18 35
18 36
18 39
18 40
18 43
18 48
18 54
18 55
18 59
18 62
18 64
18 66
18 67
18 68
18 70
18 72
18 74
18 75
18 77
18 80
18 81
18 85
18 86
18 87
18 88
18 89
18 92
18 96
18 99
19 4
19 5
19 9
19 12
19 13
19 14
19 15
19 16
19 17
19 23
19 26
19 28
19 29
19 33
19 35
19 36
19 37
19 38
19 42
19 44
19 46
19 54
19 56
19 62
19 63
19 64
19 66
19 67
19 71
19 80
19 84
19 91
19 92
19 94
19 95
19 97
20 0
20 1
20 5
20 7
20 8
20 11
20 13
20 16
20 17
20 19
20 20
20 23
20 24
20 26
20 27
20 29
20 31
20 32
20 35
20 38
20 40
20 41
20 44
20 45
20 47
20 49
20 51
20 53
20 54
20 56
20 57
20 60
20 61
20 62
20 64
20 69
20 71
20 72
20 75
20 78
20 87
20 89
20 92
20 93
21 0
21 1
21 3
21 4
21 7
21 10
21 11
21 13
21 17
21 19
21 20
21 21
21 22
21 23
21 24
21 25
21 26
21 29
21 30
21 31
21 33
21 40
21 43
21 50
21 51
21 53
21 58
21 59
21 60
21 66
21 67
21 70
21 71
21 81
21 83
21 85
21 86
21 89
21 91
21 93
21 94
21 95
21 97
22 2
22 3
22 4
22 10
22 11
22 15
22 18
22 20
22 22
22 24
22 26
22 27
22 28
22 35
22 37
22 39
22 44
22 47
22 50
22 53
22 54
22 56
22 57
22 58
22 59
22 60
22 64
22 66
22 71
22 78
22 80
22 82
22 83
22 84
22 87
22 91
22 92
22 94
22 96
22 98
23 1
23 2
23 4
23 8
23 11
23 15
23 19
23 20
23 22
23 25
23 26
23 30
23 31
23 32
23 35
23 38
23 39
23 42
23 43
23 48
23 52
23 54
23 56
23 58
23 61
23 64
23 65
23 66
23 68
23 72
23 78
23 80
23 81
23 82
23 83
23 84
23 86
23 92
23 93
23 95
23 98
24 0
24 1
24 3
24 7
24 8
24 10
24 11
24 12
24 14
24 17
24 19
24 23
24 24
24 28
24 35
24 36
24 47
24 48
24 56
24 58
24 59
24 63
24 64
24 65
24 67
24 71
24 72
24 75
24 77
24 84
24 85
24 87
24 89
24 90
24 93
24 94
24 95
24 96
24 97
24 98
24 99
25 0
25 1
25 2
25 6
25 9
25 13
25 14
25 16
25 20
25 22
25 25
25 26
25 27
25 28
25 29
25 32
25 33
25 37
25 39
25 40
25 41
25 43
25 44
25 46
25 48
25 51
25 52
25 56
25 62
25 65
25 67
25 68
25 71
25 74
25 77
25 79
25 80
25 81
25 89
25 91
25 92
25 96
25 97
25 98
26 1
26 3
26 5
26 7
26 8
26 9
26 10
26 11
26 13
26 15
26 17
26 18
26 21
26 22
26 25
26 27
26 28
26 30
26 31
26 32
26 35
26 39
26 42
26 44
26 45
26 46
26 47
26 48
26 52
26 54
26 59
26 60
26 61
26 62
26 67
26 68
26 70
26 71
26 72
26 78
26 79
26 80
26 82
26 84
26 85
26 87
26 92
26 95
26 96
26 97
26 98
26 99
27 2
27 4
27 6
27 8
27 10
27 12
27 13
27 14
27 16
27 17
27 18
27 25
27 28
27 30
27 33
27 36
27 38
27 39
27 49
27 51
27 54
27 56
27 57
27 60
27 61
27 68
27 69
27 72
27 73
27 77
27 80
27 81
27 82
27 83
27 89
27 90
27 92
27 95
27 97
28 2
28 6
28 9
28 10
28 15
28 16
28 17
28 18
28 21
28 22
28 25
28 26
28 28
28 29
28 31
28 33
28 34
28 37
28 39
28 43
28 44
28 50
28 53
28 54
28 55
28 59
28 62
28 63
28 64
28 65
28 66
28 68
28 69
28 71
28 72
28 73
28 75
28 80
28 83
28 84
28 85
28 87
28 90
28 91
28 93
28 98
29 2
29 4
29 6
29 7
29 8
29 10
29 12
29 14
29 15
29 16
29 17
29 18
29 21
29 23
29 24
29 25
29 29
29 30
29 32
29 33
29 36
29 37
29 38
29 39
29 41
29 42
29 43
29 44
29 45
29 46
29 48
29 54
29 57
29 62
29 69
29 70
29 73
29 74
29 75
29 81
29 82
29 83
29 86
29 87
29 90
29 94
29 96
29 97
30 2
30 5
30 13
30 14
30 17
30 20
30 21
30 24
30 26
30 29
30 31
30 33
30 35
30 36
30 37
30 38
30 41
30 42
30 44
30 48
30 50
30 51
30 52
30 60
30 62
30 63
30 67
30 69
30 72
30 73
30 74
30 77
30 79
30 83
30 84
30 87
30 88
30 89
30 97
30 99
31 3
31 5
31 7
31 9
31 10
31 15
31 17
31 21
31 22
31 23
31 24
31 26
31 27
31 28
31 31
31 33
31 34
31 37
31 44
31 45
31 46
31 47
31 48
31 49
31 53
31 54
31 57
31 58
31 60
31 64
31 70
31 73
31 75
31 76
31 77
31 78
31 79
31 80
31 81
31 84
31 86
31 89
31 95
31 97
31 98
32 1
32 5
32 7
32 8
32 12
32 13
32 16
32 20
32 21
32 26
32 28
32 29
32 30
32 34
32 35
32 36
32 38
32 40
32 45
32 47
32 52
32 53
32 54
32 57
32 58
32 60
32 62
32 69
32 71
32 74
32 77
32 78
32 79
32 81
32 82
32 84
32 85
32 88
32 91
32 97
33 0
33 1
33 4
33 7
33 11
33 12
33 14
33 16
33 19
33 20
33 22
33 24
33 28
33 32
33 33
33 34
33 36
33 37
33 41
33 44
33 47
33 48
33 50
33 53
33 54
33 56
33 58
33 59
33 63
33 66
33 68
33 69
33 74
33 75
33 76
33 81
33 82
33 88
33 89
33 91
33 97
33 98
34 2
34 8
34 9
34 10
34 11
34 12
34 13
34 15
34 20
34 21
34 29
34 30
34 31
34 33
34 34
34 35
34 36
34 37
34 39
34 41
34 45
34 57
34 60
34 62
34 63
34 67
34 68
34 74
34 76
34 79
34 80
34 81
34 83
34 86
34 95
35 2
35 5
35 7
35 8
35 13
35 14
35 16
35 25
35 30
35 39
35 41
35 44
35 45
35 46
35 56
35 57
35 60
35 61
35 63
35 65
35 67
35 69
35 72
35 73
35 79
35 80
35 81
35 83
35 86
35 87
35 91
35 92
35 98
35 99
36 1
36 2
36 4
36 5
36 6
36 12
36 16
36 17
36 19
36 26
36 31
36 34
36 35
36 36
36 37
36 38
36 39
36 40
36 45
36 50
36 54
36 57
36 58
36 60
36 61
36 64
36 65
36 66
36 68
36 70
36 71
36 72
36 73
36 74
36 80
36 81
36 82
36 83
36 87
36 89
36 90
36 91
36 92
36 95
36 96
36 99
37 0
37 1
37 2
37 3
37 4
37 6
37 7
37 8
37 10
37 14
37 15
37 16
37 18
37 21
37 24
37 26
37 28
37 32
37 38
37 40
37 41
37 43
37 46
37 48
37 49
37 54
37 56
37 64
37 65
37 66
37 69
37 73
37 74
37 75
37 77
37 78
37 79
37 80
37 81
37 82
37 83
37 87
37 88
37 91
37 92
37 94
37 98
37 99
38 3
38 9
38 15
38 17
38 21
38 31
38 38
38 40
38 47
38 49
38 51
38 55
38 57
38 59
38 60
38 63
38 65
38 66
38 67
38 75
38 77
38 80
38 82
38 83
38 88
38 92
38 95
38 97
39 2
39 6
39 7
39 8
39 17
39 19
39 22
39 25
39 34
39 38
39 39
39 40
39 42
39 43
39 44
39 46
39 47
39 49
39 51
39 52
39 59
39 62
39 65
39 67
39 68
39 69
39 72
39 74
39 77
39 79
39 81
39 82
39 83
39 84
39 87
39 89
39 90
39 91
39 92
39 97
40 4
40 6
40 9
40 12
40 14
40 17
40 19
40 20
40 25
40 29
40 34
40 36
40 37
40 38
40 40
40 43
40 44
40 46
40 49
40 50
40 52
40 55
40 57
40 63
40 66
40 67
40 69
40 70
40 71
40 74
40 80
40 82
40 85
40 87
40 89
40 92
40 94
40 95
40 99
41 0
41 1
41 3
41 6
41 8
41 11
41 15
41 20
41 24
41 25
41 26
41 35
41 36
41 38
41 40
41 41
41 42
41 43
41 48
41 51
41 52
41 53
41 55
41 57
41 63
41 69
41 73
41 74
41 76
41 78
41 80
41 83
41 88
41 89
41 92
41 97
42 0
42 1
42 2
42 4
42 7
42 10
42 11
42 13
42 15
42 16
42 19
42 22
42 24
42 25
42 26
42 27
42 29
42 32
42 36
42 37
42 40
42 41
42 42
42 44
42 48
42 51
42 53
42 58
42 59
42 62
42 63
42 64
42 65
42 66
42 68
42 69
42 71
42 72
42 73
42 76
42 77
42 78
42 79
42 80
42 81
42 82
42 84
42 87
42 90
42 91
42 92
42 93
42 94
42 95
42 99
43 0
43 4
43 6
43 7
43 9
43 10
43 19
43 22
43 23
43 24
43 27
43 28
43 33
43 37
43 39
43 40
43 41
43 42
43 43
43 45
43 46
43 48
43 50
43 51
43 54
43 57
43 58
43 60
43 61
43 66
43 67
43 69
43 71
43 72
43 75
43 79
43 80
43 82
43 86
43 87
43 89
43 90
43 98
44 2
44 5
44 10
44 13
44 15
44 16
44 19
44 20
44 22
44 26
44 28
44 30
44 38
44 40
44 41
44 42
44 43
44 45
44 46
44 47
44 49
44 50
44 54
44 55
44 56
44 57
44 59
44 60
44 61
44 62
44 69
44 71
44 73
44 74
44 75
44 76
44 84
44 85
44 88
44 91
44 93
44 94
44 95
44 97
44 99
45 2
45 3
45 4
45 5
45 6
45 7
45 9
45 13
45 15
45 17
45 39
45 44
45 46
45 48
45 49
45 53
45 54
45 59
45 61
45 62
45 69
45 71
45 72
45 74
45 75
45 78
45 79
45 80
45 86
45 87
45 91
45 93
45 94
45 95
45 96
45 99
46 0
46 8
46 9
46 11
46 15
46 17
46 19
46 22
46 24
46 25
46 26
46 30
46 31
46 32
46 41
46 44
46 45
46 47
46 50
46 52
46 54
46 56
46 58
46 61
46 62
46 63
46 65
46 74
46 76
46 84
46 85
46 87
46 90
46 91
46 92
46 93
46 94
46 96
47 1
47 3
47 8
47 9
47 10
47 11
47 15
47 20
47 21
47 22
47 25
47 27
47 28
47 30
47 31
47 33
47 36
47 37
47 42
47 43
47 47
47 50
47 55
47 56
47 60
47 66
47 74
47 75
47 76
47 78
47 82
47 87
47 89
47 90
47 94
47 98
47 99
48 1
48 4
48 11
48 12
48 16
48 17
48 18
48 21
48 23
48 24
48 30
48 32
48 34
48 36
48 37
48 41
48 43
48 44
48 45
48 47
48 51
48 52
48 56
48 62
48 68
48 70
48 72
48 75
48 76
48 77
48 81
48 83
48 84
48 89
48 91
48 92
48 93
48 96
48 97
49 8
49 9
49 10
49 12
49 14
49 15
49 16
49 17
49 20
49 22
49 24
49 25
49 36
49 38
49 41
49 43
49 49
49 52
49 55
49 56
49 59
49 61
49 63
49 65
49 73
49 75
49 77
49 81
49 82
49 83
49 84
49 85
49 86
49 88
49 93
49 94
49 95
50 2
50 3
50 4
50 5
50 6
50 15
50 18
50 19
50 20
50 27
50 28
50 31
50 39
50 45
50 47
50 56
50 59
50 61
50 62
50 63
50 68
50 69
50 70
50 72
50 73
50 77
50 80
50 82
50 86
50 99
51 1
51 2
51 4
51 6
51 8
51 9
51 10
51 22
51 23
51 24
51 25
51 30
51 32
51 35
51 38
51 39
51 43
51 44
51 50
51 56
51 57
51 59
51 60
51 61
51 62
51 63
51 70
51 71
51 77
51 82
51 86
51 88
51 91
51 94
51 95
52 3
52 6
52 9
52 11
52 12
52 19
52 23
52 24
52 25
52 26
52 27
52 28
52 30
52 31
52 32
52 33
52 38
52 43
52 45
52 46
52 48
52 51
52 52
52 54
52 58
52 61
52 64
52 69
52 70
52 72
52 73
52 74
52 76
52 77
52 80
52 86
52 93
52 96
52 98
53 4
53 5
53 6
53 8
53 9
53 10
53 11
53 14
53 15
53 16
53 17
53 20
53 21
53 22
53 23
53 24
53 26
53 30
53 33
53 34
53 42
53 43
53 49
53 52
53 53
53 54
53 55
53 57
53 64
53 67
53 68
53 69
53 71
53 72
53 74
53 76
53 78
53 82
53 83
53 88
53 89
53 91
53 92
53 98
53 99
54 2
54 3
54 4
54 5
54 6
54 13
54 15
54 17
54 19
54 20
54 24
54 26
54 30
54 33
54 35
54 37
54 38
54 39
54 41
54 43
54 47
54 49
54 51
54 56
54 57
54 58
54 59
54 61
54 63
54 65
54 67
54 69
54 72
54 75
54 76
54 78
54 83
54 84
54 87
54 88
54 93
54 96
54 98
55 0
55 7
55 11
55 16
55 20
55 21
55 22
55 25
55 28
55 34
55 36
55 39
55 41
55 42
55 45
55 46
55 47
55 49
55 53
55 54
55 59
55 60
55 63
55 64
55 71
55 74
55 75
55 77
55 78
55 79
55 80
55 86
55 93
55 94
55 96
56 1
56 2
56 4
56 6
56 11
56 14
56 16
56 17
56 19
56 20
56 22
56 23
56 24
56 25
56 27
56 28
56 31
56 32
56 34
56 35
56 36
56 39
56 40
56 41
56 42
56 43
56 44
56 47
56 50
56 53
56 56
56 58
56 63
56 64
56 65
56 71
56 72
56 74
56 77
56 81
56 82
56 85
56 86
56 91
56 92
56 95
56 96
56 97
56 99
57 2
57 3
57 4
57 5
57 7
57 9
57 11
57 12
57 13
57 14
57 15
57 17
57 18
57 23
57 24
57 25
57 26
57 28
57 29
57 31
57 37
57 41
57 45
57 46
57 47
57 49
57 50
57 56
57 57
57 60
57 61
57 64
57 71
57 72
57 73
57 76
57 77
57 78
57 79
57 81
57 84
57 93
57 95
57 98
58 7
58 8
58 11
58 12
58 15
58 17
58 19
58 23
58 24
58 28
58 29
58 30
58 36
58 39
58 41
58 42
58 44
58 46
58 47
58 48
58 53
58 55
58 57
58 58
58 61
58 64
58 65
58 70
58 72
58 74
58 75
58 76
58 77
58 78
58 79
58 82
58 87
58 89
58 91
58 94
58 95
58 96
59 0
59 8
59 12
59 13
59 14
59 15
59 18
59 21
59 25
59 27
59 29
59 30
59 34
59 35
59 36
59 40
59 42
59 43
59 52
59 56
59 57
59 60
59 66
59 67
59 68
59 70
59 72
59 77
59 79
59 83
59 86
59 87
59 88
59 92
59 94
59 95
59 97
60 1
60 4
60 5
60 14
60 15
60 18
60 20
60 22
60 23
60 25
60 27
60 30
60 39
60 41
60 42
60 44
60 48
60 51
60 54
60 56
60 57
60 58
60 59
60 60
60 62
60 63
60 65
60 73
60 76
60 78
60 80
60 89
60 93
60 94
60 98
60 99
61 0
61 2
61 3
61 4
61 5
61 9
61 10
61 13
61 19
61 20
61 21
61 23
61 27
61 34
61 41
61 42
61 46
61 47
61 51
61 52
61 56
61 59
61 62
61 63
61 68
61 72
61 74
61 75
61 79
61 80
61 81
61 82
61 83
61 85
61 86
61 87
61 88
61 89
61 91
61 92
61 95
62 0
62 1
62 2
62 5
62 10
62 12
62 13
62 14
62 21
62 22
62 23
62 25
62 28
62 30
62 32
62 35
62 38
62 40
62 41
62 44
62 54
62 57
62 63
62 64
62 65
62 66
62 71
62 75
62 80
62 82
62 83
62 90
62 92
62 95
62 97
63 6
63 7
63 8
63 13
63 15
63 18
63 20
63 22
63 23
63 25
63 29
63 35
63 39
63 40
63 41
63 42
63 43
63 46
63 47
63 48
63 52
63 53
63 54
63 57
63 59
63 60
63 61
63 64
63 65
63 69
63 70
63 72
63 73
63 77
63 78
63 79
63 80
63 81
63 84
63 86
63 87
63 89
63 90
63 91
63 97
64 1
64 3
64 4
64 5
64 6
64 8
64 13
64 14
64 15
64 17
64 19
64 21
64 22
64 24
64 25
64 27
64 28
64 30
64 32
64 33
64 34
64 36
64 38
64 40
64 41
64 43
64 45
64 47
64 53
64 56
64 57
64 58
64 62
64 66
64 68
64 70
64 72
64 74
64 75
64 79
64 81
64 82
64 83
64 86
64 87
64 91
64 92
65 0
65 5
65 7
65 9
65 11
65 19
65 21
65 24
65 25
65 27
65 28
65 30
65 32
65 33
65 35
65 36
65 44
65 45
65 46
65 50
65 52
65 53
65 55
65 57
65 59
65 62
65 65
65 66
65 67
65 68
65 69
65 70
65 73
65 78
65 79
65 83
65 85
65 86
65 89
65 94
65 95
65 98
66 3
66 6
66 10
66 11
66 12
66 13
66 17
66 19
66 21
66 22
66 28
66 30
66 31
66 39
66 45
66 47
66 48
66 50
66 52
66 55
66 58
66 59
66 60
66 61
66 62
66 63
66 64
66 65
66 66
66 69
66 71
66 72
66 74
66 75
66 77
66 78
66 79
66 80
66 83
66 85
66 87
66 88
67 4
67 5
67 6
67 7
67 9
67 12
67 13
67 16
67 17
67 18
67 21
67 23
67 25
67 28
67 30
67 31
67 32
67 35
67 37
67 39
67 40
67 41
67 45
67 46
67 51
67 52
67 54
67 55
67 56
67 57
67 58
67 59
67 62
67 63
67 64
67 67
67 68
67 69
67 70
67 72
67 74
67 76
67 77
67 83
67 86
67 89
67 93
67 94
67 95
67 96
68 0
68 9
68 11
68 13
68 15
68 16
68 17
68 23
68 24
68 25
68 26
68 28
68 38
68 41
68 42
68 43
68 45
68 46
68 48
68 51
68 52
68 53
68 55
68 59
68 61
68 62
68 64
68 72
68 73
68 78
68 84
68 88
68 96
68 99
69 4
69 10
69 13
69 17
69 18
69 19
69 20
69 21
69 23
69 24
69 26
69 27
69 28
69 30
69 33
69 35
69 36
69 37
69 39
69 40
69 43
69 45
69 46
69 49
69 54
69 61
69 64
69 69
69 71
69 72
69 74
69 78
69 82
69 87
69 89
69 90
69 93
69 95
69 96
69 99
70 8
70 11
70 12
70 13
70 19
70 31
70 35
70 36
70 37
70 39
70 40
70 49
70 56
70 58
70 62
70 64
70 65
70 66
70 68
70 70
70 72
70 76
70 78
70 81
70 82
70 83
70 85
70 86
70 89
70 93
70 94
70 95
70 96
71 2
71 3
71 7
71 8
71 9
71 10
71 12
71 13
71 14
71 17
71 18
71 20
71 23
71 35
71 37
71 38
71 39
71 42
71 43
71 47
71 52
71 54
71 58
71 60
71 65
71 66
71 69
71 70
71 72
71 75
71 76
71 79
71 81
71 83
71 84
71 89
71 91
71 94
71 95
71 96
71 97
71 98
72 1
72 2
72 3
72 5
72 7
72 9
72 10
72 13
72 14
72 18
72 20
72 22
72 23
72 25
72 26
72 29
72 30
72 32
72 33
72 35
72 37
72 38
72 39
72 40
72 43
72 44
72 45
72 48
72 49
72 51
72 53
72 55
72 57
72 59
72 60
72 64
72 70
72 78
72 83
72 85
72 87
72 95
73 0
73 3
73 4
73 7
73 10
73 12
73 13
73 14
73 16
73 17
73 20
73 22
73 23
73 24
73 25
73 29
73 31
73 32
73 34
73 36
73 37
73 38
73 40
73 41
73 42
73 48
73 49
73 50
73 51
73 52
73 54
73 56
73 58
73 64
73 65
73 66
73 75
73 80
73 82
73 86
73 90
74 2
74 6
74 9
74 11
74 13
74 15
74 18
74 19
74 22
74 23
74 24
74 26
74 27
74 29
74 32
74 34
74 35
74 37
74 39
74 40
74 41
74 44
74 45
74 50
74 54
74 56
74 60
74 62
74 66
74 67
74 68
74 72
74 73
74 75
74 76
74 77
74 79
74 80
74 82
74 83
74 84
74 85
74 88
74 89
74 90
74 91
74 92
74 95
74 98
75 2
75 4
75 8
75 9
75 11
75 14
75 17
75 22
75 23
75 26
75 27
75 29
75 31
75 33
75 35
75 37
75 40
75 42
75 46
75 49
75 50
75 51
75 53
75 55
75 57
75 59
75 67
75 69
75 73
75 74
75 76
75 82
75 86
75 87
75 94
75 96
76 6
76 7
76 11
76 12
76 14
76 18
76 19
76 23
76 24
76 26
76 32
76 33
76 35
76 36
76 41
76 44
76 53
76 57
76 58
76 59
76 60
76 61
76 63
76 65
76 67
76 70
76 71
76 74
76 77
76 78
76 80
76 81
76 82
76 83
76 87
76 88
76 89
76 93
76 95
77 2
77 7
77 8
77 9
77 11
77 17
77 21
77 23
77 30
77 36
77 40
77 41
77 43
77 44
77 47
77 49
77 50
77 51
77 52
77 53
77 54
77 56
77 60
77 63
77 66
77 68
77 71
77 72
77 74
77 79
77 80
77 81
77 87
77 92
77 93
77 94
77 95
77 97
77 98
78 1
78 2
78 3
78 9
78 12
78 13
78 17
78 18
78 19
78 20
78 21
78 22
78 24
78 27
78 30
78 32
78 33
78 35
78 36
78 43
78 45
78 47
78 48
78 50
78 53
78 54
78 55
78 56
78 58
78 60
78 64
78 65
78 66
78 68
78 69
78 70
78 71
78 73
78 74
78 75
78 77
78 80
78 81
78 84
78 85
78 86
78 94
78 96
78 98
79 1
79 7
79 8
79 10
79 14
79 15
79 18
79 22
79 23
79 24
79 25
79 26
79 28
79 30
79 31
79 32
79 33
79 34
79 37
79 38
79 39
79 44
79 45
79 47
79 51
79 53
79 55
79 59
79 60
79 63
79 67
79 69
79 70
79 73
79 78
79 79
79 81
79 82
79 83
79 84
79 88
79 91
79 92
79 96
79 97
79 98
80 1
80 11
80 12
80 13
80 21
80 25
80 26
80 29
80 30
80 33
80 42
80 44
80 48
80 49
80 51
80 55
80 60
80 62
80 63
80 64
80 67
80 68
80 74
80 75
80 76
80 77
80 79
80 80
80 83
80 84
80 85
80 86
80 88
80 89
80 91
80 92
80 94
80 95
80 97
80 99
81 1
81 8
81 11
81 12
81 13
81 18
81 23
81 24
81 34
81 36
81 38
81 39
81 42
81 43
81 45
81 46
81 47
81 51
81 52
81 54
81 58
81 64
81 65
81 66
81 70
81 73
81 74
81 75
81 80
81 87
81 89
81 91
81 92
81 95
81 96
81 98
82 0
82 2
82 3
82 4
82 6
82 7
82 13
82 17
82 21
82 22
82 24
82 28
82 31
82 33
82 40
82 44
82 48
82 50
82 51
82 52
82 55
82 56
82 58
82 59
82 61
82 63
82 64
82 65
82 67
82 73
82 74
82 76
82 78
82 81
82 88
82 90
82 91
82 92
82 93
82 94
83 0
83 3
83 5
83 6
83 8
83 11
83 16
83 18
83 20
83 22
83 26
83 30
83 31
83 32
83 33
83 34
83 35
83 37
83 40
83 45
83 49
83 51
83 55
83 57
83 63
83 64
83 66
83 67
83 68
83 69
83 70
83 75
83 76
83 78
83 79
83 81
83 82
83 84
83 88
83 91
83 95
83 98
84 1
84 2
84 3
84 4
84 5
84 7
84 9
84 14
84 15
84 18
84 24
84 29
84 30
84 31
84 32
84 35
84 37
84 38
84 45
84 50
84 53
84 54
84 60
84 61
84 62
84 65
84 67
84 72
84 74
84 81
84 82
84 87
84 90
84 98
85 0
85 1
85 13
85 15
85 16
85 17
85 18
85 21
85 22
85 23
85 24
85 25
85 27
85 30
85 31
85 33
85 34
85 35
85 37
85 44
85 48
85 50
85 52
85 55
85 56
85 57
85 59
85 62
85 69
85 70
85 76
85 79
85 81
85 84
85 87
85 89
85 93
85 94
85 95
85 98
85 99
86 1
86 2
86 6
86 7
86 8
86 11
86 12
86 13
86 17
86 21
86 22
86 25
86 29
86 31
86 37
86 40
86 41
86 42
86 44
86 46
86 47
86 52
86 53
86 54
86 57
86 58
86 60
86 61
86 62
86 68
86 73
86 76
86 78
86 86
86 87
86 89
86 96
86 98
87 2
87 4
87 5
87 7
87 8
87 10
87 11
87 12
87 13
87 19
87 23
87 24
87 26
87 27
87 28
87 33
87 39
87 43
87 44
87 47
87 48
87 51
87 55
87 59
87 66
87 73
87 74
87 76
87 78
87 85
87 87
87 88
87 89
87 92
87 93
87 94
87 96
87 98
87 99
88 5
88 7
88 8
88 16
88 18
88 19
88 22
88 24
88 25
88 30
88 31
88 33
88 36
88 38
88 40
88 45
88 49
88 50
88 52
88 53
88 54
88 59
88 65
88 66
88 70
88 74
88 77
88 82
88 83
88 84
88 90
88 91
88 92
88 94
88 95
88 96
88 99
89 0
89 5
89 8
89 10
89 13
89 15
89 16
89 25
89 29
89 30
89 31
89 32
89 33
89 35
89 36
89 40
89 42
89 43
89 46
89 48
89 52
89 57
89 60
89 66
89 71
89 72
89 73
89 75
89 76
89 77
89 78
89 82
89 83
89 84
89 90
89 94
90 0
90 1
90 2
90 5
90 7
90 11
90 12
90 14
90 16
90 17
90 20
90 21
90 23
90 24
90 28
90 29
90 30
90 38
90 40
90 43
90 46
90 49
90 51
90 53
90 55
90 60
90 61
90 65
90 67
90 69
90 71
90 72
90 74
90 76
90 78
90 79
90 82
90 83
90 85
90 86
90 91
90 92
90 94
90 95
90 96
90 98
91 1
91 4
91 8
91 12
91 17
91 19
91 25
91 26
91 27
91 31
91 32
91 35
91 37
91 38
91 43
91 44
91 45
91 51
91 60
91 63
91 65
91 66
91 73
91 74
91 77
91 79
91 81
91 85
91 89
91 90
91 92
91 94
91 97
92 1
92 6
92 7
92 14
92 15
92 25
92 26
92 28
92 30
92 33
92 34
92 35
92 37
92 39
92 41
92 43
92 44
92 46
92 47
92 49
92 51
92 52
92 53
92 56
92 57
92 58
92 59
92 61
92 64
92 66
92 67
92 69
92 73
92 74
92 81
92 82
92 83
92 84
92 87
92 89
92 91
92 93
93 2
93 3
93 6
93 10
93 11
93 16
93 18
93 20
93 22
93 38
93 41
93 43
93 46
93 47
93 50
93 53
93 54
93 56
93 57
93 59
93 61
93 66
93 67
93 71
93 73
93 75
93 76
93 77
93 79
93 84
93 85
93 87
93 88
93 97
93 99
94 3
94 4
94 5
94 10
94 13
94 15
94 18
94 19
94 21
94 22
94 25
94 26
94 28
94 30
94 31
94 42
94 46
94 50
94 53
94 60
94 63
94 71
94 72
94 74
94 75
94 84
94 89
94 90
94 91
94 95
95 0
95 7
95 11
95 13
95 14
95 20
95 23
95 28
95 32
95 37
95 39
95 40
95 44
95 45
95 46
95 47
95 48
95 58
95 61
95 62
95 64
95 69
95 74
95 76
95 79
95 86
95 87
95 88
95 89
95 90
95 91
95 92
95 97
95 99
96 0
96 12
96 16
96 17
96 19
96 22
96 30
96 35
96 38
96 40
96 41
96 42
96 43
96 44
96 54
96 55
96 57
96 58
96 59
96 60
96 62
96 63
96 65
96 68
96 72
96 73
96 74
96 76
96 77
96 82
96 87
96 88
96 93
96 98
96 99
97 4
97 5
97 9
97 12
97 15
97 16
97 17
97 21
97 23
97 24
97 25
97 36
97 41
97 43
97 47
97 49
97 50
97 54
97 56
97 57
97 58
97 59
97 60
97 61
97 62
97 64
97 65
97 67
97 71
97 72
97 73
97 75
97 77
97 79
97 83
97 84
97 91
97 96
97 99
98 1
98 2
98 3
98 4
98 8
98 10
98 11
98 12
98 13
98 14
98 17
98 20
98 21
98 23
98 24
98 25
98 28
98 33
98 34
98 37
98 38
98 40
98 42
98 43
98 47
98 50
98 52
98 57
98 58
98 60
98 62
98 63
98 64
98 65
98 66
98 69
98 72
98 74
98 79
98 81
98 83
98 84
98 89
98 91
98 95
98 99
99 1
99 3
99 5
99 8
99 15
99 16
99 24
99 26
99 27
99 29
99 30
99 31
99 32
99 39
99 41
99 42
99 43
99 45
99 46
99 50
99 51
99 53
99 54
99 55
99 56
99 58
99 60
99 61
99 64
99 65
99 67
99 69
99 72
99 76
99 78
99 79
99 82
99 83
99 85
99 86
99 91
99 92
99 93
99 95
99 97
