0 2
0 3
0 4
0 6
0 14
0 17
0 67
0 69
0 70
0 71
0 75
0 92
0 97
1 15
1 16
1 36
1 37
1 96
2 35
2 38
2 95
3 12
3 23
3 24
3 36
3 37
4 12
4 22
4 25
4 53
4 54
4 94
5 12
5 23
5 25
5 54
5 55
5 86
5 87
5 88
5 93
5 95
6 24
6 35
6 43
6 44
6 54
6 93
6 95
7 35
7 43
7 44
7 53
7 94
8 35
8 52
8 53
8 54
8 58
8 59
9 29
9 30
9 31
9 53
9 55
9 58
9 59
10 51
10 52
10 54
10 67
11 50
11 51
11 53
11 54
11 66
11 67
11 68
12 49
12 53
12 65
12 69
13 48
13 49
13 51
13 52
13 65
13 66
13 68
13 69
14 49
14 50
14 90
14 91
14 92
15 34
15 35
15 36
16 88
16 94
17 22
17 64
17 65
17 70
17 78
17 79
17 88
17 94
18 17
18 18
18 19
18 21
18 23
18 40
18 41
18 64
18 65
18 71
18 78
18 79
18 88
18 94
19 17
19 19
19 20
19 21
19 23
19 40
19 41
19 69
19 72
19 75
19 76
19 79
19 81
20 18
20 19
20 20
20 21
20 22
20 72
20 75
20 78
20 79
20 83
20 90
20 91
20 92
21 3
21 4
21 5
21 14
21 72
21 79
21 83
22 13
22 15
22 68
22 71
22 77
22 81
22 83
23 16
23 52
23 53
23 68
23 69
23 73
23 77
23 78
23 79
24 11
24 16
24 52
24 53
24 68
24 69
24 71
24 72
24 73
24 78
24 79
24 80
24 87
24 88
25 11
25 71
25 72
25 75
25 79
25 81
25 87
25 88
26 11
26 16
26 72
26 73
26 74
26 81
26 82
27 12
27 13
27 14
27 15
27 17
27 18
27 19
27 36
27 37
27 38
27 80
27 81
27 83
27 87
27 88
28 11
28 13
28 17
28 18
28 19
28 52
28 53
28 54
28 79
28 84
28 85
28 86
28 89
29 12
29 18
29 78
29 85
29 86
29 90
30 89
31 8
31 9
31 14
31 22
31 23
31 24
31 65
31 66
31 77
31 86
31 87
31 88
31 89
32 7
32 8
32 9
32 12
32 14
32 17
32 18
32 19
32 22
32 65
32 66
32 86
32 88
32 89
33 7
33 8
33 12
33 20
33 23
33 24
33 77
33 81
33 83
33 86
34 21
34 60
34 61
34 77
34 79
34 80
34 82
34 83
35 11
35 17
35 19
35 20
35 21
35 60
35 61
35 78
35 79
35 84
36 6
36 10
36 15
36 32
36 33
36 56
36 58
36 83
36 84
37 7
37 8
37 9
37 10
37 15
37 31
37 40
37 51
37 52
37 56
37 59
38 7
38 9
38 10
38 13
38 30
38 34
38 39
38 40
38 41
38 53
38 55
38 58
39 9
39 10
39 30
39 39
39 41
39 52
39 56
39 58
40 32
40 34
40 36
40 41
40 50
40 51
41 28
41 29
41 32
41 36
41 39
41 41
41 42
41 43
41 51
42 27
42 28
42 29
42 35
42 38
42 43
42 49
42 50
43 10
43 11
43 12
43 27
43 28
43 30
43 34
43 38
43 42
43 44
43 47
43 48
43 50
43 85
43 86
44 2
44 3
44 4
44 10
44 11
44 12
44 29
44 30
44 31
44 32
44 33
44 42
44 43
44 47
44 48
44 49
44 85
44 86
45 1
45 3
45 11
45 13
45 24
45 25
45 30
45 31
45 38
46 0
46 3
46 24
46 25
46 38
46 39
46 41
46 42
47 0
47 40
47 90
47 91
47 92
48 0
48 1
48 99
49 0
49 3
49 4
49 80
49 81
49 99
50 3
50 80
50 81
51 3
51 50
51 51
51 99
52 1
52 2
52 3
52 39
52 50
52 52
52 66
52 98
53 3
53 39
53 51
53 65
53 66
54 1
54 3
54 4
54 96
54 97
54 98
55 63
55 97
55 99
56 0
56 1
56 2
56 4
56 14
56 36
56 37
56 40
56 41
56 62
56 63
56 65
56 66
56 96
56 97
56 98
56 99
57 0
57 2
57 4
57 11
57 15
57 36
57 38
57 57
57 62
57 63
57 64
57 96
57 98
58 1
58 8
58 9
58 10
58 11
58 16
58 36
58 38
58 56
58 57
58 62
58 64
58 73
58 97
59 2
59 10
59 16
59 38
59 56
59 57
59 62
59 73
59 81
59 96
60 2
60 11
60 12
60 13
60 14
60 16
60 17
60 36
60 37
60 55
60 56
60 62
60 63
60 64
60 65
60 70
60 71
60 80
60 82
60 97
61 1
61 2
61 9
61 16
61 17
61 35
61 38
61 50
61 63
61 79
61 83
61 97
62 14
62 15
62 36
62 37
62 50
62 51
62 72
62 79
62 83
62 86
62 99
63 0
63 2
63 9
63 10
63 14
63 49
63 51
63 79
63 81
63 83
63 85
64 0
64 1
64 72
64 73
64 74
64 78
64 79
64 81
64 84
64 85
64 86
65 77
65 78
65 97
65 98
66 3
66 4
66 61
66 76
66 97
66 98
67 2
67 17
67 18
67 60
67 62
67 77
67 79
67 80
67 81
68 3
68 4
68 17
68 18
68 35
68 36
68 37
68 50
68 51
68 60
68 62
68 78
68 79
68 80
68 81
68 82
68 92
69 35
69 36
69 37
69 50
69 51
69 61
69 83
69 84
69 85
69 92
70 77
70 79
70 80
70 82
70 86
70 92
71 71
71 77
71 83
71 87
72 70
72 71
72 78
72 84
72 86
72 94
72 95
72 96
73 14
73 15
73 16
73 61
73 62
73 69
73 70
73 72
73 78
73 79
73 80
73 81
73 85
74 13
74 24
74 26
74 59
74 60
74 62
74 63
74 70
74 72
74 77
74 79
74 84
74 88
74 92
75 13
75 17
75 18
75 27
75 32
75 33
75 61
75 63
75 64
75 74
75 78
75 79
75 80
75 81
75 82
75 83
75 84
75 87
75 89
75 92
76 11
76 12
76 14
76 17
76 18
76 23
76 26
76 32
76 33
76 56
76 57
76 61
76 63
76 64
76 65
76 67
76 68
76 71
76 81
76 92
77 11
77 12
77 17
77 23
77 25
77 56
77 57
77 62
77 64
77 67
77 68
77 72
77 73
77 81
77 82
77 87
78 11
78 12
78 13
78 17
78 18
78 51
78 52
78 61
78 62
78 63
78 75
78 76
78 78
78 83
78 86
79 13
79 17
79 52
79 53
79 56
79 57
79 59
79 60
79 61
79 62
79 78
79 83
80 14
80 15
80 16
80 22
80 39
80 56
80 57
80 58
80 59
80 60
80 74
80 76
80 77
80 78
81 14
81 15
81 16
81 22
81 38
81 40
81 73
81 74
81 75
81 78
81 79
81 82
82 22
82 40
82 41
82 48
82 54
82 56
82 68
82 69
82 70
82 74
82 75
82 76
82 78
82 79
82 85
82 86
83 0
83 40
83 41
83 48
83 54
83 56
83 75
83 76
83 77
83 84
83 86
83 98
83 99
84 39
84 40
84 41
84 46
84 47
84 56
84 57
84 68
84 76
84 85
85 38
85 40
85 47
85 50
85 56
85 67
85 68
85 79
86 38
86 39
86 48
86 50
86 57
86 67
86 68
86 79
86 80
87 50
88 24
88 25
88 80
88 81
88 90
88 91
88 92
89 23
89 26
89 81
89 90
90 24
90 25
90 90
91 89
91 90
92 46
92 63
92 64
92 68
92 69
92 88
92 89
93 46
93 63
93 64
93 68
93 70
93 78
93 79
93 80
93 89
94 0
94 13
94 14
94 46
94 63
94 64
94 67
94 70
94 71
94 73
94 75
94 78
94 79
94 81
94 86
94 88
94 98
94 99
95 2
95 3
95 13
95 14
95 63
95 64
95 65
95 67
95 70
95 72
95 74
95 75
95 81
95 96
96 0
96 3
96 65
96 68
96 70
96 72
96 79
96 81
96 88
96 95
97 0
97 60
97 63
97 64
97 67
97 68
97 69
97 70
97 71
97 72
97 73
97 78
97 79
97 80
97 84
97 95
98 1
98 6
98 25
98 26
98 67
98 68
98 69
98 71
98 72
98 85
98 95
98 99
99 5
99 6
99 15
99 16
99 25
99 26
99 60
99 61
99 62
99 66
99 68
99 69
99 70
99 74
99 92
99 98
