0 1
0 17
0 18
0 19
0 23
0 39
0 40
0 41
0 47
0 50
0 64
0 68
0 73
0 74
0 81
0 82
0 86
0 87
0 88
1 2
1 4
1 5
1 12
1 13
1 14
1 17
1 20
1 21
1 22
1 23
1 39
1 41
1 42
1 49
1 50
1 51
1 52
1 58
1 59
1 60
1 61
1 63
1 64
1 68
1 74
1 75
1 77
1 82
1 87
1 88
2 3
2 4
2 5
2 14
2 17
2 19
2 20
2 21
2 22
2 23
2 36
2 37
2 43
2 45
2 49
2 53
2 57
2 58
2 59
2 60
2 61
2 62
2 64
2 65
2 67
2 68
2 77
2 80
2 86
2 87
2 88
2 89
2 90
2 96
2 97
3 7
3 8
3 12
3 18
3 19
3 21
3 22
3 35
3 39
3 45
3 46
3 49
3 50
3 53
3 57
3 62
3 63
3 74
3 77
3 78
3 79
3 86
3 89
3 90
3 91
3 96
3 97
4 7
4 8
4 12
4 13
4 21
4 35
4 37
4 38
4 46
4 47
4 48
4 59
4 60
4 73
4 74
4 78
4 88
4 89
4 91
4 92
4 94
4 95
4 96
5 10
5 11
5 12
5 16
5 21
5 22
5 36
5 40
5 41
5 43
5 47
5 51
5 77
5 86
5 87
5 88
5 92
5 93
5 95
6 8
6 9
6 10
6 16
6 21
6 38
6 39
6 44
6 48
6 51
6 74
6 75
6 93
7 8
7 9
7 10
7 18
7 20
7 36
7 37
7 48
7 49
7 50
7 56
7 57
7 58
7 73
7 91
7 92
7 94
7 95
7 96
8 30
8 35
8 36
8 45
8 46
8 59
8 63
8 64
8 65
8 73
8 74
8 75
8 76
8 81
8 82
8 83
8 84
8 90
8 91
9 30
9 36
9 42
9 44
9 47
9 56
9 59
9 63
9 66
9 69
9 70
9 76
9 77
9 81
9 84
9 85
9 91
9 92
10 14
10 30
10 38
10 41
10 45
10 46
10 57
10 58
10 62
10 63
10 67
10 78
10 79
10 80
10 86
11 13
11 37
11 38
11 39
11 60
11 61
11 62
11 68
11 75
11 76
11 77
11 79
11 80
11 85
11 86
12 12
12 13
12 17
12 18
12 19
12 60
12 61
12 62
12 75
12 76
12 77
12 80
12 85
13 13
13 14
13 16
13 17
13 19
13 20
13 60
13 61
13 65
13 67
13 84
13 92
13 95
13 96
14 14
14 18
14 20
14 44
14 45
14 65
14 83
14 91
14 92
14 94
14 95
15 14
15 18
15 20
15 44
15 45
15 56
15 62
15 64
15 65
15 91
15 92
16 0
16 2
16 3
16 15
16 17
16 18
16 19
16 20
16 55
16 61
16 92
16 93
16 94
16 95
17 0
17 1
17 16
17 19
17 20
17 36
17 37
17 38
17 39
17 59
17 65
18 3
18 36
18 37
18 38
18 39
18 56
18 59
18 60
18 64
18 70
18 71
19 12
19 13
19 37
19 40
19 46
19 56
19 57
19 59
19 61
19 62
19 63
19 69
19 72
19 87
20 1
20 4
20 10
20 13
20 14
20 24
20 25
20 26
20 30
20 31
20 38
20 39
20 45
20 47
20 55
20 58
20 61
20 63
20 70
20 71
20 85
20 86
20 88
21 2
21 5
21 9
21 15
21 24
21 29
21 32
21 38
21 39
21 45
21 47
21 55
21 56
21 61
21 62
21 84
21 85
21 88
22 0
22 4
22 13
22 14
22 15
22 23
22 26
22 29
22 30
22 32
22 45
22 46
22 55
22 56
22 58
22 59
22 61
22 63
22 84
22 85
22 86
22 99
23 9
23 14
23 24
23 28
23 29
23 30
23 32
23 33
23 39
23 63
23 78
23 99
24 12
24 20
24 21
24 22
24 24
24 25
24 26
24 28
24 29
24 31
24 34
24 35
24 38
24 40
24 50
24 51
24 52
24 53
24 57
24 58
24 59
24 78
24 79
25 11
25 12
25 19
25 21
25 22
25 24
25 25
25 28
25 32
25 35
25 38
25 40
25 49
25 50
25 51
25 53
25 62
25 63
25 64
25 77
25 79
25 80
25 83
25 84
26 1
26 2
26 3
26 18
26 19
26 23
26 24
26 32
26 33
26 35
26 39
26 49
26 63
26 78
26 82
26 83
27 18
27 19
27 20
27 22
27 23
27 26
27 27
27 50
27 62
27 63
27 83
27 97
27 98
27 99
28 17
28 18
28 19
28 20
28 21
28 23
28 24
28 27
28 28
28 50
28 53
28 63
28 84
28 85
28 90
28 93
28 94
28 97
28 98
28 99
29 6
29 8
29 15
29 16
29 21
29 22
29 23
29 24
29 26
29 28
29 31
29 32
29 50
29 67
29 84
29 88
29 89
29 91
29 94
30 5
30 6
30 7
30 8
30 9
30 22
30 31
30 32
30 51
30 53
30 61
30 64
30 65
30 66
30 68
30 84
30 85
30 88
31 6
31 7
31 8
31 14
31 16
31 26
31 46
31 47
31 52
31 60
31 61
31 73
31 74
31 75
31 76
31 88
31 89
31 90
31 98
31 99
32 7
32 14
32 16
32 46
32 47
32 48
32 57
32 58
32 60
32 61
32 64
32 65
32 67
32 72
32 76
32 98
32 99
33 16
33 38
33 40
33 46
33 47
33 57
33 58
33 65
33 67
33 68
34 10
34 11
34 13
34 14
34 15
34 41
34 46
34 47
34 58
34 60
34 67
34 68
34 72
34 75
34 84
34 85
35 11
35 13
35 14
35 37
35 59
35 66
35 67
35 68
35 97
35 98
36 12
36 44
36 45
36 46
36 53
36 67
36 68
36 83
36 84
36 85
37 1
37 2
37 6
37 7
37 38
37 39
37 40
37 43
37 45
37 52
37 53
37 54
37 84
37 95
37 99
38 1
38 3
38 5
38 6
38 7
38 28
38 44
38 45
38 46
38 74
38 95
38 98
39 1
39 3
39 4
39 5
39 18
39 26
39 27
39 29
39 30
39 47
39 48
39 61
39 64
39 72
39 73
39 75
39 76
39 95
39 96
39 97
39 99
40 16
40 17
40 22
40 23
40 27
40 29
40 37
40 45
40 52
40 57
40 58
40 60
40 64
40 65
40 68
40 69
40 72
40 73
41 5
41 6
41 16
41 17
41 18
41 21
41 22
41 24
41 25
41 28
41 37
41 52
41 54
41 57
41 59
41 61
41 64
41 68
41 73
41 74
41 82
41 83
41 84
42 22
42 24
42 25
42 37
42 45
42 56
42 61
42 67
42 73
42 82
42 85
42 92
42 93
43 1
43 2
43 8
43 14
43 15
43 16
43 21
43 22
43 26
43 46
43 48
43 67
43 68
43 70
43 72
43 81
43 85
43 94
44 7
44 8
44 9
44 15
44 22
44 24
44 25
44 33
44 34
44 35
44 39
44 40
44 41
44 47
44 59
44 60
44 63
44 65
44 66
44 67
44 68
44 70
44 82
44 84
44 98
45 0
45 1
45 4
45 9
45 10
45 14
45 24
45 46
45 62
45 63
45 64
45 82
45 85
45 97
45 98
46 1
46 8
46 9
46 17
46 18
46 22
46 24
46 45
46 46
46 47
46 62
46 65
46 70
46 74
46 84
46 96
46 99
47 2
47 3
47 5
47 8
47 17
47 18
47 19
47 21
47 23
47 36
47 37
47 52
47 53
47 57
47 58
47 61
47 64
47 71
47 72
47 74
47 75
47 96
47 97
47 98
48 7
48 8
48 9
48 16
48 17
48 18
48 21
48 35
48 38
48 47
48 52
48 53
48 65
48 71
48 72
48 74
48 75
48 84
48 85
48 96
48 97
48 98
49 9
49 16
49 17
49 18
49 19
49 20
49 21
49 40
49 41
49 47
49 48
49 62
49 65
49 75
49 84
49 85
49 94
49 95
50 17
50 20
50 35
50 38
50 42
50 47
50 48
50 62
50 65
50 66
50 67
50 68
50 72
50 74
50 80
50 85
50 86
51 6
51 7
51 9
51 10
51 18
51 19
51 34
51 36
51 58
51 59
51 62
51 63
51 66
51 69
51 70
51 71
51 74
51 79
51 80
51 85
51 86
51 97
52 0
52 34
52 36
52 37
52 43
52 44
52 46
52 55
52 57
52 59
52 62
52 63
52 68
52 81
52 94
52 96
52 99
53 0
53 33
53 35
53 47
53 53
53 54
53 55
53 59
53 64
53 66
53 67
53 68
53 80
53 99
54 23
54 24
54 25
54 30
54 32
54 33
54 38
54 39
54 48
54 54
54 55
54 66
55 3
55 21
55 22
55 25
55 29
55 30
55 32
55 33
55 34
55 35
55 40
55 41
55 42
55 43
55 44
55 47
55 67
55 73
55 74
55 75
55 77
55 80
56 2
56 21
56 22
56 24
56 25
56 32
56 36
56 60
56 61
56 62
56 68
56 69
56 70
56 74
56 75
56 77
56 81
56 83
56 84
56 86
56 87
57 3
57 19
57 20
57 34
57 35
57 60
57 61
57 65
57 67
57 74
57 79
57 80
57 81
57 89
58 1
58 3
58 4
58 22
58 23
58 24
58 34
58 60
58 61
58 66
58 74
58 84
58 89
58 97
58 98
59 0
59 4
59 18
59 22
59 24
59 25
59 60
59 61
59 70
59 73
59 89
59 97
59 99
60 22
60 23
60 24
60 25
60 26
60 57
60 60
60 70
60 71
60 72
60 98
61 22
61 23
61 24
61 25
61 42
61 44
61 49
61 57
61 58
61 59
61 60
61 67
61 76
61 78
61 91
62 3
62 11
62 12
62 18
62 24
62 25
62 27
62 42
62 45
62 51
62 56
62 60
62 66
62 68
62 76
62 78
62 90
62 92
62 98
63 3
63 10
63 12
63 19
63 20
63 22
63 28
63 46
63 49
63 50
63 55
63 56
63 57
63 65
63 66
63 78
63 90
63 91
63 92
64 2
64 3
64 6
64 7
64 11
64 23
64 24
64 27
64 39
64 40
64 47
64 48
64 49
64 50
64 51
64 62
64 64
64 65
64 67
64 68
64 69
64 70
64 90
64 91
64 92
64 94
64 95
64 96
64 97
64 98
65 6
65 8
65 25
65 26
65 29
65 38
65 39
65 44
65 45
65 47
65 48
65 49
65 50
65 57
65 65
65 69
65 70
65 71
65 85
65 87
65 92
65 97
66 8
66 22
66 27
66 29
66 46
66 50
66 62
66 65
66 70
66 71
66 84
66 87
66 92
66 94
66 95
66 97
67 12
67 13
67 15
67 16
67 22
67 23
67 24
67 32
67 33
67 51
67 66
67 70
67 73
67 79
67 80
67 83
67 84
67 91
67 93
67 94
68 9
68 12
68 14
68 16
68 17
68 19
68 21
68 24
68 28
68 29
68 31
68 34
68 50
68 53
68 67
68 68
68 70
68 73
68 79
68 81
68 89
68 92
68 93
69 7
69 13
69 15
69 17
69 18
69 25
69 30
69 34
69 35
69 36
69 38
69 39
69 51
69 53
69 66
69 67
69 68
69 71
69 72
69 73
69 77
69 78
69 81
69 92
69 93
70 0
70 1
70 7
70 8
70 15
70 17
70 18
70 25
70 30
70 39
70 51
70 66
70 78
70 98
71 2
71 3
71 6
71 18
71 24
71 35
71 37
71 38
71 43
71 44
71 45
71 50
71 51
71 52
71 62
71 64
71 70
71 72
71 77
71 79
71 80
71 81
71 93
71 94
71 99
72 2
72 6
72 7
72 8
72 9
72 18
72 19
72 22
72 32
72 34
72 35
72 36
72 44
72 45
72 50
72 53
72 61
72 64
72 68
72 69
72 71
72 73
72 77
72 79
72 82
72 83
72 88
72 89
72 93
72 94
72 96
72 99
73 4
73 6
73 10
73 18
73 22
73 24
73 26
73 27
73 44
73 45
73 49
73 51
73 52
73 53
73 57
73 58
73 59
73 62
73 64
73 69
73 71
73 72
73 73
73 77
73 84
73 89
73 92
73 98
74 5
74 7
74 8
74 10
74 24
74 26
74 27
74 52
74 53
74 57
74 60
74 61
74 62
74 67
74 71
74 85
74 86
74 87
74 88
74 89
74 91
74 93
74 94
75 0
75 4
75 5
75 7
75 8
75 9
75 19
75 20
75 23
75 24
75 28
75 29
75 30
75 31
75 32
75 47
75 52
75 53
75 60
75 61
75 67
75 87
75 88
75 89
75 90
75 91
75 92
75 93
76 2
76 3
76 19
76 20
76 25
76 26
76 27
76 28
76 29
76 30
76 31
76 47
76 52
76 53
76 58
76 67
76 68
76 69
76 71
76 72
76 90
76 91
76 92
77 26
77 27
77 28
77 29
77 30
77 45
77 46
77 47
77 52
77 59
77 60
77 61
77 65
77 66
77 67
77 70
77 71
77 72
77 75
78 10
78 45
78 59
78 61
78 62
78 63
78 64
78 65
78 67
78 68
78 70
78 71
78 75
78 76
78 85
79 10
79 11
79 45
79 46
79 50
79 59
79 62
79 63
79 74
79 76
79 77
79 83
79 84
79 86
80 4
80 6
80 10
80 11
80 12
80 27
80 28
80 44
80 46
80 58
80 59
80 71
80 74
80 76
80 81
80 82
80 84
80 86
80 87
81 4
81 6
81 11
81 12
81 13
81 14
81 15
81 16
81 26
81 28
81 44
81 61
81 63
81 68
81 69
81 71
81 72
81 75
81 76
81 82
81 84
81 86
81 87
81 88
82 5
82 9
82 12
82 14
82 16
82 17
82 25
82 26
82 28
82 32
82 33
82 34
82 35
82 36
82 37
82 60
82 61
82 63
82 65
82 66
82 76
82 77
82 84
82 88
82 97
82 98
83 9
83 10
83 12
83 14
83 16
83 17
83 26
83 28
83 33
83 34
83 35
83 36
83 58
83 59
83 64
83 68
83 76
83 79
83 84
83 88
83 97
84 8
84 10
84 12
84 15
84 16
84 18
84 36
84 57
84 58
84 59
84 61
84 62
84 63
84 67
84 68
84 69
84 78
84 79
84 85
84 87
84 99
85 8
85 9
85 12
85 13
85 28
85 32
85 40
85 41
85 57
85 61
85 67
85 69
85 70
85 90
85 91
85 96
85 98
86 11
86 12
86 24
86 25
86 29
86 30
86 31
86 40
86 41
86 58
86 59
86 60
86 66
86 69
86 89
86 93
86 97
86 98
87 9
87 11
87 24
87 25
87 34
87 59
87 60
87 61
87 67
87 68
87 79
87 81
87 88
87 99
88 0
88 1
88 3
88 10
88 11
88 12
88 25
88 26
88 33
88 35
88 60
88 61
88 67
88 79
88 82
88 87
88 88
88 97
88 98
89 0
89 3
89 4
89 5
89 13
89 14
89 15
89 18
89 19
89 26
89 27
89 32
89 36
89 43
89 59
89 60
89 61
89 62
89 79
89 81
89 88
89 93
89 94
89 97
89 98
90 0
90 6
90 17
90 25
90 28
90 33
90 35
90 42
90 58
90 59
90 60
90 61
90 62
90 68
90 69
90 90
91 0
91 7
91 8
91 9
91 10
91 13
91 14
91 15
91 18
91 19
91 25
91 28
91 34
91 42
91 44
91 57
91 58
91 67
91 69
91 70
92 1
92 4
92 7
92 11
92 13
92 25
92 29
92 42
92 43
92 57
92 60
92 70
92 72
92 81
92 82
92 89
93 4
93 7
93 9
93 10
93 26
93 29
93 43
93 45
93 46
93 53
93 58
93 59
93 60
93 72
93 80
93 82
93 88
93 89
94 5
94 7
94 11
94 20
94 21
94 22
94 27
94 28
94 44
94 45
94 51
94 52
94 53
94 60
94 71
94 73
94 80
94 81
95 7
95 11
95 12
95 13
95 14
95 15
95 16
95 17
95 18
95 19
95 20
95 22
95 50
95 60
95 61
95 62
95 72
95 80
95 81
95 89
96 4
96 5
96 6
96 8
96 9
96 12
96 13
96 15
96 16
96 17
96 20
96 23
96 32
96 47
96 49
96 50
96 58
96 61
96 72
96 80
96 86
96 89
97 2
97 6
97 8
97 9
97 13
97 14
97 15
97 25
97 32
97 47
97 49
97 54
97 58
97 59
97 60
97 73
97 74
97 80
97 87
97 90
97 91
98 1
98 5
98 7
98 8
98 17
98 18
98 23
98 24
98 26
98 27
98 32
98 46
98 59
98 66
98 73
98 75
99 1
99 26
99 27
99 39
99 40
99 47
99 49
99 65
99 67
99 72
99 75
99 79
99 82
99 83
99 84
99 87
99 88
99 90
