0 4
0 5
0 6
0 7
0 14
0 17
0 60
0 63
0 95
0 96
1 5
1 6
1 15
1 16
1 36
1 37
1 60
1 63
1 96
1 99
2 35
2 38
2 61
2 62
2 97
2 98
2 99
3 23
3 24
3 36
3 37
3 57
4 11
4 12
4 13
4 22
4 25
4 58
4 87
4 94
5 23
5 25
5 56
5 59
5 67
5 87
5 93
5 95
6 24
6 43
6 44
6 56
6 57
6 67
6 87
6 93
6 95
7 34
7 35
7 36
7 43
7 44
7 58
7 66
7 67
7 68
7 94
8 30
9 30
9 64
9 70
10 30
10 62
10 72
11 61
11 62
11 67
11 72
11 73
12 60
12 61
12 66
12 67
12 68
12 71
12 74
13 61
13 64
13 65
13 66
13 67
13 69
13 71
13 73
13 91
14 35
14 62
14 63
14 65
14 68
14 71
14 91
15 35
15 63
15 64
15 91
16 35
16 64
16 65
16 69
16 72
16 73
16 74
16 75
16 76
17 17
17 18
17 19
17 64
17 65
17 69
17 71
17 72
17 74
17 76
17 87
17 88
17 89
17 93
17 94
17 95
18 17
18 19
18 20
18 40
18 41
18 64
18 65
18 74
18 82
18 83
19 18
19 20
19 40
19 41
19 68
19 69
19 71
19 72
19 74
19 82
19 83
19 85
19 91
20 4
20 19
20 69
20 70
20 71
20 72
20 73
20 81
20 85
20 91
21 4
21 14
21 15
21 17
21 19
21 20
21 68
21 70
21 81
21 83
21 91
22 4
22 13
22 16
22 18
22 19
22 21
22 22
22 67
22 68
22 69
22 81
22 82
22 83
23 11
23 15
23 18
23 19
23 22
23 52
23 53
23 66
23 69
23 70
23 71
23 72
23 77
23 78
23 79
23 83
23 84
24 10
24 12
24 14
24 15
24 20
24 21
24 22
24 52
24 53
24 69
24 70
24 71
24 72
24 77
24 79
24 84
24 85
25 10
25 14
25 66
25 67
25 68
25 72
25 73
25 76
25 79
25 85
26 11
26 12
26 13
26 37
26 71
26 72
26 76
26 84
26 85
26 87
26 90
27 11
27 13
27 20
27 21
27 37
27 53
27 71
27 72
27 77
27 78
27 79
27 84
27 85
27 90
28 10
28 12
28 19
28 20
28 21
28 37
28 53
28 78
28 81
28 83
28 85
28 90
29 10
29 12
29 18
29 19
29 20
29 21
29 53
29 81
29 83
29 89
30 10
30 11
30 12
30 18
30 85
31 18
31 65
31 66
31 80
31 81
31 84
31 89
32 18
32 22
32 65
32 66
32 81
32 82
32 83
32 89
33 17
33 21
33 23
33 24
33 84
33 85
33 88
34 21
34 23
34 24
34 77
34 78
34 85
34 86
34 87
35 12
35 13
35 23
35 31
35 32
35 77
35 78
36 11
36 14
36 18
36 19
36 21
36 22
36 58
36 59
36 60
37 3
37 7
37 8
37 12
37 14
37 19
37 20
37 21
37 31
37 37
37 39
37 58
37 60
38 4
38 5
38 7
38 8
38 13
38 29
38 30
38 31
38 36
38 39
38 58
38 59
38 60
39 4
39 5
39 9
39 29
39 30
39 31
39 36
39 46
40 6
40 10
40 11
40 35
40 36
40 38
40 44
40 45
40 46
40 47
41 7
41 9
41 10
41 12
41 36
41 40
41 44
41 45
41 48
42 8
42 9
42 10
42 11
42 13
42 32
42 44
42 45
42 46
43 12
43 13
43 32
43 37
43 40
43 85
43 86
44 32
44 39
44 85
44 86
45 0
45 24
45 25
45 45
45 98
45 99
46 24
46 25
46 44
46 45
46 91
46 98
47 44
47 91
47 98
47 99
48 91
49 80
49 81
50 80
50 81
51 50
51 51
52 36
52 37
52 50
52 52
53 35
53 38
53 51
54 3
54 37
55 3
55 40
55 97
55 98
55 99
56 3
56 16
56 34
56 36
56 37
56 40
56 41
57 15
57 17
57 36
57 38
57 54
57 55
58 37
58 38
58 41
58 54
58 55
58 56
59 15
59 16
59 17
59 34
59 38
59 41
59 53
59 55
59 56
59 84
60 33
60 35
60 36
60 37
60 38
60 39
60 41
60 51
60 53
60 54
60 84
60 85
61 15
61 16
61 17
61 33
61 36
61 37
61 38
61 41
61 52
61 53
61 54
61 55
61 85
61 86
62 15
62 16
62 17
62 34
62 35
62 36
62 37
62 38
62 39
62 40
62 54
62 56
62 57
62 84
62 85
63 16
63 35
63 39
63 84
64 37
65 37
65 75
65 77
66 61
66 75
66 78
67 17
67 18
67 36
67 60
67 62
67 80
67 81
68 17
68 18
68 35
68 37
68 50
68 51
68 60
68 62
68 75
68 76
68 77
68 82
68 83
69 35
69 37
69 50
69 51
69 60
69 75
69 81
69 83
69 84
69 85
69 87
69 88
69 89
69 92
69 93
70 36
70 61
70 62
70 78
70 79
70 82
70 84
70 86
70 88
70 89
70 90
71 26
71 62
71 63
71 70
71 71
71 72
71 78
71 79
71 84
71 86
71 87
71 89
71 90
71 91
71 95
72 25
72 26
72 27
72 60
72 62
72 69
72 72
72 79
72 86
72 95
73 12
73 17
73 18
73 24
73 25
73 26
73 27
73 28
73 59
73 60
73 62
73 63
73 69
73 79
73 80
73 86
73 95
74 10
74 11
74 12
74 13
74 17
74 19
74 20
74 23
74 24
74 28
74 29
74 59
74 62
74 63
74 65
74 76
74 77
74 79
74 80
74 86
74 87
75 9
75 10
75 11
75 14
75 22
75 23
75 24
75 28
75 29
75 30
75 32
75 33
75 56
75 66
75 69
75 73
75 74
75 75
75 76
75 78
75 80
75 86
75 88
75 91
75 92
75 93
76 9
76 11
76 12
76 13
76 14
76 23
76 24
76 28
76 29
76 32
76 33
76 54
76 57
76 63
76 66
76 69
76 73
76 74
76 76
76 83
76 84
76 85
76 86
76 87
76 88
77 10
77 13
77 17
77 20
77 24
77 25
77 26
77 27
77 28
77 55
77 56
77 66
77 67
77 71
77 72
77 77
77 78
77 83
78 10
78 11
78 13
78 14
78 17
78 18
78 25
78 26
78 27
78 52
78 53
78 54
78 55
78 64
78 66
78 67
78 79
78 80
78 81
79 13
79 26
79 51
79 52
79 54
79 55
79 65
79 66
80 11
80 15
80 51
80 52
80 53
80 71
80 72
81 16
81 21
81 22
81 23
81 51
81 52
81 53
81 71
81 73
82 12
82 16
82 52
82 53
82 71
82 74
82 85
82 86
82 99
83 13
83 14
83 15
83 46
83 53
83 54
83 56
83 57
83 67
83 68
83 72
83 73
83 74
83 84
83 86
83 99
84 45
84 49
84 54
84 67
84 68
84 73
84 85
84 99
85 38
85 39
85 49
85 50
85 55
85 56
85 57
86 38
86 39
86 46
86 51
86 79
86 80
87 47
87 48
87 49
87 50
87 78
87 79
87 81
88 24
88 25
88 49
88 77
88 88
88 90
89 23
89 26
89 76
89 87
90 24
90 25
90 79
90 87
90 91
91 69
91 70
91 71
91 78
91 79
91 81
91 82
91 83
91 88
91 89
91 90
92 72
93 45
93 46
93 47
93 77
93 80
93 81
94 13
94 14
94 67
94 74
94 76
94 79
94 80
94 81
95 13
95 14
95 68
95 81
95 95
95 96
96 3
96 4
96 69
96 71
96 78
96 79
96 82
96 95
96 96
96 98
97 2
97 3
97 72
97 73
97 76
97 77
97 78
97 80
97 81
97 82
97 83
97 94
97 95
97 98
98 3
98 7
98 8
98 25
98 26
98 61
98 62
98 63
98 64
98 65
98 74
98 75
98 79
98 80
98 83
98 93
98 94
98 97
99 3
99 4
99 6
99 8
99 15
99 16
99 25
99 26
99 60
99 63
99 79
99 80
99 81
99 82
99 96
99 98
