0 14
0 17
0 65
0 69
0 70
0 71
0 87
0 91
0 96
0 98
1 15
1 16
1 36
1 37
1 70
1 88
1 89
1 90
1 91
1 97
2 35
2 38
2 53
2 54
2 55
2 91
3 12
3 23
3 24
3 36
3 37
3 90
3 91
4 12
4 22
4 25
4 52
4 57
4 70
5 12
5 23
5 25
5 53
5 54
5 56
5 69
5 72
5 86
5 87
5 88
6 24
6 35
6 43
6 44
6 56
6 58
6 68
6 69
6 72
7 35
7 43
7 44
7 48
7 49
7 57
7 61
7 67
7 72
8 35
8 48
8 49
8 57
8 58
8 59
8 60
8 62
8 66
8 67
8 76
8 77
9 29
9 30
9 31
9 59
9 62
9 67
9 70
9 75
9 77
10 60
10 61
10 68
10 69
10 70
10 71
10 72
10 76
10 88
11 68
11 69
11 72
11 73
11 87
11 88
12 70
12 71
12 72
12 86
12 87
12 88
12 90
13 72
13 85
13 86
13 91
13 92
14 19
14 21
14 85
14 86
14 90
14 91
15 21
15 34
15 35
15 36
15 71
15 72
15 83
15 85
15 86
15 88
15 89
15 90
16 19
16 20
16 21
16 68
16 69
16 72
16 74
16 83
16 88
16 89
16 91
17 67
17 70
17 74
18 40
18 41
18 66
18 68
18 72
19 40
19 41
19 67
19 68
19 73
19 74
19 75
19 85
19 86
19 88
19 89
20 68
20 70
20 71
20 73
20 74
20 75
20 85
21 3
21 4
21 5
21 20
21 21
21 67
21 69
21 70
21 72
21 73
21 85
21 86
21 88
21 89
22 20
22 21
22 66
22 69
22 71
22 72
22 87
23 52
23 53
23 67
23 68
24 52
24 53
26 11
26 12
26 13
26 20
26 21
26 78
26 80
27 10
27 13
27 20
27 21
27 36
27 37
27 38
27 77
27 81
28 7
28 10
28 11
28 12
28 17
28 18
28 19
28 20
28 52
28 53
28 54
28 66
28 78
28 80
28 81
29 5
29 7
29 16
29 19
29 20
29 79
29 83
30 15
30 19
30 20
30 84
31 6
31 7
31 16
31 17
31 19
31 21
31 82
31 85
32 0
32 1
32 2
32 10
32 11
32 15
32 19
32 22
32 71
32 72
32 81
32 86
33 10
33 11
33 14
33 15
33 17
33 35
33 58
33 59
33 68
33 69
33 70
33 72
33 81
33 87
34 6
34 7
34 8
34 9
34 12
34 14
34 15
34 21
34 35
34 57
34 60
34 68
34 71
34 72
34 80
34 81
34 82
35 0
35 1
35 2
35 14
35 15
35 20
35 35
35 57
35 60
35 69
35 70
35 71
35 81
36 6
36 13
36 14
36 17
36 38
36 51
36 52
36 58
36 59
36 60
36 61
36 62
36 70
36 86
36 99
37 3
37 11
37 13
37 14
37 31
37 32
37 33
37 39
37 50
37 52
37 53
37 61
37 62
37 82
37 86
37 99
38 0
38 1
38 3
38 8
38 9
38 11
38 36
38 37
38 39
38 53
38 59
38 60
38 61
38 62
38 82
38 83
38 85
38 86
38 97
38 98
39 1
39 2
39 3
39 10
39 11
39 12
39 13
39 14
39 34
39 35
39 37
39 38
39 56
39 60
39 97
39 98
40 1
40 2
40 10
40 11
40 14
40 34
40 35
40 37
40 38
40 55
40 60
40 83
40 85
40 90
40 91
40 92
40 97
40 99
41 11
41 13
41 49
41 50
41 51
41 57
41 59
41 84
41 90
41 93
41 97
42 0
42 1
42 12
42 58
42 84
42 89
42 90
42 98
43 0
43 1
43 52
43 89
43 90
43 94
43 99
44 48
44 53
44 54
44 90
44 94
45 24
45 25
45 48
45 51
45 52
45 87
45 88
45 89
45 90
45 93
46 24
46 25
46 48
46 51
46 53
46 54
46 86
46 91
46 92
46 93
47 49
47 50
47 52
47 53
48 49
48 51
48 52
48 87
48 88
48 89
49 80
49 81
50 48
50 49
50 50
50 80
50 81
50 85
51 33
51 34
51 35
51 85
52 32
52 36
53 32
53 33
53 35
53 36
54 16
54 32
54 37
54 98
55 2
55 3
55 4
55 16
55 33
55 34
55 36
55 37
55 98
56 16
56 33
56 37
56 98
57 34
57 35
57 36
57 90
57 91
57 92
58 27
58 90
58 93
59 27
59 32
59 54
59 55
59 91
59 93
60 32
60 40
60 41
60 45
60 46
60 47
60 54
60 55
60 92
61 40
61 42
61 75
61 76
62 34
62 41
62 43
62 74
62 77
63 31
63 32
63 34
63 42
63 74
63 76
63 89
63 93
64 30
64 34
64 75
64 88
64 89
64 93
65 30
65 33
65 78
65 79
65 80
65 91
65 93
65 94
66 30
66 31
66 32
66 90
66 92
66 93
67 62
67 63
67 64
67 67
67 71
67 88
67 91
67 92
68 50
68 51
68 62
68 64
68 65
68 67
68 71
68 89
68 90
68 91
69 50
69 51
69 64
69 69
70 64
71 5
71 63
71 64
71 66
71 67
71 76
71 77
71 78
72 3
72 4
72 6
72 57
72 59
72 63
72 66
72 94
72 95
72 96
73 3
73 4
73 7
73 57
73 60
73 65
73 68
74 4
74 7
74 44
74 45
74 46
74 57
74 60
74 65
74 67
74 68
75 3
75 4
75 5
75 7
75 8
75 9
75 16
75 43
75 44
75 45
75 46
75 47
75 57
75 60
75 67
75 68
76 3
76 4
76 5
76 15
76 17
76 42
76 47
76 48
76 58
76 59
76 71
76 73
77 14
77 17
77 42
77 70
77 71
77 73
78 9
78 16
78 17
78 18
78 20
78 43
78 71
78 72
79 8
79 9
79 10
79 13
79 14
79 15
79 17
79 21
80 6
80 7
80 10
80 13
80 14
80 15
80 17
80 21
80 23
80 76
80 80
81 7
81 8
81 9
81 12
81 17
81 20
81 23
81 75
81 76
81 81
82 8
82 13
82 14
82 15
82 18
82 19
82 23
82 74
82 81
83 0
83 44
83 45
83 46
83 74
83 76
83 77
83 81
83 98
83 99
84 44
84 45
84 46
84 49
84 50
84 51
84 75
84 76
84 78
84 79
84 80
85 8
85 9
85 10
85 44
85 46
85 49
86 49
86 51
86 56
86 57
86 84
86 85
86 87
87 47
87 55
87 58
87 84
87 87
87 88
88 24
88 25
88 47
88 48
88 56
88 57
88 84
88 89
89 23
89 26
89 45
89 46
89 48
89 88
89 89
90 24
90 25
90 45
91 47
91 65
91 72
91 73
91 74
92 45
92 48
92 63
92 64
92 72
92 73
92 74
93 45
93 47
93 63
93 64
93 67
93 69
93 70
93 71
93 72
93 73
94 13
94 14
94 46
94 63
94 64
94 67
94 68
94 72
94 73
94 90
95 2
95 3
95 13
95 14
95 66
95 72
95 73
95 89
95 91
96 1
96 4
96 66
96 67
96 69
96 72
96 73
96 88
97 0
97 2
97 3
97 64
97 80
97 81
97 88
97 90
97 93
97 98
97 99
98 0
98 7
98 8
98 25
98 26
98 63
98 68
98 69
98 80
98 81
98 88
98 92
98 99
99 7
99 8
99 15
99 16
99 25
99 26
99 64
99 87
99 88
99 89
99 90
99 91
99 97
99 99
