0 5
0 14
0 17
0 48
0 86
0 87
0 92
0 99
1 5
1 15
1 16
1 36
1 37
2 35
2 38
2 88
2 91
3 23
3 24
3 36
3 37
3 89
3 91
4 11
4 12
4 13
4 22
4 25
4 88
4 89
4 93
4 94
5 23
5 25
5 89
5 90
5 93
5 94
5 95
6 24
6 43
6 44
6 50
6 51
6 57
6 91
6 94
7 34
7 35
7 36
7 43
7 44
7 50
7 51
7 52
7 56
7 58
7 91
7 92
7 93
8 30
8 51
8 52
8 57
8 59
8 92
9 30
9 57
9 59
9 60
9 61
10 30
10 47
10 58
10 60
10 62
11 46
11 47
11 51
11 52
11 59
11 60
11 62
12 51
12 52
13 51
13 52
14 35
14 50
14 51
14 52
14 66
14 67
14 68
15 35
15 50
16 35
17 17
17 18
17 19
17 90
17 93
18 40
18 41
18 88
18 89
18 90
19 21
19 40
19 41
19 77
19 78
19 90
19 93
19 94
20 4
20 16
20 17
20 76
20 79
20 90
20 91
20 93
20 94
21 4
21 16
21 17
21 19
21 20
21 66
21 67
21 68
21 76
21 77
21 78
21 91
21 93
21 94
22 4
22 14
22 15
22 16
22 65
22 69
22 77
22 78
22 92
23 52
23 53
23 64
23 70
23 85
23 86
23 87
24 52
24 53
24 65
24 69
24 83
24 84
24 86
24 88
24 89
25 66
25 67
25 68
25 81
25 82
25 83
25 84
25 90
25 91
26 9
26 10
26 11
26 37
26 81
26 82
26 83
26 84
26 85
26 86
26 88
27 8
27 37
27 77
27 78
27 79
27 81
27 86
27 87
28 8
28 37
28 62
28 63
28 64
28 76
28 79
29 7
29 8
29 13
29 59
29 60
29 62
29 77
29 87
29 89
30 6
30 10
30 13
30 59
30 60
30 61
30 62
30 63
30 85
30 99
31 3
31 4
31 10
31 13
31 57
31 58
31 59
31 62
31 63
31 84
31 89
31 93
31 94
31 95
31 99
32 11
32 13
32 56
32 57
32 60
32 61
32 63
32 64
32 65
32 84
32 88
32 96
32 99
33 1
33 3
33 4
33 6
33 7
33 13
33 14
33 51
33 55
33 56
33 58
33 59
33 60
33 62
33 63
33 84
33 92
33 96
34 1
34 8
34 12
34 13
34 18
34 19
34 50
34 52
34 56
34 59
34 60
34 64
34 65
34 66
34 67
34 88
34 97
34 98
35 0
35 4
35 8
35 15
35 18
35 49
35 52
35 53
35 57
35 58
35 65
35 66
35 85
35 86
35 88
35 93
35 99
36 4
36 5
36 7
36 12
36 19
36 20
36 47
36 50
36 51
36 52
36 64
36 87
36 94
36 95
36 96
36 98
36 99
37 0
37 12
37 13
37 14
37 15
37 16
37 23
37 24
37 25
37 39
37 40
37 47
37 49
37 51
37 63
37 65
37 96
37 97
38 14
38 15
38 16
38 38
38 40
38 46
38 63
38 66
38 67
38 68
38 99
39 19
39 20
39 46
39 51
39 52
39 65
39 69
40 18
40 19
40 40
40 43
40 44
40 45
40 49
40 50
40 64
40 65
40 67
40 69
41 40
41 42
41 46
41 49
41 65
41 68
42 33
42 37
42 39
42 40
42 42
42 43
42 45
42 47
42 66
43 9
43 11
43 12
43 14
43 15
43 16
43 32
43 34
43 38
43 40
43 41
43 42
43 44
43 45
43 51
43 85
43 86
44 8
44 12
44 17
44 27
44 31
44 34
44 49
44 52
44 85
44 86
45 4
45 8
45 9
45 10
45 17
45 26
45 28
45 30
45 31
45 33
45 48
45 49
45 51
45 52
46 3
46 4
46 5
46 14
46 15
46 16
46 26
46 28
46 30
46 31
46 49
46 51
46 91
47 2
47 3
47 5
47 6
47 22
47 23
47 27
47 31
47 32
47 36
47 37
47 38
47 50
47 91
48 3
48 4
48 5
48 22
48 23
48 36
48 91
49 4
49 39
49 80
49 81
50 34
50 35
50 36
50 37
50 39
50 40
50 80
50 81
51 33
51 34
51 35
51 36
51 37
51 39
52 1
52 2
52 34
52 37
53 35
53 36
53 37
53 65
53 66
53 67
53 99
54 0
54 1
54 37
54 50
54 99
55 1
55 7
55 8
55 49
55 50
55 51
55 99
56 1
56 36
56 37
56 38
56 49
56 51
56 52
57 0
57 50
57 51
57 90
57 99
58 1
58 33
58 34
58 40
58 50
58 51
58 59
58 61
58 73
58 74
58 90
58 92
59 0
59 1
59 32
59 35
59 40
59 49
59 50
59 58
59 63
59 64
59 73
59 74
59 90
59 91
60 5
60 12
60 33
60 34
60 40
60 48
60 49
60 54
60 55
60 59
60 63
60 64
60 65
60 66
61 11
61 12
61 13
61 18
61 28
61 30
61 48
61 54
61 55
61 65
61 66
62 5
62 6
62 7
62 9
62 10
62 13
62 20
62 28
62 30
62 36
62 37
62 38
62 60
62 63
62 67
63 7
63 8
63 9
63 17
63 20
63 28
63 29
63 30
63 31
63 60
63 66
63 73
64 0
64 7
64 8
64 28
64 29
64 30
64 31
64 32
64 59
64 66
64 73
65 0
65 1
65 11
65 17
65 18
65 28
65 30
65 31
65 32
65 36
65 37
65 49
65 50
65 60
65 63
65 73
65 81
65 82
65 83
65 89
65 99
66 0
66 1
66 10
66 11
66 12
66 27
66 35
66 36
66 38
66 48
66 51
66 60
66 61
66 62
66 89
66 91
66 99
67 9
67 10
67 11
67 12
67 13
67 27
67 29
67 30
67 38
67 48
67 50
67 51
67 58
67 59
67 61
67 79
67 89
67 91
67 99
68 3
68 8
68 9
68 13
68 14
68 26
68 27
68 29
68 36
68 49
68 50
68 58
68 59
68 60
68 79
69 9
69 10
69 11
69 12
69 13
69 26
69 30
69 31
69 32
69 36
69 37
69 60
69 79
70 3
70 4
70 10
70 11
70 12
70 22
70 26
70 29
70 33
70 35
70 37
70 38
70 58
70 59
70 60
71 3
71 4
71 5
71 11
71 22
71 32
71 37
71 50
71 51
71 60
71 81
71 82
71 83
71 92
72 23
72 26
72 27
72 29
72 32
72 34
72 36
72 37
72 39
72 40
72 50
72 51
72 57
72 58
72 62
72 63
72 81
72 92
72 94
73 3
73 4
73 10
73 23
73 24
73 28
73 29
73 35
73 36
73 37
73 38
73 39
73 40
73 56
73 57
73 60
73 61
73 75
73 76
73 79
73 80
73 81
73 94
73 95
73 96
73 99
74 4
74 6
74 7
74 10
74 22
74 23
74 24
74 25
74 32
74 56
74 57
74 59
74 62
74 74
74 75
74 79
74 80
74 81
74 91
74 92
74 93
74 94
74 95
74 96
74 97
74 99
75 5
75 6
75 18
75 19
75 21
75 24
75 25
75 32
75 35
75 58
75 61
75 69
75 71
75 75
75 76
75 84
75 98
75 99
76 10
76 19
76 21
76 22
76 23
76 24
76 32
76 33
76 35
76 59
76 67
76 68
76 72
76 73
76 75
76 76
76 77
76 85
77 10
77 17
77 19
77 20
77 21
77 23
77 24
77 25
77 26
77 27
77 28
77 29
77 31
77 32
77 33
77 34
77 59
77 60
77 62
77 68
77 69
77 70
77 72
77 73
77 77
77 78
77 84
77 85
78 17
78 18
78 19
78 23
78 24
78 29
78 30
78 31
78 61
78 63
78 69
78 70
78 71
78 72
78 78
78 81
78 82
78 84
79 17
79 18
79 19
79 44
79 61
79 82
79 83
80 20
80 24
80 26
80 27
80 42
80 43
80 44
80 61
80 62
81 25
81 26
81 41
81 45
81 53
81 54
81 55
81 69
82 25
82 41
82 46
82 47
82 48
82 53
82 54
82 56
82 69
82 77
82 78
82 99
83 41
83 42
83 44
83 46
83 47
83 48
83 51
83 54
83 55
83 69
83 76
83 79
83 99
84 43
84 47
84 48
84 77
84 79
84 99
85 65
85 66
85 67
85 77
85 78
85 79
86 38
86 40
86 59
86 60
86 65
86 66
86 67
86 77
86 78
87 24
87 25
87 37
87 40
87 60
87 61
87 64
87 77
87 78
87 80
87 91
88 27
88 41
88 59
88 64
88 65
88 69
88 70
88 73
88 77
88 80
88 91
89 24
89 27
89 69
89 70
89 77
89 78
89 91
90 25
90 26
90 36
90 70
90 72
90 73
90 99
91 0
91 1
91 25
91 26
91 35
91 40
91 66
91 97
91 98
92 24
92 27
92 35
92 65
92 67
92 68
92 69
92 70
92 99
93 24
93 34
93 40
93 41
93 43
93 66
93 67
93 68
93 70
93 71
93 94
93 95
93 99
94 13
94 14
94 20
94 21
94 25
94 26
94 27
94 35
94 42
94 43
94 69
94 71
94 72
94 97
94 98
94 99
95 0
95 13
95 14
95 20
95 21
95 42
95 60
95 61
95 70
95 73
95 93
95 98
95 99
96 0
96 1
96 59
96 62
96 70
96 71
96 72
96 86
96 87
96 88
96 92
96 93
96 94
97 1
97 60
97 62
97 85
97 86
97 97
98 1
98 25
98 26
98 46
98 61
98 84
98 85
98 88
98 94
98 95
98 97
99 0
99 5
99 15
99 16
99 25
99 26
99 45
99 85
99 95
99 96
99 97
99 98
