0 2
0 15
0 16
0 46
0 47
0 56
0 57
0 61
0 62
0 63
0 64
0 65
0 67
0 74
0 75
0 93
0 94
0 95
0 97
1 0
1 1
1 16
1 17
1 36
1 37
1 56
1 57
1 61
1 62
1 63
1 64
1 74
1 75
1 76
1 94
1 96
1 97
1 99
2 0
2 16
2 17
2 35
2 38
2 64
2 70
2 75
2 76
2 97
2 98
3 12
3 17
3 18
3 23
3 24
3 36
3 37
3 65
3 68
3 70
3 71
3 89
3 90
4 12
4 17
4 18
4 19
4 22
4 25
4 65
4 66
4 68
4 70
4 73
4 74
4 75
5 12
5 17
5 18
5 19
5 23
5 25
5 55
5 56
5 73
5 92
5 93
6 6
6 7
6 18
6 19
6 24
6 35
6 54
6 72
6 74
6 75
6 88
6 90
7 6
7 7
7 35
7 54
7 58
7 89
7 91
7 92
7 94
8 11
8 14
8 16
8 35
8 55
8 57
8 58
8 71
8 92
9 10
9 11
9 12
9 13
9 14
9 15
9 16
9 29
9 30
9 31
9 57
10 13
10 15
10 16
10 18
10 19
10 56
10 71
10 72
10 73
10 74
10 75
10 85
10 87
11 10
11 13
11 19
11 36
11 57
11 58
11 72
11 73
11 74
11 83
11 84
12 10
12 14
12 15
12 18
12 35
12 37
12 56
12 57
12 58
12 72
12 73
12 74
12 82
12 83
12 92
12 93
13 17
13 18
13 35
13 38
13 56
13 58
13 91
13 93
14 35
14 38
14 45
14 57
14 59
14 91
14 93
15 35
15 38
15 44
15 46
15 58
15 59
15 71
15 83
15 90
15 91
16 35
16 37
16 43
16 47
16 58
16 69
16 71
16 72
16 83
16 86
16 91
16 92
17 35
17 37
17 45
17 48
17 56
17 57
17 63
17 65
17 67
17 68
17 70
17 71
17 73
17 74
17 83
17 84
17 86
17 87
18 34
18 35
18 46
18 47
18 48
18 59
18 63
18 64
18 68
18 69
18 70
18 73
18 74
18 75
18 83
18 86
19 39
19 47
19 56
19 60
19 63
19 64
19 67
19 69
19 71
19 76
19 77
20 40
20 57
20 58
20 62
20 63
20 64
20 65
20 68
20 70
20 71
20 72
20 75
20 76
20 81
20 85
20 86
20 89
21 3
21 4
21 5
21 38
21 39
21 44
21 59
21 62
21 64
21 69
21 71
21 73
21 74
21 75
21 81
21 85
21 86
21 89
21 90
22 39
22 44
22 61
22 62
22 64
22 69
22 72
22 73
22 74
22 81
22 85
22 90
22 91
23 13
23 14
23 40
23 64
23 66
23 67
23 68
23 73
23 85
23 86
24 12
24 14
24 21
24 22
24 23
24 39
24 41
24 57
24 58
24 62
24 64
24 82
24 86
25 13
25 19
25 20
25 22
25 23
25 39
25 41
25 52
25 53
25 57
25 59
25 62
25 63
25 64
25 82
25 83
25 84
25 85
25 86
25 87
26 19
26 20
26 21
26 26
26 27
26 40
26 51
26 54
26 58
26 63
26 82
26 83
26 85
27 19
27 21
27 26
27 27
27 81
27 86
27 87
28 20
28 22
28 74
28 75
28 80
28 81
28 86
28 87
29 20
29 22
29 72
29 73
29 74
29 75
29 76
29 77
29 79
29 80
29 86
30 21
30 26
30 27
30 71
30 72
30 73
30 74
30 76
30 77
30 79
30 80
30 81
30 82
30 83
30 85
31 51
31 52
31 66
31 67
31 68
31 70
31 71
31 78
31 80
31 81
31 82
31 83
31 84
31 85
32 1
32 15
32 50
32 51
32 52
32 55
32 56
32 68
32 71
32 72
32 77
32 78
32 79
32 83
32 84
32 96
32 97
33 1
33 6
33 13
33 14
33 17
33 18
33 48
33 51
33 54
33 56
33 65
33 68
33 72
33 78
33 79
33 96
33 97
33 99
34 1
34 5
34 8
34 49
34 50
34 54
34 65
34 67
34 98
34 99
35 6
35 7
35 8
35 9
35 17
35 54
35 58
35 59
36 10
36 45
36 55
36 58
36 59
36 70
36 71
36 78
36 79
37 0
37 1
37 8
37 10
37 11
37 45
37 57
37 70
37 71
37 78
37 79
37 85
38 0
38 1
38 9
38 37
38 38
38 39
38 70
38 84
38 85
38 86
38 94
38 95
39 10
39 39
39 40
39 46
39 48
39 49
39 68
39 69
39 70
39 83
39 85
39 87
39 94
39 96
40 10
40 11
40 12
40 41
40 45
40 46
40 48
40 49
40 56
40 57
40 58
40 67
40 68
40 69
40 70
40 71
40 83
40 85
40 87
40 95
41 11
41 12
41 13
41 23
41 24
41 25
41 28
41 29
41 38
41 39
41 42
41 43
41 44
41 46
41 50
41 55
41 56
41 57
41 67
41 71
41 72
41 81
41 82
41 84
41 85
41 86
41 88
41 89
42 10
42 13
42 14
42 26
42 27
42 30
42 41
42 42
42 43
42 49
42 54
42 59
42 63
42 68
42 70
42 72
42 80
42 82
42 83
42 85
42 87
42 88
42 90
43 4
43 5
43 8
43 9
43 13
43 15
43 16
43 17
43 21
43 23
43 24
43 26
43 28
43 30
43 42
43 43
43 47
43 48
43 49
43 54
43 55
43 56
43 57
43 58
43 59
43 63
43 71
43 72
43 79
43 80
43 82
43 88
43 90
43 91
43 97
44 6
44 8
44 11
44 12
44 21
44 23
44 25
44 27
44 29
44 56
44 63
44 80
44 81
44 83
44 87
44 89
44 90
44 96
44 97
44 98
45 9
45 12
45 16
45 17
45 19
45 21
45 22
45 23
45 57
45 58
45 60
45 61
45 81
45 82
45 83
45 87
45 88
45 89
45 95
45 96
45 97
45 99
46 0
46 1
46 9
46 12
46 17
46 20
46 22
46 26
46 58
46 94
46 95
46 98
46 99
47 0
47 1
47 3
47 18
47 19
47 24
47 25
47 27
47 59
47 61
47 94
47 95
47 96
47 99
48 0
48 18
48 19
48 20
48 26
48 46
48 47
48 48
48 60
48 95
48 99
49 3
49 5
49 21
49 24
49 25
49 35
49 39
49 40
49 42
49 45
49 48
49 81
49 96
49 97
49 99
50 4
50 22
50 24
50 34
50 38
50 48
50 49
50 65
50 80
50 81
50 82
50 97
50 98
51 23
51 24
51 35
51 38
51 47
51 48
51 65
51 79
51 82
51 83
52 20
52 22
52 39
52 48
52 49
52 50
52 68
52 82
52 83
53 20
53 22
53 23
53 25
53 26
53 39
53 45
53 49
53 50
53 67
53 69
53 71
53 72
53 73
53 77
53 82
54 21
54 22
54 24
54 25
54 40
54 44
54 50
54 51
54 67
54 68
54 70
54 77
54 82
54 83
55 22
55 24
55 41
55 43
55 44
55 47
55 49
55 50
55 60
55 71
55 75
55 77
55 78
55 80
55 82
55 83
55 84
55 85
56 3
56 4
56 22
56 23
56 44
56 45
56 49
56 50
56 59
56 63
56 64
56 72
56 73
56 74
56 79
56 80
56 83
56 84
57 2
57 3
57 21
57 30
57 31
57 43
57 44
57 48
57 60
57 64
57 81
57 82
57 83
58 3
58 7
58 20
58 21
58 22
58 30
58 31
58 42
58 44
58 45
58 47
58 59
58 64
59 6
59 20
59 21
59 23
59 24
59 41
59 44
59 59
59 60
59 63
59 97
60 0
60 1
60 2
60 6
60 21
60 23
60 24
60 40
60 41
60 43
60 54
60 62
60 63
60 75
60 96
60 97
60 98
60 99
61 1
61 2
61 21
61 22
61 24
61 25
61 41
61 52
61 53
61 54
61 55
61 56
61 61
61 75
61 96
61 97
61 98
61 99
62 4
62 13
62 14
62 21
62 22
62 24
62 32
62 52
62 53
62 55
62 57
62 58
62 59
62 75
62 91
62 94
62 95
62 98
63 1
63 2
63 3
63 12
63 15
63 21
63 22
63 31
63 32
63 33
63 34
63 38
63 52
63 53
63 56
63 91
63 94
63 98
64 0
64 1
64 2
64 12
64 15
64 21
64 22
64 27
64 28
64 31
64 32
64 34
64 35
64 36
64 37
64 39
64 49
64 50
64 53
64 56
64 58
64 82
64 94
64 99
65 13
65 14
65 23
65 25
65 26
65 33
65 35
65 36
65 40
65 53
65 56
65 57
65 58
65 82
65 93
65 94
66 5
66 6
66 22
66 23
66 24
66 25
66 26
66 28
66 39
66 49
66 51
66 82
66 90
66 91
66 93
67 5
67 6
67 20
67 21
67 22
67 23
67 26
67 27
67 33
67 38
67 46
67 47
67 91
67 95
67 96
68 15
68 22
68 27
68 44
68 45
68 48
68 78
68 79
68 80
68 84
68 85
68 86
68 92
68 93
68 95
68 96
69 10
69 15
69 27
69 28
69 29
69 43
69 47
69 48
69 96
70 9
70 10
70 11
70 12
70 21
70 23
70 24
70 27
70 28
70 42
70 43
70 44
70 46
70 82
70 91
70 92
70 95
71 8
71 9
71 11
71 12
71 16
71 17
71 24
71 27
71 28
71 44
71 47
71 48
71 50
71 70
71 82
71 91
71 92
71 93
72 7
72 8
72 11
72 12
72 17
72 19
72 27
72 28
72 45
72 47
72 50
72 51
72 52
72 70
72 71
72 82
73 3
73 7
73 8
73 11
73 12
73 13
73 23
73 28
73 30
73 31
73 44
73 45
73 47
73 50
73 59
73 61
73 68
73 69
73 71
73 72
74 2
74 4
74 7
74 8
74 9
74 15
74 19
74 20
74 21
74 22
74 23
74 28
74 29
74 30
74 31
74 42
74 43
74 44
74 45
74 46
74 47
74 53
74 54
74 59
74 62
74 67
74 68
74 73
74 74
74 75
75 2
75 5
75 8
75 9
75 19
75 20
75 21
75 23
75 27
75 28
75 31
75 43
75 49
75 50
75 51
75 53
75 54
75 62
75 69
75 74
76 3
76 5
76 15
76 25
76 38
76 44
76 50
76 51
76 55
76 63
76 66
76 99
77 0
77 14
77 17
77 28
77 32
77 33
77 38
77 46
77 48
77 60
77 62
77 66
77 67
77 77
77 98
78 2
78 9
78 15
78 17
78 26
78 32
78 33
78 38
78 40
78 41
78 45
78 46
78 49
78 54
78 61
78 62
78 63
78 68
78 69
78 70
78 77
78 98
79 2
79 10
79 16
79 21
79 42
79 63
79 64
79 68
79 69
79 77
79 99
80 2
80 7
80 10
80 23
80 43
80 44
80 50
80 53
80 63
80 64
80 99
81 1
81 9
81 51
81 54
82 8
82 40
82 54
82 55
83 7
83 8
83 12
83 35
83 39
83 41
83 42
83 54
84 6
84 7
84 10
84 11
84 14
84 37
84 40
84 41
84 54
84 97
84 98
85 14
85 18
85 32
85 39
85 40
85 96
85 99
86 7
86 11
86 12
86 14
86 15
86 16
86 17
86 18
86 19
86 50
86 97
86 98
87 3
87 4
87 6
87 7
87 14
87 15
87 16
87 17
87 20
87 33
87 39
87 49
87 52
87 76
87 77
87 94
88 2
88 6
88 17
88 18
88 20
88 33
88 35
88 36
88 38
88 52
88 74
88 77
88 94
89 2
89 3
89 6
89 18
89 19
89 48
89 74
89 76
89 81
89 82
89 84
89 85
89 94
90 3
90 4
90 6
90 18
90 52
90 74
90 75
90 76
90 80
90 86
91 5
91 15
91 38
91 39
91 40
91 52
91 81
91 84
91 96
91 97
91 98
92 5
92 12
92 15
92 38
92 40
92 48
92 51
92 61
92 62
92 65
92 66
92 82
92 83
93 13
93 14
93 15
93 38
93 39
93 40
93 49
93 50
93 54
93 59
93 60
93 63
93 64
93 65
93 66
93 67
94 20
94 21
94 54
94 58
94 60
94 61
94 62
94 68
94 69
94 70
94 71
94 76
95 11
95 12
95 20
95 21
95 58
95 59
95 60
95 61
95 62
95 63
95 64
95 65
95 66
95 67
95 69
95 70
95 71
95 76
95 77
96 10
96 11
96 13
96 46
96 51
96 54
96 55
96 57
96 58
96 64
96 65
96 66
96 67
96 68
96 71
97 10
97 13
97 46
97 47
97 50
97 51
97 52
97 53
97 54
97 69
97 70
97 76
97 94
97 96
97 97
98 0
98 10
98 11
98 12
98 24
98 26
98 47
98 53
98 55
98 69
98 70
98 71
98 75
98 93
98 94
98 95
98 97
98 98
99 0
99 1
99 11
99 12
99 15
99 25
99 26
99 55
99 56
99 57
99 92
99 97
99 99
