0 5
0 14
0 17
0 83
0 85
0 86
0 96
0 99
1 5
1 15
1 16
1 36
1 37
1 97
2 35
2 38
3 23
3 24
3 36
3 37
3 90
4 11
4 12
4 13
4 22
4 25
4 87
5 23
5 25
5 87
5 93
5 94
5 95
6 24
6 43
6 44
6 55
6 56
6 87
7 34
7 35
7 36
7 43
7 44
7 54
7 59
7 90
7 91
7 92
7 95
8 30
8 54
8 59
8 95
9 30
9 54
9 59
9 91
9 92
9 93
10 30
10 46
10 47
10 55
10 56
10 92
10 93
11 46
11 47
11 50
11 52
12 50
12 53
13 49
13 52
14 35
14 50
14 51
14 52
14 66
14 67
14 68
15 35
15 50
15 51
16 35
17 90
17 91
18 16
18 40
18 41
18 66
18 67
18 68
18 76
18 77
18 78
18 89
18 91
18 92
18 93
18 94
19 17
19 18
19 19
19 40
19 41
19 65
19 69
19 93
19 94
19 95
19 96
20 4
20 16
20 20
20 65
20 69
20 79
20 80
20 92
20 93
20 96
21 4
21 17
21 20
21 63
21 64
21 70
21 71
21 75
21 80
21 90
21 91
21 92
21 95
21 96
22 4
22 13
22 14
22 15
22 16
22 17
22 18
22 19
22 62
22 67
22 72
22 80
22 90
22 91
22 92
23 14
23 15
23 16
23 17
23 52
23 53
23 62
23 66
23 68
23 72
23 76
23 87
24 10
24 11
24 15
24 52
24 53
24 62
24 67
24 72
24 86
24 88
25 9
25 11
25 12
25 63
25 64
25 65
25 66
25 70
25 71
25 80
25 85
25 86
26 9
26 11
26 12
26 37
26 65
26 66
26 69
26 76
26 81
26 85
26 86
26 88
27 10
27 11
27 37
27 69
27 76
27 80
27 84
27 85
28 37
28 62
28 66
28 67
28 68
28 77
28 78
28 79
29 12
29 13
29 63
30 12
30 13
30 98
31 11
31 13
31 55
31 85
31 94
31 98
32 18
32 54
32 55
32 56
32 84
32 85
32 86
32 94
32 95
32 96
33 5
33 7
33 17
33 19
33 56
33 57
33 83
33 88
33 93
33 97
34 0
34 16
34 17
34 19
34 20
34 57
34 58
34 64
34 65
34 66
34 84
34 85
34 88
34 94
34 98
34 99
35 10
35 12
35 56
35 58
35 64
35 67
35 84
35 85
35 88
35 94
35 97
35 98
36 3
36 8
36 9
36 10
36 11
36 12
36 40
36 41
36 47
36 52
36 53
36 54
36 57
36 58
36 64
36 68
36 96
37 4
37 6
37 8
37 23
37 24
37 25
37 39
37 41
37 46
37 48
37 52
37 53
37 54
37 65
37 68
38 41
38 42
38 45
38 66
38 68
38 70
39 41
39 42
39 45
39 48
39 65
39 66
39 67
39 70
40 18
40 19
40 46
40 64
40 67
41 12
41 16
41 17
41 18
41 19
41 32
41 64
41 66
42 10
42 11
42 13
42 15
42 18
42 19
42 32
42 33
42 48
42 49
42 50
42 51
42 65
43 4
43 13
43 15
43 27
43 28
43 34
43 39
43 40
43 41
43 46
43 47
43 53
43 85
43 86
44 4
44 9
44 10
44 11
44 15
44 27
44 28
44 33
44 34
44 40
44 85
44 86
45 4
45 10
45 15
45 26
45 28
45 32
45 33
45 49
45 54
46 13
46 26
46 29
46 31
46 32
46 35
46 36
46 37
46 46
46 91
47 0
47 1
47 2
47 13
47 14
47 16
47 22
47 23
47 27
47 28
47 29
47 30
47 31
47 46
47 50
47 52
47 53
47 91
48 14
48 15
48 22
48 23
48 28
48 29
48 30
48 48
48 91
49 4
49 49
49 50
49 51
49 80
49 81
50 4
50 33
50 40
50 41
50 80
50 81
51 4
51 32
51 33
51 40
51 41
51 50
52 0
52 39
52 41
52 49
52 51
52 98
52 99
53 0
53 51
53 52
53 65
53 66
53 67
53 98
53 99
54 2
54 37
55 0
55 2
55 35
55 36
55 38
55 39
55 47
55 99
56 35
56 39
57 0
57 1
57 2
57 34
57 35
57 36
57 37
57 38
57 48
57 51
58 2
58 10
58 13
58 33
58 34
58 40
58 50
58 51
58 59
58 60
58 61
58 62
58 63
58 73
58 74
58 89
58 99
59 0
59 1
59 9
59 13
59 32
59 35
59 40
59 49
59 50
59 51
59 59
59 61
59 63
59 64
59 73
59 74
59 88
59 99
60 0
60 9
60 14
60 33
60 34
60 40
60 46
60 47
60 49
60 50
60 54
60 55
60 60
60 61
60 67
60 88
60 89
60 90
61 9
61 10
61 14
61 36
61 37
61 46
61 47
61 49
61 50
61 54
61 55
61 62
61 63
61 64
61 67
61 68
62 0
62 5
62 6
62 11
62 13
62 26
62 27
62 28
62 36
62 37
62 47
62 49
62 63
62 64
62 69
63 0
63 5
63 10
63 11
63 12
63 26
63 27
63 28
63 35
63 37
63 48
63 49
63 66
63 69
63 73
64 1
64 10
64 11
64 66
64 68
64 73
64 99
65 0
65 14
65 29
65 49
65 57
65 58
65 59
65 73
65 81
65 82
65 83
66 0
66 14
66 15
66 27
66 29
66 30
66 48
66 52
66 53
66 57
66 58
66 62
66 81
67 4
67 5
67 6
67 7
67 8
67 9
67 10
67 11
67 12
67 13
67 14
67 16
67 25
67 26
67 27
67 29
67 51
67 53
67 59
67 62
67 79
67 80
67 81
68 2
68 5
68 6
68 7
68 8
68 9
68 10
68 12
68 15
68 16
68 17
68 28
68 32
68 33
68 34
68 36
68 37
68 48
68 49
68 50
68 59
68 64
68 79
68 81
69 2
69 6
69 9
69 10
69 11
69 16
69 23
69 24
69 27
69 31
69 38
69 49
69 61
69 62
69 81
70 1
70 14
70 15
70 23
70 24
70 26
70 29
70 31
70 32
70 36
70 38
70 39
70 49
70 62
70 80
70 81
70 82
71 2
71 8
71 9
71 13
71 24
71 25
71 26
71 27
71 30
71 35
71 36
71 38
71 39
71 50
71 53
71 56
71 63
71 65
71 74
71 75
71 76
71 80
71 81
71 83
72 8
72 9
72 11
72 13
72 23
72 24
72 25
72 26
72 27
72 33
72 37
72 38
72 39
72 50
72 51
72 54
72 55
72 57
72 58
72 64
72 73
72 74
72 75
72 76
72 77
72 84
72 98
73 8
73 10
73 11
73 12
73 22
73 23
73 24
73 25
73 26
73 34
73 37
73 38
73 54
73 55
73 57
73 58
73 73
73 76
73 77
73 81
73 83
73 97
74 11
74 24
74 25
74 26
74 37
74 39
74 54
74 55
74 61
74 81
74 82
74 91
74 92
74 93
74 95
74 97
74 98
75 1
75 3
75 4
75 6
75 7
75 25
75 26
75 27
75 28
75 33
75 34
75 35
75 36
75 37
75 38
75 39
75 56
75 62
75 74
75 76
75 77
75 78
75 85
75 91
75 94
75 95
75 96
75 97
75 99
76 3
76 4
76 6
76 26
76 27
76 28
76 29
76 30
76 31
76 35
76 36
76 38
76 39
76 57
76 63
76 67
76 68
76 74
76 76
76 77
76 84
76 86
76 93
76 95
77 4
77 5
77 6
77 17
77 19
77 21
77 26
77 28
77 30
77 31
77 58
77 59
77 62
77 67
77 68
77 76
77 79
77 83
77 84
77 86
77 87
77 93
77 94
78 15
78 16
78 18
78 20
78 21
78 22
78 26
78 30
78 31
78 34
78 35
78 77
78 80
78 83
78 86
79 17
79 23
79 24
79 28
79 30
79 34
79 53
79 54
79 55
79 77
79 80
79 84
79 85
80 18
80 19
80 21
80 22
80 24
80 28
80 29
80 30
80 40
80 41
80 42
80 52
80 56
80 61
80 77
80 84
80 85
81 22
81 24
81 38
81 39
81 41
81 42
81 43
81 44
81 51
81 57
81 60
81 61
81 69
81 77
81 80
81 83
82 38
82 41
82 42
82 47
82 49
82 50
82 51
82 57
82 69
82 77
82 80
82 99
83 38
83 39
83 40
83 48
83 49
83 50
83 51
83 57
83 69
83 80
83 81
83 99
84 43
84 45
84 52
84 56
84 81
84 82
84 99
85 53
85 54
85 55
85 80
85 81
86 39
86 40
86 63
87 23
87 26
87 38
87 41
87 62
87 63
87 64
87 91
88 25
88 26
88 27
88 28
88 39
88 40
88 62
88 63
88 65
88 66
88 67
88 91
89 22
89 63
89 65
89 66
89 67
89 91
90 23
90 24
90 27
90 28
90 64
90 68
90 69
90 97
90 98
91 41
91 42
91 64
91 65
91 66
91 67
91 70
91 71
91 72
91 73
91 97
91 98
92 40
92 43
92 64
92 67
92 69
92 70
92 74
92 96
92 97
92 98
93 40
93 44
93 65
93 66
93 70
93 71
93 96
93 98
93 99
94 1
94 13
94 14
94 20
94 21
94 27
94 44
94 70
94 71
94 72
94 74
94 88
94 95
94 96
94 98
95 1
95 13
95 14
95 41
95 44
95 60
95 61
95 69
95 70
95 74
95 75
95 88
95 89
95 96
95 98
95 99
96 2
96 3
96 42
96 43
96 59
96 62
96 68
96 69
96 73
96 74
96 83
96 84
96 89
96 93
96 94
96 96
97 0
97 1
97 2
97 3
97 60
97 62
97 69
97 71
97 72
97 73
97 82
97 84
97 85
97 94
97 96
97 98
98 1
98 3
98 25
98 26
98 61
98 70
98 71
98 72
98 81
98 82
98 85
98 95
98 96
99 0
99 2
99 3
99 4
99 5
99 15
99 16
99 25
99 26
99 71
99 82
99 83
99 95
