0 14
0 17
0 87
0 88
0 90
0 96
1 15
1 16
1 36
1 37
1 54
1 88
1 92
1 95
2 35
2 38
2 52
2 53
2 54
2 55
2 56
2 89
2 90
2 92
2 93
2 94
3 23
3 24
3 36
3 37
3 54
3 56
3 91
3 92
4 11
4 12
4 13
4 22
4 25
4 51
4 56
4 57
4 87
5 23
5 25
5 51
5 54
5 55
5 72
5 87
6 24
6 43
6 44
6 52
6 53
6 72
6 87
7 34
7 35
7 36
7 43
7 44
7 48
7 49
7 53
7 54
7 61
7 62
7 70
7 71
7 74
8 30
8 48
8 49
8 54
8 57
8 58
8 59
8 61
8 62
8 68
8 69
8 70
8 71
8 75
8 77
8 78
9 30
9 69
9 71
9 75
9 76
10 30
10 73
10 74
11 68
14 20
14 21
14 35
14 68
14 70
14 71
14 72
15 19
15 22
15 35
15 67
15 68
15 70
15 71
15 72
16 19
16 22
16 35
16 68
16 72
16 88
17 20
17 21
17 67
17 68
17 70
17 86
17 87
18 40
18 41
18 67
18 68
18 70
18 71
18 72
19 40
19 41
19 68
19 70
19 75
20 4
20 68
20 70
20 75
20 84
20 85
21 4
21 20
21 21
21 69
21 70
21 72
21 74
21 84
21 85
21 86
21 87
21 88
22 4
22 20
22 21
22 89
23 11
23 12
23 13
23 52
23 53
23 86
23 88
24 11
24 12
24 13
24 52
24 53
24 87
25 9
25 15
25 16
25 17
25 18
26 9
26 11
26 13
26 15
26 19
26 37
27 11
27 12
27 15
27 16
27 17
27 18
27 37
27 53
27 77
27 78
28 8
28 37
28 53
28 77
28 78
29 8
29 10
29 16
29 53
30 16
30 83
30 85
31 1
31 2
31 14
31 18
31 20
31 21
31 22
31 72
31 73
31 81
31 82
31 83
31 86
32 1
32 2
32 13
32 14
32 15
32 16
32 17
32 18
32 22
32 58
32 59
32 60
32 70
32 73
32 80
32 81
32 82
33 0
33 1
33 13
33 14
33 16
33 17
33 18
33 19
33 20
33 21
33 59
33 60
33 69
33 70
33 71
33 74
33 80
33 81
34 0
34 1
34 12
34 34
34 35
34 52
34 58
34 59
34 60
34 73
34 74
34 80
35 0
35 1
35 3
35 7
35 8
35 9
35 10
35 11
35 12
35 36
35 50
35 51
35 53
35 54
35 69
35 70
35 71
35 85
35 86
35 99
36 2
36 4
36 11
36 12
36 31
36 36
36 37
36 53
36 68
36 74
36 78
36 79
36 80
36 86
37 2
37 4
37 11
37 12
37 13
37 30
37 31
37 39
37 50
37 53
37 58
37 60
37 68
37 69
37 72
37 73
37 78
37 79
37 82
37 83
37 86
37 87
37 90
37 91
37 92
37 95
37 96
37 98
38 11
38 12
38 13
38 14
38 15
38 31
38 36
38 38
38 40
38 51
38 52
38 58
38 60
38 68
38 71
38 79
38 80
38 82
38 83
38 88
38 89
38 92
38 94
38 98
39 3
39 11
39 12
39 13
39 14
39 15
39 32
39 33
39 36
39 37
39 39
39 40
39 59
39 69
39 70
39 71
39 80
39 82
39 87
39 92
39 94
39 99
40 0
40 1
40 2
40 4
40 11
40 12
40 14
40 15
40 33
40 34
40 35
40 56
40 82
40 92
40 99
41 12
41 14
41 49
41 55
41 56
41 57
41 58
41 60
41 61
41 81
41 82
41 83
41 90
41 91
41 92
41 95
41 96
42 13
42 48
42 49
42 55
42 61
42 82
42 84
42 85
42 86
42 94
42 95
42 96
43 0
43 2
43 3
43 47
43 60
43 83
43 84
43 86
43 91
43 92
44 2
44 48
44 57
44 58
44 59
44 84
44 85
44 91
44 92
44 94
44 99
45 1
45 24
45 25
45 86
45 95
45 99
46 24
46 25
46 86
46 95
47 52
47 53
47 87
47 88
47 90
47 91
47 93
47 94
48 33
48 34
48 35
48 52
48 53
49 80
49 81
50 33
50 35
50 49
50 50
50 80
50 81
51 33
51 35
51 49
51 50
52 32
52 34
52 35
53 31
53 34
53 36
54 3
54 31
54 38
54 90
54 91
54 92
55 3
55 15
55 16
55 17
55 33
55 35
55 38
55 89
55 97
55 98
55 99
56 3
56 34
56 35
56 37
56 88
56 92
57 34
57 36
57 88
57 92
57 93
58 34
58 36
58 88
58 94
59 36
59 46
59 54
59 55
59 89
60 33
60 34
60 40
60 41
60 46
60 54
60 55
60 90
60 94
61 31
61 32
61 35
61 40
61 42
61 46
61 75
61 76
61 92
62 29
62 30
62 32
62 34
62 35
62 41
62 43
62 74
62 77
62 91
63 32
63 35
63 36
63 42
63 74
63 76
63 91
64 27
64 28
64 29
64 33
64 35
64 36
64 75
64 79
64 90
65 26
65 27
65 33
65 35
65 63
65 64
65 79
66 27
66 34
66 62
66 65
66 79
66 86
66 87
66 92
67 28
67 30
67 31
67 32
67 63
67 64
67 86
67 88
68 30
68 31
68 32
68 50
68 51
68 63
68 64
68 87
68 88
69 5
69 50
69 51
69 62
69 63
69 87
69 88
70 3
70 4
70 6
70 61
70 62
70 63
70 77
71 6
71 60
71 61
71 63
71 77
71 95
72 2
72 6
72 7
72 45
72 59
72 60
72 63
72 68
72 77
72 95
73 2
73 3
73 6
73 43
73 44
73 45
73 46
73 47
73 58
73 59
73 61
73 68
73 69
73 95
74 2
74 3
74 4
74 5
74 6
74 7
74 42
74 43
74 44
74 46
74 47
74 59
74 60
74 61
74 62
74 67
75 3
75 4
75 5
75 6
75 41
75 42
75 48
75 63
75 64
75 67
75 71
76 4
76 8
76 40
76 41
76 48
76 68
77 4
77 5
77 13
77 14
77 15
77 20
77 22
77 41
77 42
77 43
77 45
77 46
77 47
77 67
78 4
78 8
78 13
78 19
78 22
78 42
78 43
78 45
78 46
78 47
78 68
79 5
79 6
79 13
79 15
79 20
79 22
79 43
79 44
79 45
80 5
80 6
80 14
80 15
80 16
80 18
80 19
80 20
80 45
80 75
81 16
81 17
81 19
81 44
81 46
81 47
81 73
82 16
82 20
82 43
82 44
82 45
82 46
82 47
82 48
82 73
82 99
83 7
83 14
83 17
83 18
83 20
83 42
83 43
83 49
83 73
83 99
84 7
84 8
84 9
84 14
84 19
84 43
84 44
84 45
84 47
84 48
84 51
84 79
84 87
84 88
84 99
85 7
85 8
85 10
85 48
85 52
85 79
85 87
86 9
86 10
86 45
86 47
86 49
86 52
86 56
86 57
86 79
86 83
86 89
86 90
87 48
87 50
87 51
87 55
87 58
87 82
87 89
87 91
88 24
88 25
88 44
88 45
88 46
88 47
88 48
88 49
88 56
88 57
88 82
88 83
88 84
88 91
88 92
89 23
89 26
89 47
89 89
89 91
90 24
90 25
90 48
90 49
90 71
90 89
90 90
91 48
91 49
91 63
91 65
91 70
91 72
91 73
91 89
91 90
92 46
92 47
92 48
92 62
92 64
92 66
92 68
92 70
92 73
92 90
93 45
93 49
93 66
93 67
93 68
93 69
93 70
93 89
93 90
93 91
94 2
94 3
94 4
94 13
94 14
94 46
94 48
94 62
94 69
94 70
94 73
94 88
94 89
94 91
94 92
95 5
95 13
95 14
95 47
95 63
95 64
95 69
95 88
95 89
96 69
96 87
96 88
96 91
96 93
97 5
97 6
97 71
97 72
97 80
97 81
97 86
97 93
97 94
98 4
98 6
98 7
98 8
98 25
98 26
98 80
98 81
98 86
98 88
98 89
98 90
98 91
98 93
99 7
99 8
99 15
99 16
99 25
99 26
99 86
99 92
99 95
