0 2
0 3
0 18
0 19
0 39
0 40
0 41
0 48
0 65
0 66
0 67
0 73
0 74
0 78
0 79
0 81
0 82
0 85
1 3
1 4
1 6
1 11
1 13
1 17
1 22
1 23
1 39
1 42
1 49
1 50
1 64
1 68
1 78
1 79
1 80
1 82
1 87
2 4
2 9
2 13
2 14
2 18
2 19
2 21
2 22
2 37
2 38
2 43
2 46
2 51
2 52
2 53
2 57
2 58
2 59
2 60
2 61
2 62
2 64
2 67
2 75
2 76
2 79
2 86
2 87
2 88
2 96
2 97
3 8
3 12
3 13
3 18
3 19
3 35
3 36
3 38
3 39
3 44
3 46
3 50
3 51
3 52
3 53
3 58
3 61
3 64
3 67
3 73
3 78
3 89
3 90
3 91
3 96
3 97
4 7
4 8
4 10
4 13
4 21
4 35
4 36
4 37
4 47
4 48
4 50
4 59
4 60
4 73
4 78
4 83
4 87
4 91
5 8
5 16
5 17
5 18
5 19
5 20
5 21
5 41
5 43
5 47
5 50
5 51
5 74
5 76
5 77
5 84
5 89
5 93
5 94
5 95
6 8
6 9
6 11
6 12
6 16
6 17
6 18
6 19
6 21
6 39
6 40
6 42
6 43
6 48
6 49
6 50
6 86
6 87
6 93
6 95
7 9
7 18
7 20
7 36
7 37
7 39
7 40
7 42
7 43
7 49
7 57
7 58
7 72
7 73
7 74
7 91
7 92
7 95
7 96
8 30
8 31
8 36
8 38
8 39
8 40
8 42
8 43
8 45
8 46
8 56
8 57
8 59
8 64
8 69
8 70
8 91
9 29
9 36
9 38
9 41
9 42
9 44
9 47
9 56
9 57
9 59
9 63
9 64
9 65
9 75
9 76
9 77
9 80
9 81
9 82
9 83
9 84
9 85
9 91
10 14
10 37
10 38
10 40
10 45
10 46
10 58
10 62
10 65
10 66
10 69
10 78
10 82
10 83
10 86
10 92
10 97
11 13
11 15
11 30
11 31
11 38
11 61
11 66
11 67
11 70
11 75
11 76
11 77
11 80
11 85
12 13
12 17
12 18
12 60
12 61
12 65
12 66
12 67
12 76
12 80
12 81
12 82
12 83
12 85
12 93
12 95
13 13
13 16
13 17
13 19
13 20
13 61
13 65
13 66
13 82
13 83
13 84
13 92
14 14
14 20
14 44
14 45
14 92
14 94
14 95
14 97
15 15
15 16
15 18
15 44
15 45
15 56
15 57
15 61
15 64
15 92
15 95
15 96
15 99
16 2
16 3
16 15
16 16
16 17
16 19
16 20
16 55
16 62
16 63
16 64
16 65
16 92
16 93
16 95
17 1
17 4
17 20
17 35
17 38
17 56
17 58
17 62
17 63
17 64
17 65
17 79
17 96
17 99
18 1
18 2
18 35
18 37
18 38
18 39
18 59
18 60
18 62
18 70
18 71
19 1
19 2
19 21
19 40
19 46
19 50
19 56
19 57
19 59
19 61
19 62
19 71
20 2
20 3
20 4
20 11
20 12
20 13
20 14
20 20
20 25
20 26
20 30
20 31
20 38
20 39
20 45
20 47
20 50
20 56
20 57
20 63
20 68
20 70
20 71
20 86
20 87
20 88
21 3
21 5
21 10
21 11
21 12
21 15
21 24
21 25
21 30
21 31
21 38
21 45
21 46
21 56
21 62
21 84
21 85
21 87
21 88
22 0
22 4
22 9
22 10
22 12
22 13
22 14
22 15
22 24
22 26
22 30
22 32
22 46
22 56
22 58
22 60
22 62
22 64
22 85
22 99
23 1
23 9
23 10
23 11
23 24
23 25
23 28
23 31
23 32
23 39
23 54
23 57
23 58
23 99
24 12
24 20
24 21
24 25
24 26
24 27
24 28
24 31
24 34
24 38
24 40
24 58
24 59
24 63
24 77
24 78
24 79
25 2
25 11
25 12
25 19
25 21
25 22
25 28
25 32
25 33
25 34
25 35
25 38
25 40
25 49
25 50
25 51
25 52
25 53
25 63
25 69
25 79
25 83
26 2
26 19
26 23
26 25
26 33
26 35
26 39
26 49
26 52
26 53
26 63
26 69
26 77
26 79
26 83
26 84
26 98
27 2
27 19
27 23
27 50
27 52
27 58
27 61
27 62
27 83
27 85
27 98
28 7
28 14
28 16
28 17
28 20
28 23
28 26
28 27
28 28
28 51
28 52
28 57
28 63
28 90
28 91
28 93
28 94
28 98
29 6
29 9
29 13
29 18
29 21
29 22
29 23
29 28
29 31
29 32
29 51
29 52
29 61
29 62
29 63
29 84
29 86
29 89
29 94
29 98
30 1
30 5
30 9
30 16
30 25
30 31
30 32
30 51
30 52
30 53
30 63
30 64
30 66
30 67
30 68
30 84
30 85
30 88
30 89
30 91
30 93
31 6
31 8
31 47
31 58
31 60
31 64
31 67
31 68
31 75
31 76
31 89
31 90
31 98
32 7
32 13
32 14
32 15
32 16
32 26
32 27
32 46
32 47
32 58
32 60
32 61
32 64
32 65
32 67
32 72
32 73
32 74
32 76
32 98
32 99
33 11
33 15
33 16
33 39
33 40
33 47
33 58
33 60
33 65
33 67
33 72
33 73
33 74
33 75
34 11
34 13
34 14
34 38
34 39
34 40
34 58
34 59
34 60
34 65
34 67
34 73
34 74
34 84
34 85
35 11
35 13
35 38
35 39
35 40
35 46
35 47
35 68
35 84
35 97
36 1
36 2
36 12
36 38
36 39
36 44
36 67
36 83
36 84
36 85
36 97
36 98
37 7
37 39
37 40
37 43
37 45
37 52
37 53
37 54
37 67
37 95
37 96
37 97
37 98
38 2
38 6
38 7
38 26
38 29
38 44
38 49
38 50
38 53
38 58
38 72
38 73
38 75
38 95
38 96
38 98
39 0
39 2
39 4
39 5
39 18
39 27
39 29
39 46
39 47
39 53
39 57
39 61
39 62
39 64
39 75
39 99
40 5
40 17
40 19
40 23
40 27
40 28
40 29
40 45
40 46
40 47
40 52
40 53
40 54
40 61
40 62
40 63
40 64
40 68
40 69
40 73
40 75
40 96
41 5
41 6
41 16
41 17
41 21
41 22
41 24
41 36
41 37
41 38
41 46
41 47
41 48
41 53
41 54
41 57
41 58
41 61
41 64
41 68
41 69
41 72
41 73
41 83
41 84
41 93
41 96
42 16
42 22
42 24
42 25
42 46
42 47
42 48
42 57
42 58
42 59
42 61
42 70
42 71
42 72
42 82
42 83
42 85
42 93
43 1
43 2
43 15
43 16
43 22
43 25
43 34
43 40
43 46
43 47
43 57
43 59
43 60
43 65
43 67
43 68
43 70
43 71
43 82
43 85
43 93
43 95
44 1
44 2
44 7
44 8
44 9
44 13
44 15
44 22
44 24
44 25
44 34
44 40
44 56
44 57
44 59
44 63
44 68
44 82
44 83
44 84
45 1
45 2
45 3
45 4
45 6
45 9
45 12
45 15
45 18
45 20
45 22
45 24
45 34
45 40
45 45
45 47
45 56
45 57
45 63
45 64
45 65
45 69
45 73
45 74
45 83
45 97
45 98
45 99
46 3
46 5
46 6
46 7
46 10
46 18
46 20
46 24
46 46
46 57
46 62
46 84
46 85
46 96
47 2
47 5
47 6
47 8
47 17
47 22
47 23
47 36
47 37
47 46
47 52
47 53
47 57
47 58
47 62
47 63
47 66
47 69
47 71
47 75
47 87
47 97
47 98
48 3
48 8
48 9
48 17
48 20
48 36
48 37
48 52
48 53
48 62
48 63
48 64
48 69
48 71
48 72
48 74
48 75
48 84
48 85
48 87
48 97
49 13
49 14
49 17
49 20
49 36
49 37
49 40
49 47
49 48
49 63
49 64
49 68
49 69
49 70
49 85
49 95
50 7
50 9
50 17
50 20
50 35
50 36
50 38
50 39
50 40
50 41
50 47
50 48
50 65
50 68
50 69
50 70
50 72
50 73
50 74
50 86
50 89
50 94
50 95
50 96
51 7
51 9
51 18
51 19
51 36
51 39
51 41
51 42
51 56
51 58
51 62
51 63
51 65
51 66
51 71
51 73
51 74
51 79
51 80
51 81
51 85
51 89
51 94
51 95
51 96
52 0
52 7
52 9
52 34
52 35
52 38
52 39
52 41
52 43
52 54
52 57
52 58
52 59
52 63
52 64
52 65
52 79
52 86
52 95
52 96
52 99
53 0
53 34
53 35
53 38
53 39
53 41
53 42
53 43
53 45
53 46
53 47
53 54
53 59
53 66
53 67
53 68
53 69
53 78
53 79
53 80
53 99
54 23
54 24
54 29
54 33
54 39
54 40
54 41
54 42
54 43
54 44
54 45
54 46
54 47
54 54
54 66
54 74
54 78
54 79
55 2
55 4
55 22
55 24
55 25
55 30
55 31
55 33
55 34
55 35
55 46
55 47
55 55
55 61
55 68
55 69
55 74
55 77
55 78
55 79
56 2
56 21
56 22
56 24
56 28
56 36
56 57
56 61
56 66
56 74
56 78
56 81
56 82
56 84
57 3
57 20
57 33
57 34
57 35
57 61
57 65
57 69
57 71
57 73
57 74
57 79
57 80
57 84
57 85
57 86
57 87
57 88
57 98
58 1
58 3
58 19
58 20
58 22
58 23
58 31
58 60
58 66
58 67
58 72
58 73
58 84
58 85
58 86
58 87
58 88
58 89
58 97
59 0
59 2
59 3
59 19
59 20
59 22
59 24
59 25
59 58
59 59
59 60
59 70
59 71
59 72
59 86
59 87
59 89
59 97
60 1
60 2
60 3
60 19
60 20
60 25
60 50
60 51
60 60
60 71
60 98
60 99
61 0
61 1
61 2
61 18
61 19
61 20
61 21
61 22
61 27
61 42
61 43
61 57
61 58
61 59
61 76
61 77
61 91
61 92
61 94
61 95
61 99
62 0
62 1
62 2
62 11
62 12
62 18
62 19
62 20
62 21
62 22
62 24
62 25
62 27
62 42
62 43
62 44
62 49
62 50
62 52
62 56
62 60
62 66
62 67
62 68
62 76
62 77
62 78
62 90
62 98
62 99
63 3
63 10
63 12
63 22
63 24
63 26
63 39
63 44
63 45
63 52
63 56
63 59
63 66
63 67
63 68
63 78
63 90
63 91
63 99
64 2
64 6
64 7
64 11
64 24
64 25
64 27
64 28
64 39
64 44
64 45
64 47
64 50
64 56
64 63
64 64
64 69
64 70
64 91
64 93
64 94
64 98
65 2
65 5
65 8
65 26
65 38
65 39
65 45
65 46
65 47
65 49
65 50
65 62
65 63
65 64
65 70
65 85
65 86
65 95
65 96
65 97
66 8
66 13
66 16
66 21
66 27
66 28
66 29
66 57
66 58
66 62
66 63
66 65
66 71
66 85
66 86
66 87
66 91
66 95
66 96
67 6
67 8
67 9
67 12
67 15
67 22
67 23
67 28
67 29
67 33
67 51
67 66
67 70
67 72
67 79
67 80
67 84
67 87
67 92
67 93
68 8
68 9
68 12
68 16
68 23
68 24
68 28
68 32
68 33
68 51
68 52
68 53
68 67
68 69
68 71
68 72
68 73
68 79
68 81
68 83
68 84
68 86
68 87
68 88
68 89
68 92
68 93
69 7
69 13
69 14
69 16
69 18
69 19
69 20
69 22
69 23
69 31
69 32
69 34
69 36
69 38
69 39
69 42
69 44
69 51
69 52
69 53
69 66
69 67
69 72
69 77
69 78
69 81
69 83
69 84
69 85
69 87
69 88
69 89
70 0
70 1
70 7
70 19
70 20
70 21
70 22
70 23
70 24
70 25
70 29
70 31
70 32
70 33
70 35
70 37
70 38
70 42
70 44
70 76
70 78
70 80
70 81
70 83
70 84
70 87
70 88
70 93
70 97
71 2
71 6
71 7
71 16
71 20
71 21
71 22
71 24
71 32
71 33
71 34
71 35
71 36
71 37
71 51
71 62
71 65
71 69
71 71
71 80
71 81
71 83
71 84
71 85
71 87
71 88
71 97
71 99
72 2
72 4
72 7
72 8
72 17
72 19
72 22
72 26
72 32
72 44
72 45
72 49
72 50
72 52
72 53
72 62
72 63
72 64
72 69
72 72
72 73
72 76
72 84
72 85
72 87
72 88
72 90
72 93
72 94
72 99
73 1
73 2
73 9
73 10
73 19
73 22
73 24
73 26
73 45
73 52
73 53
73 58
73 62
73 63
73 69
73 72
73 73
73 77
73 78
73 80
73 81
73 85
73 86
73 92
73 95
73 97
73 99
74 1
74 2
74 4
74 5
74 6
74 8
74 9
74 23
74 24
74 26
74 33
74 48
74 57
74 58
74 59
74 67
74 69
74 70
74 86
74 87
74 88
74 93
75 0
75 1
75 2
75 8
75 19
75 24
75 26
75 32
75 53
75 58
75 60
75 61
75 67
75 68
75 69
75 70
75 89
75 90
75 92
75 93
76 2
76 3
76 19
76 20
76 25
76 26
76 27
76 28
76 29
76 30
76 31
76 46
76 48
76 52
76 53
76 58
76 60
76 71
76 72
76 74
76 91
77 46
77 59
77 60
77 61
77 66
77 71
78 9
78 38
78 45
78 51
78 62
78 64
78 65
78 67
78 68
78 70
78 75
78 76
79 10
79 11
79 38
79 45
79 46
79 50
79 59
79 63
79 65
79 67
79 69
79 70
79 74
79 76
79 84
79 85
79 86
79 97
80 4
80 5
80 11
80 27
80 28
80 35
80 43
80 44
80 49
80 55
80 57
80 58
80 59
80 63
80 65
80 66
80 67
80 68
80 69
80 70
80 71
80 74
80 76
80 81
80 82
80 84
80 86
81 4
81 5
81 6
81 12
81 15
81 26
81 28
81 38
81 45
81 54
81 65
81 66
81 71
81 75
81 82
81 84
81 87
81 98
82 9
82 12
82 14
82 15
82 16
82 26
82 32
82 34
82 59
82 60
82 61
82 62
82 63
82 65
82 71
82 77
82 82
82 84
82 87
82 88
82 97
83 0
83 8
83 10
83 12
83 14
83 17
83 18
83 26
83 27
83 28
83 31
83 33
83 35
83 36
83 37
83 55
83 62
83 63
83 77
83 78
83 79
83 85
83 86
83 87
83 97
84 11
84 12
84 14
84 28
84 29
84 30
84 31
84 32
84 57
84 58
84 61
84 62
84 67
84 68
84 69
84 76
84 78
84 85
84 86
84 96
84 97
84 99
85 8
85 9
85 12
85 16
85 17
85 29
85 30
85 31
85 40
85 41
85 58
85 59
85 66
85 69
85 96
85 97
85 98
86 9
86 10
86 11
86 24
86 25
86 30
86 40
86 41
86 59
86 60
86 69
86 89
86 90
86 91
86 92
87 9
87 11
87 24
87 25
87 66
87 67
87 68
87 80
87 81
87 88
87 90
87 91
87 92
87 93
87 99
88 0
88 33
88 34
88 35
88 60
88 62
88 79
88 80
88 81
88 88
88 90
88 91
88 92
88 93
88 98
89 0
89 2
89 3
89 4
89 11
89 12
89 14
89 15
89 18
89 26
89 27
89 33
89 35
89 43
89 59
89 61
89 80
89 81
89 88
89 89
89 90
89 93
89 94
89 97
89 98
90 0
90 4
90 5
90 9
90 14
90 15
90 18
90 19
90 26
90 27
90 33
90 34
90 35
90 42
90 44
90 58
90 62
90 68
90 69
90 90
91 0
91 5
91 6
91 14
91 18
91 19
91 25
91 28
91 42
91 58
91 61
91 67
91 69
92 1
92 2
92 5
92 6
92 7
92 9
92 10
92 12
92 26
92 27
92 29
92 43
92 45
92 58
92 59
92 67
92 69
92 81
92 82
93 5
93 6
93 12
93 26
93 27
93 29
93 43
93 45
93 52
93 54
93 58
93 59
93 71
93 72
93 73
93 80
93 82
93 88
93 89
93 90
94 5
94 10
94 20
94 21
94 28
94 44
94 45
94 51
94 54
94 61
94 81
94 88
95 6
95 7
95 11
95 14
95 18
95 19
95 20
95 22
95 23
95 51
95 61
95 71
95 73
95 80
95 87
95 88
96 5
96 6
96 8
96 12
96 13
96 15
96 16
96 17
96 48
96 49
96 55
96 58
96 61
96 72
96 79
96 81
96 87
96 88
97 3
97 4
97 8
97 9
97 14
97 19
97 24
97 31
97 32
97 33
97 38
97 47
97 48
97 49
97 55
97 58
97 59
97 60
97 87
97 90
97 91
98 2
98 3
98 4
98 6
98 17
98 18
98 24
98 26
98 27
98 38
98 47
98 52
98 53
98 73
98 74
98 75
98 79
98 83
98 84
98 88
98 89
98 90
99 1
99 2
99 3
99 7
99 18
99 20
99 24
99 26
99 27
99 47
99 48
99 49
99 65
99 66
99 67
99 73
99 75
99 79
99 87
99 88
99 90
