0 14
0 17
0 68
0 71
0 90
0 91
0 94
0 97
1 15
1 16
1 36
1 37
1 54
1 69
1 71
1 87
1 88
1 90
1 92
1 93
1 94
1 97
2 35
2 38
2 53
2 54
2 71
2 92
3 12
3 23
3 24
3 36
3 37
3 52
3 56
3 71
4 12
4 22
4 25
4 52
4 53
4 55
4 56
4 68
5 12
5 23
5 25
5 52
5 53
5 69
5 72
5 86
5 87
5 88
6 24
6 35
6 43
6 44
6 54
6 58
6 59
6 60
6 73
7 35
7 43
7 44
7 48
7 49
7 55
7 59
7 60
7 61
7 70
7 72
8 35
8 48
8 49
8 55
8 56
8 57
8 58
8 60
8 61
8 62
8 72
8 73
8 74
8 75
8 76
8 77
9 29
9 30
9 31
9 68
9 69
9 73
9 77
10 67
10 69
10 72
10 76
11 67
11 74
11 88
12 68
12 69
12 70
12 71
12 72
12 73
12 87
12 89
12 90
13 69
13 70
13 71
13 72
13 88
13 89
13 90
13 91
14 20
14 21
14 69
14 87
14 88
14 90
14 91
15 19
15 22
15 34
15 35
15 36
15 68
15 70
15 71
15 86
15 88
16 19
16 22
16 67
16 85
16 88
17 20
17 21
17 72
17 86
17 87
18 40
18 41
18 67
18 69
18 71
18 72
19 40
19 41
19 68
19 72
19 74
19 75
19 76
20 70
20 71
20 72
20 84
20 85
21 3
21 4
21 5
21 20
21 21
21 70
21 71
21 84
21 87
22 20
22 21
22 85
22 86
22 87
23 52
23 53
23 87
24 12
24 52
24 53
25 10
25 11
25 13
25 14
26 10
26 11
26 13
26 14
26 17
26 18
26 19
27 17
27 36
27 37
27 38
27 77
27 78
28 9
28 10
28 12
28 13
28 52
28 53
28 54
28 77
28 78
28 81
28 83
29 9
29 10
29 12
29 13
29 16
30 11
30 13
30 15
30 22
30 71
30 82
30 85
31 1
31 11
31 12
31 14
31 15
31 19
31 20
31 22
31 69
31 72
31 83
31 85
32 1
32 2
32 11
32 12
32 15
32 18
32 19
32 20
32 21
32 68
32 73
32 82
32 84
32 85
33 2
33 3
33 9
33 10
33 11
33 35
33 58
33 59
33 60
33 67
33 73
33 81
34 2
34 3
34 8
34 11
34 35
34 56
34 57
34 70
34 71
34 73
34 74
34 81
34 83
35 0
35 1
35 2
35 8
35 9
35 10
35 11
35 51
35 53
35 56
35 57
35 68
35 70
35 71
35 81
35 83
35 84
35 99
36 3
36 33
36 34
36 35
36 36
36 37
36 51
36 54
36 68
36 71
36 72
36 81
36 86
36 98
36 99
37 1
37 4
37 13
37 31
37 32
37 34
37 37
37 38
37 39
37 51
37 54
37 57
37 59
37 60
37 69
37 70
37 71
37 81
37 82
37 83
37 87
38 4
38 13
38 14
38 31
38 34
38 36
38 37
38 40
38 52
38 53
38 57
38 60
38 70
38 81
38 84
38 86
38 91
39 12
39 15
39 32
39 33
39 39
39 40
39 58
39 59
39 60
39 81
39 82
39 85
39 89
39 90
39 92
39 93
40 0
40 3
40 4
40 13
40 14
40 50
40 57
40 58
40 59
40 60
40 61
40 81
40 82
40 84
40 89
40 90
40 94
40 95
40 96
40 97
40 98
40 99
41 3
41 12
41 50
41 56
41 57
41 59
41 60
41 82
41 86
41 89
41 90
41 94
41 96
41 97
42 1
42 3
42 50
42 57
42 58
42 59
42 83
42 85
42 91
42 92
42 97
42 99
43 2
43 58
43 84
43 88
43 89
43 90
43 91
43 93
43 98
43 99
44 0
44 1
44 47
44 48
44 49
44 87
44 89
44 90
44 92
44 94
44 99
45 24
45 25
45 46
45 49
45 87
45 88
45 89
45 93
45 94
46 24
46 25
46 47
46 49
46 88
46 92
46 93
47 52
47 53
48 52
49 34
49 80
49 81
50 32
50 33
50 35
50 36
50 49
50 50
50 80
50 81
51 32
51 33
51 35
51 36
51 49
52 33
52 35
53 32
53 37
54 16
54 32
54 34
54 35
54 37
54 98
55 2
55 3
55 4
55 16
55 32
55 37
55 91
55 98
56 16
56 34
56 36
56 89
56 90
56 92
56 93
56 98
57 33
57 34
57 36
57 37
57 89
57 90
57 92
57 93
58 33
58 34
58 36
58 37
58 89
58 90
58 93
58 94
59 35
59 54
59 55
59 91
59 93
60 40
60 41
60 45
60 46
60 47
60 54
60 55
60 92
61 34
61 40
61 42
61 75
61 76
62 31
62 32
62 33
62 34
62 41
62 43
62 74
62 77
63 29
63 30
63 32
63 42
63 74
63 76
63 90
63 91
64 28
64 32
64 34
64 35
64 75
64 89
64 91
64 92
64 93
65 28
65 34
65 35
65 63
65 64
65 78
65 79
65 80
65 93
66 28
66 29
66 63
66 66
66 88
66 89
66 92
66 93
66 94
67 67
67 87
67 88
67 92
67 93
68 30
68 31
68 32
68 50
68 51
68 66
68 67
68 88
68 89
68 93
69 50
69 51
69 63
69 64
69 65
69 66
70 5
70 66
71 4
71 5
71 6
71 57
71 58
71 62
71 63
71 64
71 65
71 66
71 67
71 76
71 77
71 78
72 4
72 7
72 61
72 62
72 66
72 67
72 94
72 95
72 96
73 5
73 7
73 8
73 57
73 58
73 60
73 64
73 68
74 5
74 7
74 8
74 43
74 44
74 60
74 62
74 64
74 65
74 66
74 67
74 68
74 70
75 5
75 7
75 42
75 45
75 46
75 47
75 48
75 60
75 65
75 67
75 71
76 4
76 6
76 7
76 8
76 15
76 41
76 42
76 46
76 47
76 48
76 67
76 70
76 71
76 72
77 5
77 14
77 16
77 42
77 44
77 45
77 68
77 69
77 72
78 14
78 16
78 17
78 18
78 20
78 21
78 22
78 43
78 73
79 7
79 11
79 12
79 14
79 15
79 16
79 17
79 18
79 19
79 70
79 72
80 5
80 6
80 14
80 16
80 17
80 18
80 19
80 22
80 71
80 75
80 76
81 6
81 8
81 17
81 45
81 73
81 76
81 82
82 8
82 9
82 12
82 14
82 15
82 17
82 18
82 20
82 44
82 45
82 46
82 73
82 82
83 0
83 11
83 13
83 19
83 20
83 43
83 47
83 73
83 98
83 99
84 8
84 10
84 43
84 44
84 46
84 47
84 48
84 51
84 86
84 87
85 8
85 9
85 10
85 49
85 50
85 51
85 78
85 79
85 80
85 84
85 88
86 47
86 48
86 49
86 50
86 51
86 56
86 57
86 83
86 89
87 46
87 47
87 55
87 58
87 83
87 84
87 85
87 86
87 90
88 24
88 25
88 45
88 46
88 56
88 57
88 84
88 90
89 23
89 26
89 44
89 45
89 47
89 88
89 89
89 90
90 24
90 25
90 45
90 46
90 48
90 49
91 45
91 46
91 48
91 49
91 63
91 66
91 70
91 72
92 45
92 46
92 48
92 49
92 62
92 66
92 70
92 73
93 46
93 48
93 62
93 66
93 70
93 72
93 90
94 1
94 2
94 3
94 13
94 14
94 47
94 63
94 69
94 70
94 71
94 89
94 90
94 91
95 0
95 1
95 2
95 3
95 13
95 14
95 68
95 69
95 70
95 71
95 88
95 92
96 2
96 4
96 64
96 65
96 66
96 70
96 71
96 87
96 90
96 91
96 92
97 2
97 3
97 4
97 65
97 67
97 69
97 80
97 81
97 86
97 87
98 2
98 3
98 7
98 8
98 25
98 26
98 63
98 67
98 70
98 80
98 81
98 86
98 87
98 88
98 89
98 90
98 93
99 7
99 8
99 15
99 16
99 25
99 26
99 70
99 86
99 90
99 92
99 94
