0 0
0 5
0 6
0 14
0 17
0 43
0 44
0 87
0 90
0 92
0 94
0 96
0 99
1 1
1 2
1 4
1 5
1 15
1 16
1 36
1 37
1 42
1 88
1 89
1 92
1 94
1 97
2 1
2 4
2 35
2 38
2 91
2 92
2 94
2 95
2 98
3 1
3 23
3 24
3 36
3 37
3 65
3 66
3 91
3 94
3 98
4 11
4 12
4 13
4 22
4 25
4 49
4 92
4 94
5 23
5 25
5 47
5 48
5 92
5 93
6 24
6 47
6 48
6 92
6 93
7 34
7 35
7 36
7 47
7 48
7 49
7 65
7 66
7 67
7 68
7 92
7 93
8 30
8 53
8 63
8 64
8 65
8 66
8 68
8 69
8 92
8 93
9 30
9 50
9 51
9 53
9 54
9 61
9 62
9 63
9 67
9 69
10 30
10 51
10 53
10 61
10 62
10 65
10 66
10 68
10 69
11 52
11 65
11 68
11 69
11 91
11 92
12 42
12 43
12 44
12 45
12 46
12 47
12 65
12 66
12 68
12 69
12 91
12 94
13 41
13 42
13 43
13 44
13 45
13 46
13 47
13 51
13 66
13 90
13 95
14 35
14 40
14 44
14 45
14 46
14 50
14 51
14 52
14 90
15 35
15 41
15 42
15 47
15 53
15 89
15 90
16 22
16 23
16 24
16 35
16 42
16 43
16 44
16 45
16 46
16 47
16 51
16 52
16 92
16 93
16 94
17 22
17 23
17 43
17 48
17 49
17 50
17 51
18 23
18 44
18 46
19 16
19 17
19 19
19 20
19 23
19 45
20 4
20 15
20 17
20 18
20 19
20 23
20 25
20 91
20 92
20 93
21 4
21 15
21 21
21 23
21 24
21 91
21 93
22 4
22 13
22 21
22 91
22 92
22 93
23 12
23 15
23 16
23 19
23 22
23 52
23 53
24 12
24 15
24 19
24 21
24 52
24 53
24 64
24 65
24 67
24 69
25 64
25 65
25 70
25 77
25 78
25 79
25 87
25 88
26 37
26 69
26 77
26 80
26 86
26 87
26 88
26 89
27 37
27 65
27 66
27 67
27 76
27 78
27 79
27 85
27 86
27 87
27 88
27 89
27 90
28 37
28 63
28 64
28 65
28 77
28 78
28 84
28 87
28 89
28 90
28 91
29 9
29 62
29 63
29 64
29 77
29 84
29 85
29 86
29 87
29 88
29 89
29 90
30 9
30 10
30 62
30 63
30 64
30 78
30 88
30 89
30 97
30 98
30 99
31 0
31 3
31 10
31 11
31 78
31 79
31 80
31 84
31 85
31 86
31 87
31 88
31 96
31 97
32 1
32 3
32 4
32 10
32 11
32 63
32 77
32 79
32 80
32 84
32 87
32 88
32 89
32 95
32 96
32 98
33 0
33 9
33 10
33 19
33 20
33 60
33 61
33 62
33 63
33 65
33 80
33 81
33 85
33 96
33 97
34 3
34 4
34 17
34 18
34 19
34 20
34 51
34 60
34 61
34 62
34 65
34 66
34 67
34 85
34 86
34 89
34 97
34 98
34 99
35 3
35 17
35 20
35 50
35 52
35 62
35 63
35 64
35 65
35 66
35 67
35 78
35 86
35 87
35 88
36 17
36 21
36 51
36 63
36 64
36 77
37 0
37 1
37 18
37 19
37 20
37 21
37 64
37 78
38 0
38 1
38 20
38 43
38 47
38 64
38 65
39 42
39 47
39 48
39 63
39 67
40 12
40 13
40 42
40 47
40 48
40 49
40 65
40 67
40 68
41 14
41 42
41 43
41 47
41 50
41 67
42 12
42 13
42 14
42 44
42 46
42 47
42 48
42 50
42 58
42 59
43 12
43 13
43 46
43 57
43 58
43 59
43 85
43 97
43 98
43 99
44 8
44 9
44 12
44 13
44 37
44 47
44 50
44 57
44 58
44 85
44 86
44 96
45 1
45 7
45 8
45 12
45 13
45 26
45 27
45 36
45 37
45 48
45 50
45 56
45 58
45 97
46 2
46 8
46 13
46 14
46 26
46 27
46 35
46 49
46 91
47 2
47 3
47 5
47 9
47 11
47 12
47 13
47 36
47 37
47 91
47 98
48 5
48 11
48 12
48 13
48 23
48 37
48 91
49 5
49 22
49 23
49 24
49 60
49 80
49 81
49 99
50 0
50 4
50 21
50 22
50 23
50 24
50 55
50 80
50 81
51 20
51 21
51 54
51 55
52 1
52 2
52 54
52 55
52 56
53 1
53 2
53 3
53 22
53 65
53 66
53 67
53 94
54 1
54 2
54 4
54 5
54 22
54 23
54 24
54 59
54 60
54 94
54 96
55 0
55 1
55 2
55 4
55 5
55 6
55 94
55 95
56 1
56 2
56 4
56 5
56 25
56 26
56 27
57 2
57 3
57 4
57 22
57 26
57 37
58 3
58 21
58 23
58 24
58 26
58 37
58 73
58 74
59 20
59 23
59 36
59 38
59 52
59 73
59 74
60 19
60 20
60 22
60 23
60 37
60 51
60 52
60 53
61 20
61 22
61 37
61 50
61 51
61 53
61 59
61 61
61 94
61 95
62 21
62 28
62 51
62 52
62 55
62 56
62 58
62 61
62 94
62 95
63 9
63 11
63 27
63 29
63 52
63 56
63 60
63 61
63 73
64 9
64 12
64 27
64 28
64 56
64 59
64 73
65 9
65 12
65 18
65 19
65 20
65 28
65 29
65 30
65 50
65 56
65 73
65 81
65 82
65 83
65 93
66 11
66 12
66 28
66 31
66 49
66 51
66 57
66 58
66 92
66 94
67 0
67 1
67 2
67 13
67 19
67 20
67 23
67 24
67 28
67 37
67 50
67 58
67 79
67 93
67 95
67 98
67 99
68 11
68 12
68 22
68 23
68 24
68 28
68 37
68 79
68 95
68 98
68 99
69 0
69 1
69 2
69 5
69 6
69 7
69 8
69 10
69 11
69 13
69 18
69 20
69 23
69 24
69 37
69 38
69 60
69 61
69 79
69 89
69 90
69 91
69 96
69 99
70 4
70 6
70 7
70 8
70 21
70 25
70 26
70 27
70 37
70 38
70 59
70 61
70 62
70 95
70 96
70 98
71 3
71 4
71 24
71 28
71 37
71 38
71 50
71 51
71 59
71 61
71 62
71 81
71 82
71 83
71 93
71 95
71 96
72 3
72 4
72 24
72 28
72 50
72 51
72 59
72 62
72 92
72 94
73 3
73 18
73 19
73 24
73 27
73 28
73 33
73 60
73 61
73 92
73 95
74 5
74 6
74 8
74 9
74 10
74 32
74 34
74 55
74 56
75 2
75 6
75 8
75 9
75 23
75 24
75 33
75 57
75 58
75 63
75 70
75 71
75 77
75 96
75 97
76 2
76 5
76 8
76 22
76 23
76 24
76 57
76 62
76 64
76 69
76 72
76 77
76 93
76 94
76 96
76 97
77 2
77 7
77 22
77 62
77 64
77 70
77 71
77 77
77 78
77 79
77 95
77 99
78 3
78 7
78 11
78 26
78 27
78 54
78 57
78 63
78 79
78 80
78 97
78 98
79 4
79 5
79 6
79 12
79 25
79 28
79 47
79 48
79 49
79 55
79 56
79 57
79 58
79 80
79 81
79 98
79 99
80 0
80 17
80 18
80 25
80 46
80 49
80 50
80 59
80 79
80 80
80 99
81 0
81 17
81 19
81 20
81 24
81 25
81 26
81 46
81 51
81 58
81 61
81 99
82 0
82 16
82 19
82 20
82 24
82 25
82 46
82 47
82 48
82 49
82 61
82 73
82 99
83 17
83 18
83 27
83 28
83 48
83 49
83 57
83 60
83 72
83 75
83 96
83 97
83 98
84 16
84 18
84 26
84 29
84 51
84 53
84 56
84 59
84 71
84 75
84 96
84 97
85 17
85 42
85 43
85 52
85 57
85 58
85 71
85 75
85 96
85 97
85 98
86 17
86 18
86 24
86 25
86 42
86 43
86 75
86 77
86 78
86 83
86 84
86 97
86 98
87 17
87 18
87 24
87 27
87 72
87 77
87 79
87 82
87 84
87 85
87 91
87 97
87 98
88 25
88 26
88 27
88 39
88 73
88 79
88 80
88 82
88 84
88 85
88 91
88 96
88 99
89 1
89 39
89 41
89 75
89 76
89 79
89 80
89 83
89 91
89 96
89 98
89 99
90 0
90 39
90 40
90 42
90 55
90 56
90 65
90 66
90 74
90 77
90 96
91 0
91 1
91 2
91 36
91 41
91 42
91 43
91 56
91 57
91 63
91 64
91 66
91 67
91 74
91 76
91 77
91 93
91 94
92 1
92 2
92 36
92 41
92 55
92 63
92 64
92 68
92 76
92 77
92 95
93 36
93 41
93 42
93 44
93 45
93 62
93 65
93 66
94 13
94 14
94 20
94 21
94 42
94 43
94 44
94 45
94 46
94 47
94 63
94 64
94 65
94 70
94 71
94 89
95 13
95 14
95 20
95 21
95 44
95 45
95 46
95 47
95 60
95 64
95 65
95 67
95 70
95 89
95 90
95 95
95 96
96 60
96 64
96 65
96 68
96 69
96 71
96 94
96 97
97 4
97 5
97 47
97 48
97 60
97 97
98 0
98 4
98 6
98 25
98 26
98 91
98 99
99 1
99 6
99 7
99 15
99 16
99 25
99 26
99 43
99 46
99 47
99 48
99 90
99 92
