0 14
0 17
0 90
1 15
1 16
1 36
1 37
1 56
1 57
1 89
2 35
2 38
2 56
2 59
3 23
3 24
3 36
3 37
3 52
3 53
3 54
3 55
3 56
3 60
3 92
3 93
4 11
4 12
4 13
4 22
4 25
4 50
4 54
4 58
4 59
4 87
4 88
4 92
4 93
5 23
5 25
5 50
5 72
5 86
5 89
6 24
6 43
6 44
6 54
6 55
6 72
6 87
6 88
7 34
7 35
7 36
7 43
7 44
7 52
7 54
7 56
7 71
7 72
8 30
8 52
8 53
8 54
8 55
8 56
8 62
8 63
8 64
9 30
9 52
9 53
10 30
10 54
10 60
10 61
10 68
10 69
10 70
10 72
11 60
11 61
11 68
11 69
11 70
11 72
12 70
12 73
13 72
13 73
14 20
14 21
14 35
14 70
14 71
15 19
15 22
15 35
16 19
16 22
16 35
16 68
17 20
17 21
17 67
17 68
17 69
18 40
18 41
18 67
19 40
19 41
19 68
19 69
19 88
19 89
19 90
20 4
20 88
20 89
21 4
21 14
21 20
21 21
21 70
21 88
21 89
22 4
22 14
22 15
22 20
22 21
22 70
23 16
23 52
23 53
23 70
23 86
23 89
24 14
24 15
24 52
24 53
24 86
24 87
24 88
25 14
25 86
25 87
25 88
26 37
27 14
27 37
27 53
27 77
27 78
28 13
28 15
28 16
28 17
28 18
28 19
28 37
28 53
28 77
28 78
29 12
29 16
29 17
29 18
29 19
29 20
29 21
29 53
29 59
29 60
29 61
30 11
30 12
30 17
30 18
30 19
30 20
30 21
30 22
30 58
30 62
30 73
30 74
31 11
31 12
31 23
31 58
31 59
31 63
31 73
31 74
32 11
32 22
32 23
32 64
33 7
33 8
33 9
33 15
33 19
33 20
33 22
33 61
33 64
34 6
34 9
34 14
34 15
34 19
34 21
34 22
34 64
35 0
35 7
35 9
35 12
35 15
35 18
35 19
35 21
35 22
35 31
35 51
35 58
35 59
35 63
35 71
35 72
35 85
35 86
36 0
36 1
36 8
36 15
36 20
36 31
36 32
36 33
36 34
36 35
36 38
36 39
36 40
36 51
36 58
36 62
36 69
36 72
36 80
36 81
36 82
36 83
36 85
36 87
36 94
36 96
37 0
37 2
37 4
37 15
37 33
37 34
37 35
37 36
37 38
37 51
37 59
37 60
37 61
37 69
37 72
37 78
37 79
37 83
37 84
37 87
37 93
37 97
37 98
38 4
38 15
38 31
38 32
38 33
38 34
38 36
38 38
38 39
38 59
38 60
38 68
38 69
38 71
38 72
38 78
38 79
38 81
38 85
38 86
38 94
38 97
39 0
39 1
39 2
39 11
39 16
39 31
39 33
39 34
39 38
39 39
39 40
39 41
39 59
39 60
39 67
39 68
39 70
39 71
39 78
39 81
39 82
39 85
39 95
39 96
39 97
39 98
39 99
40 0
40 1
40 11
40 12
40 37
40 40
40 41
40 58
40 60
40 66
40 67
40 71
40 72
40 79
40 80
40 85
40 86
40 98
40 99
41 11
41 17
41 40
41 57
41 58
41 67
41 68
41 69
41 72
41 85
41 88
41 90
41 93
41 94
41 95
41 96
41 97
42 0
42 34
42 36
42 58
42 72
42 86
42 88
42 93
42 94
42 95
42 96
42 97
42 98
43 0
43 13
43 16
43 57
43 61
43 69
43 71
43 88
43 89
43 90
43 92
43 93
43 96
43 97
43 98
44 12
44 15
44 34
44 57
44 58
44 59
44 61
44 62
44 70
44 87
44 95
45 13
45 14
45 24
45 25
45 33
45 35
45 57
45 59
45 60
45 61
45 85
45 86
45 89
45 92
45 96
46 24
46 25
46 32
46 33
46 58
46 59
46 60
46 86
46 88
46 89
46 91
46 95
47 31
47 52
47 53
47 59
47 88
47 90
47 92
47 93
47 94
47 95
48 31
48 33
48 35
48 37
48 52
48 53
48 92
48 93
49 31
49 32
49 33
49 35
49 37
49 38
49 80
49 81
49 90
49 92
50 35
50 37
50 49
50 50
50 80
50 81
50 90
50 92
51 36
51 49
51 50
51 91
51 92
52 90
52 93
53 89
53 90
53 92
53 94
54 3
54 89
54 95
54 96
54 97
55 3
55 15
55 16
55 17
55 86
55 87
55 89
55 94
55 95
55 96
55 98
55 99
56 3
56 86
56 87
56 89
56 95
56 96
56 97
57 94
58 90
58 91
58 93
59 46
59 54
59 55
59 92
60 40
60 41
60 46
60 54
60 55
61 30
61 40
61 42
61 46
61 75
61 76
62 24
62 25
62 26
62 30
62 41
62 43
62 74
62 77
62 88
62 92
62 93
63 30
63 42
63 74
63 76
63 85
63 86
63 94
64 23
64 26
64 75
64 79
64 84
64 93
65 24
65 63
65 64
65 79
65 83
65 88
65 89
65 93
66 35
66 63
66 64
66 79
66 82
66 86
66 87
67 5
67 34
67 36
67 82
68 5
68 6
68 34
68 35
68 50
68 51
68 83
68 84
68 87
69 6
69 7
69 50
69 51
69 84
69 87
70 77
70 86
71 8
71 9
71 77
71 95
72 8
72 9
72 55
72 56
72 61
72 77
72 95
73 3
73 4
73 5
73 40
73 41
73 42
73 48
73 49
73 54
73 57
73 59
73 61
73 95
74 2
74 4
74 5
74 40
74 42
74 43
74 44
74 47
74 48
74 49
74 55
74 57
74 59
74 61
75 1
75 2
75 3
75 4
75 5
75 6
75 7
75 16
75 17
75 37
75 38
75 40
75 42
75 44
75 45
75 47
75 48
75 56
76 0
76 4
76 5
76 15
76 16
76 17
76 36
76 37
76 40
76 42
76 44
76 47
76 48
76 65
76 67
77 0
77 2
77 5
77 8
77 15
77 16
77 17
77 20
77 21
77 38
77 40
77 42
77 44
77 47
77 64
77 67
77 99
78 0
78 1
78 2
78 4
78 5
78 13
78 21
78 41
78 42
78 45
78 46
78 65
78 67
79 1
79 4
79 5
79 7
79 11
79 17
79 43
79 44
79 45
80 5
80 17
80 18
80 19
80 50
80 51
81 10
81 12
81 13
81 18
81 19
81 45
81 46
81 48
81 51
81 73
81 74
82 7
82 14
82 45
82 46
82 48
82 51
82 72
82 75
82 99
83 5
83 7
83 13
83 45
83 46
83 49
83 50
83 73
83 74
83 99
84 4
84 5
84 6
84 7
84 48
84 49
84 50
84 79
84 99
85 5
85 7
85 8
85 10
85 11
85 44
85 79
86 5
86 7
86 12
86 44
86 48
86 49
86 50
86 56
86 57
86 79
87 7
87 12
87 44
87 48
87 51
87 55
87 58
88 11
88 24
88 25
88 48
88 50
88 51
88 52
88 56
88 57
89 8
89 10
89 23
89 26
89 46
89 47
89 48
89 69
89 73
89 74
89 75
89 80
90 9
90 24
90 25
90 45
90 69
90 71
90 75
90 80
90 82
91 45
91 47
91 69
91 71
91 72
91 74
91 80
91 81
92 46
92 60
92 61
92 62
93 6
93 42
93 43
93 60
93 62
93 67
93 68
93 90
93 91
94 5
94 13
94 14
94 60
94 61
94 62
94 67
94 68
94 86
94 87
94 89
94 92
95 4
95 9
95 13
95 14
95 86
95 87
95 89
95 93
96 5
96 10
96 87
96 89
96 91
96 92
97 8
97 9
97 80
97 81
97 86
97 87
98 8
98 25
98 26
98 80
98 81
98 85
98 86
98 87
98 89
98 90
99 15
99 16
99 25
99 26
99 87
99 90
99 91
