0 14
0 17
1 15
1 16
1 36
1 37
2 35
2 38
2 89
3 23
3 24
3 36
3 37
3 87
3 88
3 91
4 11
4 12
4 13
4 22
4 25
4 87
4 88
4 90
4 91
5 23
5 25
5 91
5 99
6 0
6 1
6 24
6 43
6 44
6 86
6 89
6 97
6 98
7 0
7 1
7 2
7 3
7 4
7 34
7 35
7 36
7 43
7 44
7 85
7 86
8 1
8 4
8 30
8 85
8 87
8 89
8 90
9 1
9 4
9 30
9 86
9 87
9 89
9 90
9 95
10 2
10 3
10 30
10 86
10 87
10 88
10 95
11 24
11 96
12 22
12 23
12 25
13 21
13 22
13 26
13 92
14 17
14 22
14 23
14 24
14 25
14 35
14 86
14 87
14 91
15 16
15 19
15 24
15 25
15 26
15 35
15 86
15 88
16 17
16 22
16 24
16 25
16 26
16 35
16 86
17 22
17 24
17 25
17 27
17 87
17 90
18 15
18 24
18 27
18 40
18 41
18 89
18 91
18 92
19 14
19 16
19 23
19 24
19 25
19 26
19 40
19 41
19 92
20 4
20 14
20 16
20 28
20 30
20 92
21 4
21 15
21 23
21 24
21 28
21 31
22 4
22 30
23 28
23 29
23 30
24 26
24 29
24 30
24 88
25 28
25 31
25 88
26 24
26 28
26 32
26 37
26 88
27 24
27 27
27 29
27 32
27 37
27 55
27 77
27 78
28 24
28 28
28 32
28 37
28 54
28 55
28 56
28 77
28 78
29 25
29 31
29 53
29 55
29 57
30 20
30 21
30 26
30 30
30 53
30 55
30 57
30 73
30 74
31 15
31 27
31 28
31 29
31 54
31 55
31 56
31 73
31 74
32 15
32 18
32 19
32 22
32 55
33 11
33 12
33 15
33 22
33 66
33 83
33 84
34 11
34 12
34 16
34 21
34 27
34 58
34 59
34 60
34 64
34 66
34 83
34 84
35 17
35 20
35 26
35 28
35 44
35 45
35 60
35 61
35 62
35 95
35 96
36 26
36 28
36 44
36 45
36 46
36 56
36 60
36 62
36 63
36 66
36 94
36 97
37 12
37 27
37 46
37 47
37 48
37 54
37 55
37 60
37 61
37 62
37 63
37 67
37 95
37 96
38 11
38 12
38 46
38 54
38 55
38 61
38 67
38 68
39 10
39 11
39 12
39 36
39 45
39 46
39 56
39 59
39 61
39 66
39 67
40 9
40 10
40 36
40 45
40 46
40 56
40 57
40 61
41 12
41 16
41 17
41 37
41 47
41 48
41 49
41 96
41 97
42 11
42 12
42 13
42 14
42 17
42 36
42 37
42 50
42 95
42 98
43 12
43 17
43 35
43 36
43 38
43 47
43 49
43 96
43 98
44 35
44 38
44 48
44 97
45 14
45 15
45 16
45 24
45 25
45 30
45 31
45 35
45 37
45 43
45 44
46 24
46 25
46 29
46 32
46 42
46 44
47 30
47 32
47 42
47 44
47 45
47 52
47 53
48 31
48 39
48 41
48 42
48 45
48 52
48 53
48 90
48 91
49 15
49 38
49 39
49 40
49 41
49 44
49 45
49 46
49 80
49 81
49 90
49 91
50 13
50 15
50 16
50 38
50 45
50 49
50 50
50 80
50 81
51 12
51 14
51 15
51 16
51 40
51 43
51 44
51 49
51 50
52 11
52 12
52 13
52 14
52 29
52 40
53 0
53 10
53 11
53 12
53 30
53 31
53 93
54 1
54 15
54 29
54 30
54 72
54 92
54 94
54 99
55 1
55 15
55 16
55 17
55 71
55 72
55 92
55 94
55 99
56 0
56 71
56 73
56 79
56 80
56 93
57 78
57 79
58 80
59 46
59 54
59 55
60 40
60 41
60 46
60 54
60 55
61 39
61 40
61 42
61 46
62 21
62 22
62 23
62 40
62 42
62 43
62 97
63 40
63 41
63 43
63 44
63 96
63 97
63 98
64 39
64 43
64 44
64 45
64 83
64 95
64 96
64 99
65 39
65 41
65 43
65 44
65 45
65 63
65 64
65 82
65 84
65 95
65 96
65 97
65 99
66 35
66 39
66 42
66 43
66 44
66 63
66 64
66 83
66 98
67 34
67 36
67 40
67 41
67 43
67 44
67 97
67 98
68 34
68 35
68 41
68 42
68 43
68 50
68 51
68 96
68 97
69 50
69 51
69 96
69 97
70 1
70 96
71 0
71 1
71 2
72 0
72 2
72 3
72 55
72 56
72 92
72 93
72 95
72 96
72 99
73 0
73 2
73 3
73 4
73 54
73 57
73 92
73 93
73 95
73 96
73 98
73 99
74 0
74 2
74 3
74 55
74 57
74 65
74 66
74 67
74 99
75 0
75 1
75 2
75 56
75 63
75 64
75 65
75 66
75 67
75 68
75 69
76 0
76 1
76 63
76 69
77 47
77 48
77 49
77 62
77 65
77 67
77 70
77 99
78 2
78 62
78 64
78 66
78 68
78 70
78 99
79 2
79 6
79 7
79 63
79 64
79 66
79 68
79 69
79 98
80 3
80 6
80 7
80 65
80 67
80 69
81 1
81 2
81 64
81 65
81 66
81 67
81 68
81 72
81 73
81 74
81 96
81 97
81 99
82 0
82 45
82 46
82 47
82 63
82 64
82 65
82 72
82 76
82 95
82 99
83 44
83 48
83 63
83 64
83 71
83 73
83 74
83 75
83 76
83 96
83 97
83 98
83 99
84 0
84 43
84 49
84 63
84 66
84 71
84 72
84 76
84 79
84 97
84 98
85 0
85 43
85 45
85 46
85 47
85 48
85 49
85 64
85 65
85 66
85 69
85 70
85 71
85 72
85 76
85 77
85 78
85 79
86 43
86 45
86 65
86 69
86 76
86 99
87 12
87 44
87 46
87 47
87 70
87 72
87 73
87 78
88 11
88 13
88 24
88 25
88 44
88 47
88 69
88 70
88 75
88 76
88 77
88 78
89 10
89 13
89 23
89 26
89 46
89 47
89 70
89 71
89 72
89 73
89 74
89 75
89 76
90 11
90 12
90 24
90 25
90 72
90 73
90 74
92 66
93 65
93 67
94 4
94 5
94 13
94 14
94 65
94 67
95 4
95 5
95 13
95 14
95 66
97 80
97 81
98 25
98 26
98 80
98 81
99 15
99 16
99 25
99 26
