0 0
0 1
0 9
0 11
0 19
0 20
0 25
0 27
0 28
0 29
0 30
0 35
0 36
0 38
0 45
0 52
0 53
0 54
0 55
0 56
0 57
0 58
0 61
0 65
0 67
0 73
0 74
0 79
0 84
0 90
0 91
0 92
0 97
0 98
1 0
1 5
1 6
1 8
1 11
1 20
1 24
1 27
1 39
1 44
1 47
1 54
1 56
1 58
1 59
1 63
1 64
1 74
1 76
1 77
1 83
1 87
1 88
1 90
1 91
1 92
2 0
2 2
2 3
2 5
2 7
2 8
2 9
2 13
2 14
2 15
2 20
2 21
2 22
2 23
2 24
2 28
2 29
2 30
2 32
2 33
2 35
2 36
2 38
2 48
2 55
2 61
2 63
2 68
2 73
2 74
2 82
2 83
2 88
2 89
2 90
3 2
3 3
3 5
3 10
3 11
3 12
3 20
3 21
3 30
3 31
3 32
3 34
3 35
3 37
3 38
3 48
3 49
3 52
3 53
3 55
3 74
3 81
3 83
3 85
3 86
3 89
3 90
3 91
3 96
4 5
4 6
4 9
4 15
4 18
4 20
4 21
4 28
4 29
4 34
4 45
4 46
4 56
4 59
4 61
4 62
4 65
4 66
4 67
4 70
4 73
4 74
4 81
4 83
4 96
4 97
4 98
5 3
5 5
5 6
5 8
5 9
5 11
5 15
5 16
5 17
5 19
5 32
5 39
5 40
5 41
5 55
5 58
5 59
5 61
5 63
5 64
5 65
5 66
5 67
5 68
5 70
5 71
5 74
5 80
5 84
5 85
5 90
5 97
6 1
6 2
6 3
6 4
6 5
6 6
6 7
6 8
6 13
6 15
6 16
6 17
6 42
6 62
6 63
6 75
6 78
6 85
6 89
6 91
6 96
6 97
6 99
7 1
7 3
7 4
7 5
7 6
7 8
7 10
7 14
7 15
7 16
7 17
7 19
7 29
7 31
7 41
7 42
7 47
7 50
7 52
7 53
7 55
7 59
7 60
7 63
7 68
7 71
7 75
7 76
7 77
7 89
8 1
8 7
8 9
8 12
8 14
8 17
8 19
8 20
8 30
8 31
8 37
8 38
8 39
8 42
8 47
8 51
8 60
8 61
8 62
8 63
8 71
8 75
8 77
8 78
8 92
9 3
9 4
9 13
9 20
9 26
9 27
9 40
9 41
9 42
9 49
9 61
9 62
9 64
9 65
9 71
9 74
9 77
9 78
9 80
9 84
9 85
9 86
9 90
9 91
9 92
10 4
10 9
10 10
10 17
10 18
10 19
10 27
10 28
10 34
10 35
10 42
10 43
10 47
10 62
10 64
10 65
10 70
10 71
10 72
10 73
10 75
10 80
10 81
10 83
10 84
10 91
10 92
10 95
10 96
11 0
11 1
11 9
11 16
11 17
11 18
11 20
11 21
11 22
11 28
11 34
11 42
11 54
11 55
11 61
11 64
11 71
11 73
11 75
11 76
11 77
11 80
11 82
11 84
11 95
11 96
11 98
11 99
12 0
12 1
12 2
12 4
12 9
12 10
12 12
12 13
12 15
12 19
12 27
12 28
12 33
12 34
12 40
12 41
12 46
12 61
12 66
12 67
12 68
12 71
12 81
12 82
12 95
12 97
13 4
13 8
13 9
13 14
13 15
13 19
13 29
13 33
13 34
13 36
13 43
13 44
13 48
13 53
13 61
13 65
13 67
13 69
13 70
13 71
13 73
13 95
13 96
14 6
14 7
14 9
14 10
14 11
14 15
14 19
14 23
14 27
14 30
14 34
14 36
14 46
14 47
14 52
14 54
14 62
14 65
14 67
14 72
14 73
14 96
15 1
15 2
15 6
15 7
15 13
15 15
15 17
15 19
15 20
15 25
15 27
15 30
15 43
15 47
15 49
15 54
15 55
15 61
15 67
15 69
15 70
15 72
15 77
15 78
15 84
15 85
15 88
15 89
15 90
15 95
15 96
16 1
16 2
16 6
16 9
16 10
16 12
16 15
16 18
16 20
16 27
16 31
16 37
16 42
16 43
16 45
16 49
16 50
16 52
16 53
16 54
16 55
16 59
16 60
16 62
16 63
16 64
16 65
16 66
16 72
16 84
16 85
16 86
16 88
16 89
16 90
17 2
17 12
17 28
17 34
17 37
17 38
17 39
17 40
17 41
17 43
17 45
17 59
17 60
17 65
17 66
17 67
17 68
17 71
17 83
17 87
17 89
17 91
17 92
17 95
18 1
18 2
18 3
18 4
18 9
18 10
18 11
18 16
18 17
18 19
18 23
18 26
18 34
18 39
18 42
18 46
18 49
18 51
18 52
18 53
18 55
18 56
18 57
18 65
18 72
18 84
18 85
18 88
18 89
18 93
18 94
19 5
19 8
19 9
19 10
19 18
19 19
19 20
19 21
19 22
19 27
19 29
19 31
19 33
19 34
19 40
19 41
19 48
19 52
19 54
19 59
19 60
19 63
19 64
19 67
19 68
19 71
19 72
19 74
19 75
19 76
19 79
19 80
19 87
19 94
19 95
19 96
20 1
20 2
20 4
20 5
20 6
20 18
20 19
20 27
20 28
20 29
20 30
20 35
20 37
20 39
20 50
20 54
20 55
20 56
20 58
20 59
20 61
20 66
20 68
20 70
20 71
20 72
20 73
20 74
20 75
20 79
20 81
20 88
20 94
20 98
21 2
21 6
21 14
21 15
21 16
21 17
21 27
21 32
21 36
21 39
21 45
21 46
21 47
21 49
21 51
21 52
21 53
21 54
21 56
21 57
21 60
21 61
21 62
21 63
21 64
21 65
21 66
21 67
21 71
21 72
21 74
21 82
21 88
21 92
21 94
21 99
22 3
22 4
22 10
22 13
22 14
22 16
22 18
22 27
22 28
22 31
22 32
22 34
22 37
22 41
22 42
22 44
22 45
22 47
22 50
22 54
22 61
22 71
22 72
22 78
22 80
22 81
22 89
22 91
22 95
22 98
22 99
23 3
23 7
23 11
23 16
23 21
23 22
23 23
23 26
23 40
23 41
23 51
23 52
23 55
23 57
23 62
23 63
23 70
23 77
23 78
23 79
23 80
23 84
23 86
23 90
23 99
24 3
24 4
24 8
24 9
24 13
24 14
24 16
24 21
24 22
24 23
24 24
24 25
24 26
24 27
24 28
24 30
24 38
24 39
24 41
24 44
24 45
24 51
24 52
24 53
24 54
24 56
24 57
24 71
24 79
24 84
24 85
24 86
24 92
25 8
25 9
25 10
25 12
25 14
25 15
25 17
25 21
25 22
25 23
25 24
25 25
25 27
25 29
25 30
25 32
25 43
25 44
25 54
25 55
25 56
25 58
25 59
25 60
25 61
25 64
25 70
25 71
25 78
25 84
25 85
25 86
25 92
26 0
26 1
26 6
26 12
26 26
26 31
26 32
26 33
26 37
26 40
26 44
26 46
26 47
26 53
26 55
26 56
26 60
26 63
26 75
26 78
26 91
26 92
26 99
27 0
27 6
27 7
27 19
27 20
27 21
27 23
27 25
27 28
27 32
27 33
27 34
27 37
27 38
27 40
27 46
27 47
27 52
27 53
27 59
27 60
27 62
27 64
27 66
27 67
27 79
27 80
27 96
27 98
27 99
28 4
28 11
28 12
28 13
28 18
28 19
28 22
28 23
28 24
28 26
28 27
28 28
28 33
28 35
28 36
28 37
28 41
28 45
28 46
28 58
28 60
28 61
28 67
28 68
28 71
28 74
28 79
28 81
28 87
28 88
28 90
28 92
28 99
29 2
29 3
29 5
29 7
29 18
29 19
29 20
29 28
29 29
29 31
29 33
29 34
29 35
29 52
29 59
29 61
29 63
29 64
29 67
29 70
29 72
29 73
29 74
29 75
29 77
29 79
29 82
29 87
29 88
29 89
29 91
29 92
29 96
30 1
30 18
30 27
30 30
30 41
30 52
30 54
30 57
30 61
30 62
30 66
30 67
30 76
30 81
30 87
30 89
30 90
30 92
30 96
30 97
31 1
31 5
31 8
31 9
31 11
31 16
31 17
31 18
31 32
31 37
31 41
31 43
31 48
31 49
31 50
31 52
31 54
31 59
31 60
31 63
31 70
31 73
31 74
31 85
32 2
32 3
32 5
32 9
32 11
32 12
32 13
32 14
32 17
32 23
32 24
32 26
32 28
32 30
32 31
32 32
32 37
32 43
32 46
32 51
32 52
32 54
32 56
32 57
32 60
32 61
32 63
32 64
32 68
32 69
32 71
32 73
32 83
32 84
32 85
32 96
32 98
32 99
33 5
33 12
33 13
33 16
33 19
33 27
33 28
33 32
33 38
33 40
33 45
33 46
33 53
33 54
33 59
33 60
33 61
33 64
33 69
33 70
33 71
33 83
33 84
33 91
33 95
33 96
33 97
33 98
34 3
34 4
34 9
34 10
34 11
34 21
34 22
34 27
34 30
34 31
34 33
34 44
34 45
34 49
34 53
34 54
34 55
34 62
34 68
34 71
34 72
34 76
34 82
34 83
34 90
34 95
35 0
35 1
35 3
35 4
35 6
35 7
35 8
35 10
35 11
35 15
35 20
35 21
35 36
35 40
35 45
35 46
35 49
35 60
35 61
35 63
35 64
35 69
35 70
35 76
35 83
35 84
35 87
35 89
35 93
35 95
35 96
35 99
36 10
36 11
36 20
36 21
36 26
36 30
36 33
36 34
36 35
36 37
36 38
36 41
36 42
36 44
36 45
36 49
36 56
36 60
36 63
36 68
36 71
36 73
36 77
36 83
36 84
36 87
36 94
36 95
36 96
36 98
37 0
37 1
37 4
37 5
37 6
37 9
37 10
37 11
37 18
37 19
37 25
37 28
37 30
37 31
37 32
37 33
37 35
37 37
37 38
37 41
37 43
37 45
37 46
37 49
37 52
37 54
37 59
37 60
37 63
37 64
37 71
37 72
37 73
37 74
37 75
37 76
37 78
37 93
37 96
37 99
38 0
38 4
38 5
38 7
38 11
38 19
38 26
38 34
38 35
38 37
38 38
38 42
38 43
38 49
38 51
38 53
38 55
38 58
38 63
38 65
38 67
38 70
38 71
38 73
38 74
38 79
38 85
38 88
38 92
38 93
38 96
39 9
39 10
39 14
39 34
39 35
39 37
39 42
39 43
39 44
39 45
39 49
39 51
39 55
39 60
39 61
39 62
39 63
39 66
39 67
39 73
39 91
39 93
39 95
39 96
39 99
40 7
40 34
40 35
40 43
40 49
40 56
40 61
40 64
40 69
40 78
40 79
40 83
40 84
40 85
40 86
40 87
40 88
40 89
40 90
40 91
40 93
40 95
40 96
40 98
40 99
41 3
41 5
41 7
41 8
41 10
41 12
41 14
41 18
41 35
41 44
41 47
41 50
41 53
41 54
41 57
41 68
41 73
41 76
41 77
41 78
41 82
41 90
41 91
41 92
41 93
41 95
41 96
41 98
42 1
42 4
42 6
42 11
42 15
42 16
42 17
42 18
42 35
42 37
42 44
42 46
42 49
42 50
42 52
42 64
42 70
42 72
42 77
42 81
42 84
42 93
42 95
42 97
42 98
43 1
43 3
43 5
43 6
43 7
43 8
43 9
43 12
43 13
43 17
43 28
43 29
43 45
43 49
43 51
43 53
43 54
43 55
43 56
43 60
43 64
43 66
43 70
43 77
43 81
43 82
43 83
43 84
43 89
43 90
43 94
43 95
43 97
43 98
44 3
44 4
44 6
44 7
44 16
44 28
44 29
44 30
44 36
44 37
44 38
44 50
44 53
44 61
44 67
44 68
44 69
44 76
44 77
44 78
44 82
44 88
44 91
45 9
45 10
45 12
45 17
45 23
45 24
45 31
45 37
45 47
45 48
45 53
45 55
45 57
45 76
45 79
45 90
45 95
45 96
46 3
46 10
46 12
46 21
46 22
46 25
46 30
46 31
46 32
46 35
46 36
46 37
46 46
46 47
46 48
46 49
46 50
46 51
46 53
46 58
46 59
46 72
46 73
46 74
46 76
46 77
46 78
46 89
46 90
47 1
47 2
47 3
47 13
47 15
47 16
47 19
47 20
47 21
47 29
47 33
47 34
47 35
47 36
47 37
47 38
47 39
47 42
47 45
47 50
47 58
47 60
47 61
47 62
47 74
47 76
47 79
47 86
47 88
47 89
47 90
48 2
48 3
48 11
48 12
48 16
48 19
48 21
48 23
48 27
48 30
48 31
48 33
48 34
48 35
48 36
48 38
48 44
48 45
48 46
48 48
48 50
48 51
48 54
48 55
48 63
48 64
48 71
48 72
48 73
48 74
48 76
48 77
48 78
48 89
48 93
48 94
48 95
49 4
49 8
49 9
49 10
49 11
49 14
49 15
49 17
49 20
49 22
49 33
49 36
49 38
49 44
49 47
49 48
49 49
49 50
49 52
49 56
49 57
49 58
49 59
49 61
49 63
49 69
49 70
49 73
49 76
49 77
49 78
49 92
49 93
49 94
49 95
49 96
49 97
50 0
50 3
50 6
50 7
50 8
50 13
50 14
50 15
50 16
50 17
50 18
50 20
50 24
50 25
50 26
50 32
50 36
50 38
50 39
50 40
50 53
50 55
50 59
50 60
50 62
50 63
50 64
50 72
50 75
50 76
50 83
50 84
50 85
50 86
50 87
50 88
50 89
50 92
50 93
51 4
51 6
51 7
51 8
51 9
51 10
51 11
51 12
51 20
51 37
51 38
51 40
51 44
51 54
51 55
51 56
51 57
51 58
51 60
51 61
51 62
51 63
51 67
51 68
51 69
51 70
51 71
51 72
51 74
51 82
51 83
51 84
51 85
51 87
51 89
51 90
51 92
51 94
51 98
52 3
52 7
52 17
52 27
52 41
52 47
52 66
52 67
52 73
52 76
52 77
52 79
52 80
52 82
52 83
52 85
52 87
52 88
52 92
52 98
52 99
53 2
53 3
53 7
53 9
53 11
53 13
53 23
53 26
53 27
53 32
53 36
53 37
53 38
53 39
53 40
53 42
53 47
53 49
53 51
53 55
53 61
53 62
53 66
53 68
53 69
53 73
53 77
53 78
53 79
53 86
53 87
53 89
53 91
53 98
53 99
54 1
54 2
54 3
54 6
54 7
54 11
54 13
54 15
54 17
54 18
54 22
54 31
54 39
54 40
54 47
54 52
54 53
54 54
54 55
54 60
54 63
54 71
54 73
54 77
54 78
54 87
54 88
54 95
55 1
55 2
55 3
55 7
55 9
55 10
55 11
55 12
55 16
55 17
55 18
55 27
55 29
55 36
55 37
55 38
55 40
55 42
55 46
55 47
55 52
55 60
55 61
55 62
55 63
55 79
55 86
55 88
55 91
55 92
55 93
55 94
55 95
56 2
56 8
56 11
56 29
56 39
56 40
56 44
56 47
56 48
56 52
56 53
56 57
56 59
56 62
56 68
56 72
56 74
56 79
56 81
56 87
56 91
56 94
57 4
57 8
57 11
57 18
57 22
57 30
57 35
57 36
57 38
57 39
57 40
57 43
57 47
57 48
57 50
57 52
57 56
57 57
57 58
57 63
57 64
57 65
57 68
57 72
57 73
57 75
57 79
57 83
57 84
57 88
57 90
57 91
57 94
58 0
58 5
58 8
58 9
58 12
58 16
58 17
58 19
58 22
58 23
58 25
58 27
58 30
58 31
58 34
58 35
58 38
58 46
58 50
58 51
58 52
58 63
58 64
58 65
58 69
58 73
58 75
58 76
58 80
58 84
58 88
58 89
58 90
58 91
58 93
59 5
59 7
59 9
59 11
59 12
59 20
59 21
59 22
59 23
59 25
59 26
59 28
59 29
59 31
59 32
59 34
59 35
59 43
59 50
59 51
59 52
59 53
59 54
59 64
59 66
59 67
59 72
59 73
59 74
59 76
59 84
59 89
59 92
59 93
59 95
59 96
59 97
60 13
60 16
60 18
60 19
60 20
60 21
60 25
60 26
60 27
60 28
60 30
60 44
60 45
60 51
60 54
60 57
60 58
60 59
60 65
60 68
60 69
60 70
60 71
60 82
60 83
60 86
60 89
60 99
61 0
61 2
61 5
61 12
61 13
61 14
61 15
61 18
61 26
61 27
61 30
61 44
61 45
61 50
61 51
61 56
61 57
61 58
61 66
61 82
61 83
61 84
61 87
61 88
61 89
61 90
61 92
61 94
61 98
61 99
62 1
62 3
62 4
62 8
62 12
62 18
62 20
62 26
62 27
62 36
62 37
62 38
62 45
62 53
62 56
62 66
62 83
62 93
62 95
62 97
62 98
62 99
63 0
63 1
63 3
63 4
63 5
63 7
63 8
63 12
63 18
63 20
63 25
63 26
63 29
63 30
63 31
63 33
63 34
63 35
63 37
63 38
63 39
63 44
63 46
63 48
63 49
63 51
63 56
63 57
63 58
63 59
63 69
63 70
63 71
63 72
63 73
63 83
63 84
63 85
63 86
63 87
63 92
63 96
64 2
64 4
64 8
64 12
64 16
64 17
64 20
64 24
64 25
64 29
64 31
64 32
64 33
64 34
64 38
64 39
64 40
64 46
64 48
64 54
64 55
64 59
64 62
64 63
64 71
64 72
64 74
64 75
64 77
64 82
64 83
64 92
65 2
65 5
65 13
65 14
65 16
65 17
65 19
65 20
65 23
65 25
65 26
65 28
65 29
65 31
65 33
65 38
65 39
65 40
65 46
65 47
65 50
65 51
65 52
65 55
65 62
65 63
65 68
65 72
65 74
65 76
65 77
65 78
65 80
65 81
65 83
65 86
65 91
66 3
66 5
66 13
66 15
66 16
66 17
66 18
66 19
66 22
66 27
66 28
66 30
66 31
66 33
66 34
66 47
66 48
66 51
66 52
66 69
66 73
66 74
66 77
66 80
66 81
66 83
66 85
66 87
66 88
66 91
66 94
66 96
66 97
67 6
67 15
67 19
67 23
67 26
67 29
67 31
67 32
67 36
67 38
67 39
67 47
67 52
67 53
67 57
67 64
67 69
67 73
67 76
67 83
67 86
67 88
67 90
67 93
67 97
67 98
68 0
68 12
68 15
68 20
68 23
68 26
68 28
68 35
68 39
68 46
68 49
68 51
68 52
68 54
68 55
68 57
68 58
68 59
68 60
68 64
68 74
68 75
68 77
68 78
68 89
68 90
68 97
68 99
69 4
69 6
69 8
69 9
69 11
69 13
69 23
69 31
69 33
69 36
69 46
69 51
69 52
69 55
69 56
69 59
69 62
69 63
69 69
69 70
69 77
69 78
69 82
69 84
69 90
69 95
69 97
70 0
70 1
70 2
70 4
70 6
70 7
70 8
70 9
70 17
70 18
70 19
70 25
70 26
70 27
70 31
70 51
70 54
70 57
70 59
70 63
70 64
70 66
70 68
70 70
70 71
70 75
70 76
70 82
70 84
70 85
70 95
71 1
71 6
71 9
71 16
71 18
71 21
71 23
71 40
71 41
71 42
71 46
71 47
71 49
71 50
71 51
71 52
71 53
71 62
71 63
71 66
71 68
71 84
71 86
71 87
71 89
71 96
72 1
72 7
72 8
72 15
72 16
72 18
72 20
72 23
72 24
72 25
72 26
72 31
72 32
72 34
72 42
72 44
72 46
72 50
72 51
72 54
72 57
72 58
72 60
72 61
72 66
72 67
72 68
72 73
72 74
72 85
72 86
72 88
72 90
72 94
73 1
73 4
73 7
73 14
73 16
73 18
73 20
73 21
73 23
73 24
73 25
73 26
73 27
73 29
73 30
73 33
73 47
73 50
73 51
73 52
73 53
73 54
73 55
73 58
73 65
73 66
73 75
73 77
73 78
73 83
73 84
73 85
73 88
73 96
74 1
74 6
74 7
74 9
74 10
74 13
74 17
74 18
74 19
74 20
74 26
74 27
74 29
74 30
74 38
74 43
74 50
74 56
74 58
74 69
74 77
74 79
74 80
74 82
74 83
74 84
74 85
74 87
74 88
74 89
75 2
75 3
75 9
75 17
75 19
75 24
75 25
75 27
75 28
75 29
75 30
75 36
75 40
75 41
75 50
75 51
75 52
75 53
75 57
75 59
75 63
75 73
75 74
75 75
75 79
75 80
75 82
75 83
75 85
75 93
76 3
76 7
76 9
76 16
76 17
76 20
76 24
76 26
76 27
76 28
76 30
76 33
76 35
76 39
76 47
76 52
76 53
76 55
76 60
76 61
76 67
76 68
76 69
76 70
76 75
76 79
76 82
76 83
76 86
76 98
76 99
77 0
77 1
77 3
77 4
77 6
77 7
77 8
77 10
77 11
77 16
77 17
77 20
77 24
77 27
77 33
77 34
77 35
77 38
77 43
77 44
77 47
77 49
77 50
77 51
77 54
77 55
77 57
77 60
77 61
77 65
77 66
77 67
77 68
77 69
77 70
77 71
77 75
77 78
77 82
77 83
77 84
77 88
77 92
77 96
78 1
78 3
78 4
78 7
78 8
78 11
78 12
78 27
78 29
78 31
78 33
78 35
78 36
78 39
78 40
78 47
78 49
78 50
78 51
78 56
78 57
78 59
78 60
78 64
78 69
78 70
78 72
78 83
78 84
78 87
78 89
78 94
78 97
79 1
79 6
79 7
79 8
79 17
79 18
79 19
79 20
79 26
79 28
79 29
79 30
79 31
79 34
79 35
79 36
79 37
79 38
79 39
79 40
79 45
79 47
79 48
79 52
79 53
79 54
79 58
79 63
79 64
79 67
79 70
79 73
79 76
79 77
79 83
79 84
79 89
79 91
79 92
79 93
79 94
79 95
79 96
79 99
80 6
80 7
80 11
80 13
80 15
80 16
80 20
80 27
80 28
80 30
80 31
80 40
80 41
80 48
80 49
80 54
80 55
80 56
80 57
80 58
80 65
80 69
80 70
80 71
80 72
80 76
80 77
80 78
80 79
80 80
80 81
80 84
80 85
80 88
80 89
80 91
80 97
80 99
81 1
81 2
81 4
81 5
81 7
81 11
81 13
81 17
81 18
81 19
81 20
81 21
81 22
81 24
81 25
81 26
81 27
81 28
81 39
81 40
81 41
81 43
81 44
81 45
81 46
81 47
81 49
81 56
81 57
81 67
81 70
81 78
81 79
81 80
81 96
81 97
81 98
81 99
82 0
82 2
82 4
82 6
82 8
82 9
82 11
82 16
82 17
82 18
82 19
82 23
82 24
82 25
82 26
82 27
82 29
82 30
82 38
82 39
82 40
82 44
82 47
82 49
82 62
82 68
82 69
82 75
82 76
82 78
82 84
82 85
82 92
82 97
82 98
83 1
83 2
83 9
83 18
83 19
83 20
83 21
83 22
83 26
83 27
83 29
83 30
83 32
83 33
83 36
83 40
83 47
83 52
83 60
83 64
83 70
83 75
83 76
83 80
83 84
83 86
83 87
83 92
83 93
84 0
84 1
84 2
84 5
84 8
84 9
84 13
84 16
84 18
84 22
84 30
84 31
84 33
84 35
84 39
84 41
84 46
84 60
84 61
84 68
84 75
84 82
84 85
84 86
84 87
84 93
84 95
84 96
85 5
85 8
85 9
85 13
85 14
85 19
85 20
85 21
85 24
85 29
85 30
85 32
85 33
85 39
85 41
85 46
85 54
85 58
85 59
85 64
85 65
85 67
85 72
85 73
85 74
85 75
85 76
85 83
85 85
85 86
85 87
85 93
86 9
86 10
86 11
86 13
86 14
86 16
86 17
86 19
86 22
86 25
86 32
86 36
86 39
86 40
86 41
86 45
86 46
86 49
86 53
86 54
86 55
86 56
86 58
86 60
86 61
86 62
86 64
86 65
86 66
86 70
86 75
86 77
86 78
86 83
86 85
86 86
86 93
86 94
86 96
86 99
87 11
87 17
87 21
87 22
87 32
87 35
87 36
87 55
87 58
87 61
87 62
87 65
87 69
87 72
87 73
87 77
87 78
87 85
87 93
87 94
87 96
88 10
88 11
88 14
88 15
88 16
88 21
88 22
88 32
88 33
88 34
88 39
88 40
88 43
88 44
88 52
88 54
88 64
88 65
88 71
88 72
88 73
88 78
88 79
88 80
88 81
88 83
88 87
88 89
88 91
88 92
88 93
88 95
88 96
89 0
89 1
89 3
89 14
89 16
89 27
89 28
89 32
89 33
89 38
89 44
89 49
89 50
89 54
89 65
89 66
89 67
89 68
89 70
89 71
89 88
89 90
89 91
89 92
89 93
89 95
89 96
90 0
90 1
90 3
90 4
90 14
90 15
90 27
90 28
90 44
90 48
90 49
90 56
90 57
90 58
90 64
90 66
90 67
90 68
90 72
90 78
90 79
90 81
90 82
90 83
90 88
90 91
90 92
90 93
90 95
91 3
91 14
91 20
91 21
91 37
91 39
91 43
91 49
91 56
91 57
91 58
91 63
91 64
91 67
91 72
91 77
91 79
91 87
91 91
91 93
91 94
92 3
92 4
92 9
92 10
92 11
92 13
92 14
92 15
92 20
92 34
92 35
92 37
92 38
92 51
92 57
92 58
92 63
92 68
92 72
92 76
92 78
92 80
92 81
92 89
92 91
92 92
93 0
93 1
93 2
93 6
93 7
93 9
93 10
93 11
93 12
93 13
93 14
93 20
93 23
93 34
93 35
93 37
93 38
93 50
93 52
93 60
93 61
93 62
93 70
93 72
93 76
93 78
93 80
93 81
93 82
93 89
93 90
93 91
93 93
94 9
94 13
94 24
94 28
94 29
94 30
94 36
94 43
94 44
94 45
94 49
94 50
94 51
94 61
94 62
94 69
94 71
94 84
94 87
94 88
94 99
95 4
95 6
95 10
95 18
95 20
95 23
95 28
95 30
95 46
95 49
95 50
95 56
95 61
95 62
95 68
95 69
95 70
95 72
95 78
95 92
95 99
96 3
96 4
96 5
96 11
96 12
96 20
96 21
96 28
96 32
96 33
96 34
96 35
96 47
96 49
96 51
96 52
96 53
96 55
96 64
96 65
96 66
96 67
96 68
96 72
96 75
96 77
96 78
96 86
97 0
97 6
97 15
97 29
97 30
97 31
97 37
97 48
97 49
97 53
97 54
97 55
97 65
97 68
97 72
97 73
97 74
97 75
97 77
97 87
97 88
97 91
97 92
98 0
98 6
98 9
98 20
98 21
98 22
98 29
98 30
98 36
98 50
98 56
98 60
98 66
98 67
98 70
98 77
98 79
98 80
98 85
98 87
98 88
98 91
99 0
99 6
99 24
99 27
99 37
99 40
99 50
99 52
99 53
99 57
99 58
99 59
99 60
99 65
99 67
99 68
99 73
99 74
99 75
99 76
99 77
99 79
99 80
99 84
99 88
99 90
99 91
99 94
99 96
99 97
99 98
