0 5
0 6
0 7
0 8
0 14
0 17
0 48
0 89
0 94
0 96
1 7
1 15
1 16
1 36
1 37
1 41
1 47
1 94
2 6
2 35
2 38
2 41
2 93
2 94
3 12
3 23
3 24
3 36
3 37
3 42
3 45
3 48
3 49
3 50
3 91
3 93
4 12
4 22
4 25
4 48
4 49
4 50
5 12
5 23
5 25
5 45
5 50
5 91
5 92
5 93
6 24
6 35
6 43
6 48
6 50
6 52
6 53
7 35
7 43
7 44
7 48
7 50
7 53
7 54
7 55
8 35
8 50
8 55
8 56
9 29
9 30
9 31
9 46
9 47
9 51
9 52
9 53
9 57
9 65
9 66
9 67
10 50
10 51
10 52
10 53
10 54
10 55
10 56
10 61
10 62
10 64
10 66
10 67
11 49
11 50
11 51
11 52
11 53
11 54
11 55
11 61
12 41
12 42
12 43
12 44
12 48
12 52
12 62
12 63
12 70
13 40
13 45
13 49
13 50
13 53
13 70
14 40
14 45
14 50
14 51
14 52
14 53
14 66
14 67
14 68
14 69
15 34
15 35
15 36
15 42
15 43
15 44
15 52
15 53
16 46
16 47
16 52
16 91
16 92
17 22
17 45
17 48
17 91
17 93
18 17
18 18
18 23
18 40
18 41
18 91
18 92
19 16
19 23
19 41
19 92
20 15
20 22
20 89
20 95
21 3
21 4
21 5
21 15
21 16
21 17
21 21
21 77
21 78
21 79
21 89
21 90
21 95
22 20
22 76
22 79
22 95
23 52
23 53
23 63
23 64
23 66
23 67
23 76
23 79
23 80
23 89
23 90
23 92
24 52
24 53
24 61
24 62
24 63
24 64
24 65
24 67
24 79
24 83
24 85
24 89
24 90
24 93
25 61
25 62
25 65
25 68
25 75
25 82
25 83
25 85
25 92
26 75
26 81
26 82
26 83
26 85
26 88
27 36
27 37
27 38
27 76
27 77
27 81
27 82
27 83
27 84
27 85
27 88
27 92
28 61
28 62
28 79
28 81
28 82
28 83
28 84
28 87
28 88
29 9
29 10
29 60
29 62
29 77
29 78
29 82
29 83
29 88
29 89
29 92
29 93
29 96
29 99
30 0
30 8
30 11
30 12
30 61
30 80
30 83
30 95
31 1
31 8
31 9
31 11
31 12
31 60
31 61
31 62
31 63
31 64
31 65
31 76
31 80
31 81
31 82
31 94
32 1
32 2
32 8
32 9
32 12
32 59
32 65
32 66
32 77
32 84
32 85
32 94
32 99
33 3
33 4
33 10
33 11
33 15
33 58
33 63
33 64
33 65
33 66
33 83
33 84
33 85
33 86
33 94
33 97
33 98
34 5
34 14
34 15
34 20
34 21
34 51
34 59
34 63
34 64
34 66
34 78
34 79
34 84
34 85
34 86
34 87
34 95
34 97
34 99
35 3
35 4
35 13
35 17
35 18
35 50
35 52
35 60
35 64
35 66
35 83
35 87
35 88
35 96
35 97
36 3
36 14
36 15
36 16
36 18
36 23
36 49
36 53
36 98
36 99
37 0
37 14
37 15
37 17
37 18
37 20
37 24
37 40
37 41
37 67
37 68
38 19
38 23
38 39
38 40
38 42
38 47
38 48
38 52
38 64
38 65
38 69
39 20
39 21
39 22
39 38
39 40
39 42
39 43
39 47
39 51
39 65
39 69
40 10
40 11
40 20
40 37
40 38
40 40
40 41
40 42
40 48
40 49
40 50
40 66
40 67
40 68
41 8
41 9
41 10
41 11
41 12
41 13
41 37
41 38
41 39
41 43
42 8
42 9
42 10
42 11
42 12
42 13
42 14
42 15
42 35
42 36
42 38
42 40
42 41
42 42
43 12
43 15
43 34
43 38
43 42
43 85
43 86
44 13
44 15
44 33
44 37
44 38
44 85
44 86
45 3
45 4
45 11
45 13
45 14
45 26
45 27
45 32
45 49
45 50
45 51
46 9
46 10
46 11
46 12
46 26
46 27
46 32
46 35
46 49
46 50
46 51
47 5
47 9
47 22
47 23
47 32
47 90
47 91
47 92
48 2
48 3
48 4
48 22
48 23
48 33
48 37
48 38
49 2
49 3
49 34
49 38
49 80
49 81
50 1
50 2
50 35
50 36
50 37
50 80
50 81
51 1
51 2
51 3
51 23
51 24
52 0
52 3
52 23
52 66
53 1
53 2
53 23
53 24
53 66
54 6
54 7
54 24
54 66
55 5
55 8
55 23
55 24
55 37
55 93
56 4
56 5
56 7
56 37
56 51
56 52
56 53
56 91
56 92
57 0
57 1
57 2
57 3
57 6
57 7
57 19
57 37
57 50
57 51
57 52
57 53
57 92
57 93
58 1
58 6
58 19
58 20
58 21
58 49
58 53
58 55
58 73
58 74
59 1
59 2
59 6
59 17
59 18
59 33
59 34
59 35
59 39
59 40
59 41
59 50
59 51
59 52
59 56
59 73
59 74
60 1
60 2
60 4
60 5
60 15
60 16
60 17
60 19
60 21
60 55
60 57
60 61
60 62
61 2
61 3
61 4
61 8
61 11
61 16
61 37
61 53
61 57
61 58
61 61
61 63
61 94
61 95
62 8
62 11
62 17
62 18
62 20
62 21
62 31
62 37
62 50
62 51
62 53
62 56
62 57
62 61
62 63
62 64
62 94
62 95
63 8
63 12
63 19
63 21
63 30
63 31
63 32
63 37
63 50
63 57
63 58
63 60
63 62
63 63
64 7
64 8
64 9
64 12
64 19
64 22
64 28
64 29
64 30
64 49
64 58
64 61
64 62
64 72
64 73
64 74
64 82
64 99
65 0
65 9
65 10
65 11
65 19
65 22
65 27
65 31
65 32
65 57
65 82
65 91
65 92
65 93
65 98
66 0
66 1
66 9
66 20
66 22
66 27
66 31
66 32
66 48
66 49
66 50
66 57
66 59
66 82
66 91
66 94
66 98
67 10
67 11
67 27
67 29
67 31
67 36
67 37
67 57
67 59
67 89
67 98
68 2
68 3
68 5
68 6
68 11
68 12
68 19
68 32
68 34
68 36
68 37
68 56
68 58
68 78
68 79
68 80
68 89
68 91
68 92
68 93
68 94
68 98
69 2
69 3
69 5
69 6
69 10
69 11
69 12
69 22
69 32
69 33
69 34
69 38
69 55
69 58
69 88
69 89
69 93
69 94
69 98
70 4
70 6
70 23
70 27
70 33
70 34
70 82
70 89
70 90
70 94
70 99
71 0
71 1
71 3
71 4
71 19
71 20
71 21
71 22
71 26
71 29
71 34
71 35
71 36
71 37
71 38
71 50
71 51
71 56
71 58
71 60
71 62
71 82
71 92
71 93
71 95
71 96
71 99
72 0
72 3
72 4
72 5
72 21
72 22
72 29
72 30
72 32
72 33
72 34
72 35
72 36
72 37
72 50
72 51
72 57
72 58
72 59
72 60
72 63
72 82
72 92
72 93
72 97
72 99
73 0
73 1
73 4
73 29
73 33
73 34
73 35
73 36
73 60
73 64
73 92
73 93
74 0
74 29
74 34
74 62
74 64
74 65
74 78
74 94
74 98
74 99
75 3
75 9
75 10
75 11
75 21
75 22
75 24
75 25
75 29
75 33
75 70
75 71
75 77
75 78
75 79
76 3
76 7
76 8
76 12
76 19
76 20
76 24
76 30
76 31
76 32
76 57
76 60
76 61
76 66
76 69
76 72
76 75
76 76
76 79
76 94
77 3
77 7
77 11
77 17
77 18
77 19
77 26
77 27
77 54
77 55
77 57
77 60
77 65
77 70
77 71
77 75
77 78
77 82
77 83
77 84
78 0
78 10
78 23
78 24
78 26
78 27
78 52
78 53
78 54
78 58
78 61
78 62
78 63
78 64
78 78
78 80
78 85
78 94
78 99
79 17
79 18
79 20
79 24
79 25
79 26
79 27
79 51
79 53
79 54
79 57
79 76
79 85
79 96
80 20
80 50
80 51
80 53
80 54
80 55
80 58
80 72
80 73
80 84
80 85
81 21
81 22
81 45
81 51
81 52
81 53
81 57
81 70
81 71
81 74
82 44
82 45
82 46
82 50
82 51
82 52
82 54
82 55
82 56
82 70
82 75
82 78
82 84
83 0
83 45
83 46
83 50
83 51
83 52
83 55
83 70
83 73
83 74
83 75
83 76
83 77
83 85
83 98
83 99
84 46
84 50
84 51
84 52
84 71
84 72
84 75
84 80
84 86
85 40
85 42
85 71
85 72
85 76
85 80
85 83
86 17
86 18
86 38
86 42
86 65
86 66
86 76
86 79
87 1
87 16
87 17
87 18
87 37
87 38
87 64
87 67
87 77
87 83
87 86
88 0
88 1
88 36
88 37
88 38
88 41
88 57
88 58
88 59
88 65
88 67
88 77
88 78
88 79
88 86
88 90
88 91
88 92
89 0
89 1
89 2
89 24
89 25
89 26
89 35
89 36
89 41
89 59
89 66
89 68
89 69
89 84
89 87
90 26
90 41
90 42
90 58
90 62
90 67
90 70
90 72
90 73
90 74
90 84
90 86
90 94
90 95
90 99
91 0
91 25
91 26
91 27
91 37
91 40
91 41
91 42
91 62
91 63
91 70
91 73
91 74
91 94
91 96
91 97
91 98
91 99
92 34
92 39
92 61
92 63
92 66
92 69
92 96
93 35
93 37
93 38
93 39
93 42
93 64
93 68
93 95
93 96
94 13
94 14
94 20
94 21
94 36
94 40
94 41
94 63
94 65
94 68
94 95
94 96
95 13
95 14
95 20
95 21
95 64
95 67
95 68
95 70
95 71
95 91
95 95
95 96
95 97
96 45
96 46
96 47
96 60
96 62
96 63
96 67
96 68
96 69
96 72
96 89
96 92
96 95
96 97
96 98
97 8
97 45
97 46
97 47
97 60
97 62
97 63
97 64
97 65
97 67
97 69
97 71
97 88
97 93
97 98
97 99
98 8
98 9
98 25
98 26
98 46
98 65
98 70
98 87
98 92
98 97
98 98
99 6
99 7
99 9
99 10
99 15
99 16
99 25
99 26
99 48
99 65
99 67
99 68
99 88
99 90
99 97
