0 3
0 4
0 14
0 17
0 46
0 48
0 54
0 58
0 74
0 75
0 91
0 96
0 97
0 99
1 0
1 3
1 15
1 16
1 36
1 37
1 47
1 54
1 57
1 92
1 93
1 95
1 96
1 97
1 99
2 0
2 1
2 2
2 35
2 38
2 55
2 94
2 95
2 97
2 98
2 99
3 23
3 24
3 36
3 37
3 65
3 66
3 67
3 97
3 98
4 11
4 12
4 13
4 22
4 25
5 23
5 25
6 6
6 7
6 24
7 6
7 7
7 34
7 35
7 36
7 53
7 92
7 93
8 30
8 53
8 55
8 58
8 59
8 92
8 93
9 18
9 19
9 20
9 30
9 53
9 54
9 58
9 60
10 19
10 20
10 30
10 59
10 60
10 61
11 16
11 17
11 18
11 21
11 59
11 60
11 84
11 85
11 93
12 16
12 17
12 18
12 19
12 20
12 35
12 36
12 39
12 91
12 92
12 93
13 18
13 19
13 20
13 35
13 36
13 37
13 38
13 39
13 44
13 45
13 46
13 91
13 92
14 35
14 39
14 43
14 47
14 48
14 73
14 74
15 35
15 38
15 43
15 75
15 86
15 87
15 91
15 92
16 34
16 38
16 44
16 45
16 48
16 75
16 76
16 77
16 86
16 87
16 88
16 91
16 92
17 46
17 47
17 76
17 77
17 88
17 89
18 33
18 77
18 78
18 88
18 91
19 34
19 35
19 48
19 49
19 68
19 78
19 79
19 88
20 4
20 48
20 49
20 57
20 58
20 65
20 69
20 73
20 78
20 88
20 91
21 4
21 20
21 21
21 22
21 64
21 65
21 68
21 71
21 74
21 76
21 77
21 85
21 86
21 88
21 91
22 4
22 20
22 23
22 63
22 73
22 74
22 75
22 77
22 84
22 86
22 87
22 89
22 91
23 13
23 14
23 19
23 39
23 40
23 41
23 56
23 57
23 62
23 72
23 76
23 85
23 86
23 90
24 12
24 14
24 18
24 19
24 20
24 24
24 37
24 38
24 40
24 41
24 56
24 57
24 62
24 73
24 74
24 75
24 85
25 13
25 23
25 24
25 38
25 42
25 52
25 53
25 56
25 58
25 63
25 65
25 67
25 81
25 82
25 83
26 20
26 23
26 25
26 26
26 27
26 39
26 40
26 41
26 52
26 53
26 57
26 58
26 63
26 80
26 83
26 85
26 86
26 87
27 20
27 21
27 23
27 24
27 25
27 26
27 27
27 39
27 40
27 41
27 80
27 81
27 82
27 84
27 86
27 87
28 19
28 23
28 83
28 84
28 86
28 87
28 88
29 19
29 20
29 23
29 83
29 84
29 88
29 89
30 19
30 20
30 22
30 23
30 70
30 71
30 83
30 84
30 95
30 96
31 0
31 1
31 2
31 20
31 22
31 67
31 68
31 71
31 72
31 77
31 78
31 83
31 84
31 95
31 97
32 0
32 2
32 21
32 71
32 72
32 76
32 79
32 94
32 97
32 98
33 2
33 51
33 52
33 57
33 67
33 68
33 71
33 72
33 77
33 78
33 95
33 99
34 6
34 52
34 53
34 56
34 57
34 58
34 71
34 95
34 97
34 98
35 5
35 7
35 8
35 53
35 59
36 5
36 6
36 9
36 57
36 59
36 78
36 79
37 0
37 1
37 10
37 11
37 44
37 45
37 58
37 78
37 79
37 84
37 85
37 86
38 0
38 1
38 9
38 11
38 24
38 44
38 46
38 79
38 85
38 94
38 95
39 9
39 10
39 11
39 23
39 25
39 45
39 67
39 93
39 94
40 10
40 11
40 26
40 29
40 43
40 67
40 93
40 95
41 9
41 15
41 16
41 21
41 28
41 30
41 42
41 45
41 67
41 73
41 74
41 77
41 78
41 80
41 81
41 82
41 83
41 84
41 85
41 86
41 87
41 88
41 89
41 90
41 92
42 8
42 15
42 16
42 23
42 25
42 26
42 27
42 41
42 42
42 43
42 44
42 45
42 46
42 77
42 78
42 80
42 81
42 83
42 85
42 87
42 89
42 90
42 92
42 93
43 7
43 9
43 45
43 48
43 49
43 50
43 64
43 76
43 81
43 89
43 92
43 93
43 97
43 98
44 7
44 9
44 14
44 21
44 22
44 23
44 24
44 25
44 46
44 58
44 62
44 64
44 77
44 81
44 83
44 84
44 86
44 87
44 89
44 93
44 94
44 95
44 96
44 97
45 8
45 13
45 15
45 22
45 23
45 25
45 29
45 30
45 48
45 51
45 57
45 58
45 59
45 63
45 64
45 81
45 83
45 87
45 90
45 91
45 93
45 94
45 95
45 96
46 13
46 26
46 27
46 45
46 46
46 51
46 56
46 59
46 87
46 88
46 90
46 91
46 94
46 95
47 14
47 15
47 18
47 21
47 22
47 23
47 25
47 27
47 28
47 46
47 48
47 51
47 57
47 58
48 18
48 19
48 20
48 21
48 22
48 23
48 51
48 83
48 85
49 0
49 18
49 19
49 23
49 44
49 47
49 48
49 69
49 80
49 81
49 82
49 83
49 84
49 99
50 0
50 23
50 24
50 25
50 68
50 69
50 79
50 81
50 82
50 99
51 0
51 21
51 22
51 46
51 48
51 49
51 50
51 68
51 70
51 71
51 79
51 81
51 99
52 21
52 42
52 45
52 47
52 48
52 49
52 70
52 71
52 72
53 21
53 42
53 43
53 70
53 71
53 73
54 2
54 3
54 25
54 40
54 45
54 70
54 71
54 72
54 73
54 74
55 1
55 2
55 3
55 4
55 20
55 26
55 40
55 41
55 42
55 43
55 44
55 46
55 48
55 59
55 60
55 65
55 66
55 67
55 70
55 71
55 72
55 73
55 74
55 77
55 81
56 0
56 1
56 2
56 4
56 19
56 20
56 22
56 23
56 24
56 26
56 40
56 47
56 48
56 58
56 59
56 60
56 63
56 66
56 70
56 73
56 76
56 81
56 82
57 22
57 24
57 25
57 30
57 31
57 40
57 42
57 43
57 44
57 45
57 57
57 60
57 64
57 65
57 66
57 70
57 77
57 81
57 82
57 99
58 23
58 24
58 30
58 31
58 40
58 41
58 48
58 56
58 59
58 71
58 72
58 74
58 78
58 98
58 99
59 39
59 41
59 43
59 56
59 61
59 72
59 74
60 22
60 40
60 44
60 55
60 59
60 60
60 62
60 73
60 96
61 2
61 4
61 19
61 20
61 21
61 22
61 55
61 60
61 62
61 63
61 74
61 93
62 1
62 2
62 3
62 4
62 13
62 14
62 22
62 32
62 61
62 92
62 98
63 0
63 2
63 3
63 12
63 15
63 19
63 21
63 31
63 32
63 33
63 55
63 56
63 93
63 95
63 99
64 12
64 15
64 20
64 31
64 34
64 54
64 57
64 91
64 92
64 93
64 95
64 98
65 13
65 14
65 32
65 33
65 34
65 40
65 55
65 57
65 81
65 82
65 83
65 91
65 92
65 96
65 97
66 5
66 6
66 33
66 41
66 42
66 48
66 49
66 55
66 57
66 89
66 92
66 96
66 97
67 5
67 6
67 40
67 41
67 49
67 79
67 85
67 87
67 88
67 89
67 91
67 92
67 93
67 96
68 44
68 45
68 46
68 48
68 79
68 85
68 91
68 92
68 93
68 94
68 95
68 96
69 8
69 9
69 24
69 25
69 26
69 43
69 79
69 85
69 90
69 91
69 92
70 11
70 25
70 26
70 43
70 45
70 46
70 49
70 91
70 92
70 94
70 95
71 8
71 9
71 14
71 22
71 23
71 25
71 47
71 81
71 82
71 83
71 90
71 91
71 93
71 94
72 5
72 9
72 14
72 15
72 22
72 23
72 25
72 48
72 50
72 51
72 60
72 91
72 92
72 93
73 3
73 4
73 5
73 6
73 7
73 11
73 15
73 18
73 19
73 20
73 23
73 24
73 25
73 49
73 50
73 59
73 60
73 61
73 92
74 3
74 4
74 19
74 23
74 24
74 58
74 59
74 60
74 61
74 62
74 69
75 2
75 3
75 4
75 18
75 19
75 27
75 28
75 30
75 58
75 59
75 62
75 65
75 69
76 19
76 20
76 27
76 41
76 51
76 59
76 60
76 62
76 65
76 66
76 70
76 71
77 1
77 28
77 29
77 32
77 40
77 42
77 51
77 60
77 61
77 66
77 69
77 70
77 95
77 96
77 97
77 98
77 99
78 1
78 31
78 39
78 43
78 61
78 62
78 65
78 76
78 77
78 78
78 95
79 0
79 40
79 65
79 95
80 39
80 40
80 41
80 42
80 53
80 54
80 96
80 98
80 99
81 38
81 39
81 40
81 42
81 52
81 55
82 39
82 40
82 42
82 52
82 54
83 12
83 13
83 38
83 53
84 11
84 14
84 38
84 97
84 98
85 11
85 15
85 42
85 43
85 96
85 99
86 12
86 15
86 42
86 97
86 98
87 1
87 2
87 3
87 4
87 12
87 13
87 15
87 16
87 19
87 20
87 74
87 76
87 77
87 78
88 0
88 1
88 2
88 13
88 15
88 19
88 20
88 73
88 75
88 79
88 93
88 94
88 95
89 0
89 14
89 38
89 39
89 40
89 73
89 74
89 76
89 79
89 83
89 84
89 85
89 99
90 73
90 79
90 97
90 99
91 6
91 36
91 42
91 51
91 52
91 69
91 70
91 71
91 74
91 97
92 6
92 15
92 16
92 36
92 42
92 51
92 52
92 58
92 59
92 66
92 67
92 68
92 69
92 71
92 74
92 77
92 97
93 14
93 16
93 36
93 42
93 55
93 60
93 66
93 70
93 71
94 14
94 15
94 20
94 21
94 54
94 60
94 66
94 67
94 68
94 75
94 76
94 77
95 20
95 21
95 38
95 39
95 40
95 46
95 47
95 54
95 58
95 60
95 61
95 63
95 64
95 65
95 66
95 67
95 75
95 78
96 47
96 48
96 56
96 59
96 60
96 62
96 63
96 64
96 65
96 66
96 76
96 77
96 96
96 97
97 0
97 45
97 47
97 48
97 55
97 56
97 59
97 60
97 67
97 92
97 93
97 94
97 95
97 96
97 97
97 99
98 1
98 2
98 25
98 26
98 45
98 55
98 56
98 58
98 59
98 61
98 62
98 63
98 64
98 65
98 67
98 91
98 94
98 95
98 97
98 98
98 99
99 3
99 15
99 16
99 25
99 26
99 45
99 49
99 58
99 63
99 65
99 66
99 74
99 75
99 90
99 91
99 95
99 97
99 98
