0 0
0 14
0 15
0 27
0 46
0 56
0 57
0 62
0 63
0 64
0 65
0 73
0 94
0 96
1 0
1 13
1 15
1 36
1 37
1 47
1 57
1 63
1 65
1 66
1 74
1 76
1 95
1 96
1 98
2 13
2 16
2 35
2 38
2 56
2 57
2 58
2 66
2 70
2 76
2 97
2 98
2 99
3 12
3 23
3 24
3 36
3 37
3 57
3 58
3 66
3 68
3 70
3 76
4 12
4 15
4 16
4 18
4 22
4 25
4 56
4 58
4 66
4 70
4 75
4 89
4 90
4 91
5 11
5 16
5 17
5 18
5 23
5 25
5 58
5 59
5 75
5 88
5 91
5 92
6 6
6 7
6 17
6 18
6 24
6 55
6 56
6 58
6 59
6 73
7 6
7 7
7 11
7 14
7 34
7 35
7 36
7 57
7 58
7 59
7 72
7 74
7 88
7 89
7 90
7 91
7 92
7 93
8 10
8 15
8 16
8 30
8 55
8 56
8 72
8 74
8 90
8 91
8 92
9 10
9 14
9 15
9 16
9 30
9 56
9 72
9 74
10 9
10 10
10 13
10 17
10 18
10 19
10 30
10 55
10 72
10 73
10 74
10 86
11 13
11 17
11 18
11 36
11 56
11 58
11 72
11 73
11 74
11 84
11 85
11 87
11 88
12 9
12 11
12 12
12 13
12 17
12 35
12 37
12 56
12 58
12 84
13 8
13 9
13 11
13 12
13 16
13 35
13 38
13 84
13 85
13 89
13 92
13 93
14 36
14 37
14 57
14 59
14 65
14 84
14 91
14 92
15 44
15 58
15 59
15 64
15 67
15 84
15 85
15 90
15 91
16 43
16 45
16 46
16 64
16 68
16 71
16 72
16 84
16 85
16 91
16 92
17 36
17 37
17 38
17 43
17 46
17 69
17 71
17 74
17 87
17 89
18 35
18 44
18 45
18 47
18 61
18 63
18 65
18 69
18 70
18 75
18 85
19 34
19 39
19 45
19 46
19 47
19 55
19 56
19 57
19 58
19 59
19 65
19 71
19 75
19 84
20 4
20 37
20 38
20 39
20 44
20 46
20 55
20 56
20 57
20 59
20 67
20 71
20 75
20 82
20 83
20 85
21 4
21 34
21 35
21 44
21 45
21 46
21 56
21 59
21 64
21 65
21 66
21 67
21 72
21 74
21 82
21 83
21 84
21 87
21 89
22 4
22 44
22 45
22 55
22 56
22 62
22 64
22 67
22 73
22 82
22 84
22 89
22 90
23 13
23 14
23 54
23 55
23 61
23 62
23 65
23 66
23 67
23 84
23 85
23 90
24 12
24 14
24 40
24 54
24 55
24 59
24 63
24 64
24 65
24 66
24 86
25 13
25 21
25 22
25 23
25 38
25 39
25 41
25 42
25 55
25 56
25 57
25 58
25 64
25 84
25 85
25 86
26 19
26 20
26 22
26 51
26 52
26 53
26 56
26 57
26 58
26 84
27 20
27 22
27 25
27 26
27 27
27 28
27 83
27 87
27 89
28 19
28 20
28 23
28 51
28 53
28 81
28 82
28 84
28 86
28 87
28 88
29 23
29 26
29 50
29 51
29 81
29 84
29 85
29 86
29 87
30 25
30 26
30 28
30 29
30 51
30 65
30 72
30 73
30 75
30 76
30 81
31 1
31 2
31 16
31 18
31 49
31 51
31 58
31 59
31 63
31 64
31 65
31 66
31 72
31 75
31 76
31 78
31 82
31 83
31 98
31 99
32 1
32 2
32 7
32 11
32 15
32 19
32 49
32 50
32 56
32 60
32 61
32 63
32 64
32 66
32 67
32 72
32 77
32 78
32 97
32 98
32 99
33 1
33 6
33 15
33 19
33 49
33 50
33 56
33 60
33 62
33 64
33 66
33 73
33 75
33 76
33 77
33 96
34 6
34 7
34 15
34 55
34 65
34 74
35 9
35 16
35 17
35 18
35 45
35 46
35 50
35 56
35 57
35 58
35 60
35 61
36 7
36 9
36 11
36 12
36 44
36 45
36 46
36 49
36 56
36 57
36 58
36 60
36 70
36 71
36 78
36 79
37 0
37 1
37 7
37 9
37 38
37 39
37 70
37 71
37 78
37 79
38 0
38 1
38 37
38 40
38 94
38 95
39 9
39 10
39 37
39 40
39 84
39 85
39 86
39 94
39 96
40 9
40 10
40 37
40 47
40 48
40 49
40 60
40 61
40 68
40 69
40 83
40 87
40 95
41 11
41 12
41 23
41 28
41 29
41 35
41 37
41 39
41 40
41 41
41 42
41 44
41 45
41 46
41 55
41 57
41 58
41 59
41 63
41 68
41 70
41 71
41 82
41 88
42 11
42 13
42 15
42 16
42 21
42 22
42 23
42 27
42 30
42 35
42 37
42 44
42 46
42 49
42 55
42 56
42 58
42 68
42 72
42 81
42 85
42 89
43 4
43 5
43 10
43 13
43 15
43 16
43 17
43 20
43 25
43 28
43 30
43 41
43 47
43 48
43 56
43 57
43 62
43 64
43 72
43 81
43 89
44 4
44 5
44 9
44 10
44 12
44 16
44 17
44 20
44 25
44 29
44 58
44 63
44 71
44 81
44 83
44 87
44 89
44 97
45 2
45 5
45 10
45 11
45 18
45 19
45 21
45 26
45 58
45 82
45 83
45 87
45 88
45 96
45 98
46 3
46 13
46 14
46 15
46 20
46 22
46 27
46 59
46 62
46 95
46 99
47 2
47 4
47 16
47 18
47 19
47 22
47 26
47 60
47 61
47 62
47 95
47 99
48 13
48 15
48 16
48 17
48 18
48 24
48 25
48 49
48 62
48 63
48 95
48 96
48 97
48 98
49 3
49 4
49 14
49 15
49 16
49 17
49 36
49 39
49 44
49 45
49 47
49 49
49 63
49 64
49 65
49 96
49 98
50 3
50 22
50 23
50 36
50 37
50 38
50 39
50 41
50 42
50 43
50 44
50 45
50 63
50 65
50 97
51 20
51 24
51 36
51 39
51 42
51 44
51 48
51 64
51 65
51 80
51 81
51 82
52 19
52 25
52 41
52 45
52 48
52 68
52 69
52 71
52 79
52 82
53 20
53 21
53 23
53 24
53 25
53 40
53 41
53 42
53 45
53 48
53 67
53 73
53 78
54 20
54 46
54 48
54 59
54 61
54 62
54 67
54 68
54 73
54 78
54 79
54 83
55 21
55 46
55 47
55 49
55 59
55 70
55 71
55 74
55 78
55 79
55 80
55 81
55 83
55 84
56 21
56 22
56 46
56 47
56 49
56 60
56 61
56 62
56 63
56 64
56 73
56 74
56 81
56 83
57 3
57 4
57 5
57 20
57 21
57 22
57 30
57 31
57 43
57 44
57 48
57 61
57 63
57 69
57 82
58 2
58 5
58 6
58 22
58 30
58 31
58 43
58 60
58 62
58 67
58 68
58 78
59 0
59 21
59 22
59 23
59 60
59 61
59 62
59 79
59 98
59 99
60 5
60 41
60 42
60 55
60 61
60 79
60 97
60 98
60 99
61 4
61 21
61 24
61 34
61 35
61 42
61 43
61 54
61 56
61 74
61 75
61 76
61 97
61 99
62 1
62 2
62 3
62 13
62 14
62 22
62 23
62 24
62 32
62 33
62 34
62 35
62 36
62 42
62 43
62 51
62 54
62 58
62 93
62 95
62 96
62 99
63 12
63 15
63 29
63 33
63 34
63 35
63 36
63 51
63 52
63 54
63 56
63 58
63 59
63 92
63 93
63 94
63 95
63 97
63 98
64 12
64 15
64 27
64 37
64 38
64 53
64 54
64 55
64 57
64 91
64 94
64 95
64 97
64 98
65 13
65 14
65 22
65 24
65 25
65 26
65 27
65 32
65 33
65 35
65 36
65 38
65 49
65 91
65 93
66 5
66 6
66 20
66 22
66 27
66 29
66 34
66 38
66 49
66 50
66 81
66 82
66 83
66 92
66 93
67 5
67 6
67 19
67 23
67 24
67 28
67 31
67 37
67 80
67 84
67 91
67 95
68 19
68 21
68 27
68 28
68 33
68 34
68 36
68 45
68 46
68 47
68 80
68 84
68 92
68 96
69 15
69 16
69 18
69 19
69 44
69 46
69 47
69 55
69 56
69 80
69 84
69 95
70 10
70 15
70 16
70 19
70 20
70 27
70 43
70 44
70 48
70 52
70 53
70 81
70 82
70 83
70 92
70 93
70 94
71 9
71 10
71 11
71 15
71 17
71 18
71 20
71 22
71 24
71 25
71 26
71 29
71 30
71 52
71 92
72 8
72 12
72 15
72 17
72 19
72 25
72 28
72 29
72 30
72 44
72 52
72 53
72 71
73 7
73 10
73 11
73 16
73 17
73 19
73 21
73 23
73 25
73 27
73 29
73 44
73 46
73 47
73 48
73 49
73 69
73 70
73 74
73 75
74 4
74 5
74 8
74 9
74 10
74 18
74 21
74 23
74 25
74 26
74 27
74 28
74 29
74 33
74 34
74 50
74 51
74 52
74 53
74 59
74 60
74 61
74 68
74 70
74 74
74 75
75 2
75 3
75 22
75 23
75 29
75 32
75 35
75 40
75 41
75 46
75 47
75 52
75 53
75 62
75 68
75 69
75 73
75 74
76 1
76 5
76 15
76 16
76 23
76 27
76 28
76 31
76 40
76 41
76 42
76 44
76 50
76 52
76 53
76 58
76 61
76 67
76 70
76 72
76 73
77 3
77 4
77 5
77 14
77 17
77 27
77 28
77 32
77 34
77 39
77 44
77 46
77 47
77 48
77 50
77 53
77 61
77 68
77 69
77 71
77 98
77 99
78 5
78 10
78 11
78 15
78 17
78 24
78 25
78 26
78 33
78 40
78 41
78 42
78 47
78 50
78 51
78 54
78 55
78 59
78 60
78 68
78 69
78 76
78 77
78 78
78 99
79 0
79 1
79 5
79 9
79 10
79 11
79 16
79 21
79 22
79 40
79 41
79 43
79 44
79 45
79 49
79 50
79 63
79 64
80 2
80 5
80 8
80 9
80 10
80 21
80 22
80 51
80 52
80 63
80 64
81 2
81 4
81 51
81 52
81 54
81 55
82 2
82 40
82 53
83 34
83 35
83 39
83 40
83 54
83 71
84 6
84 7
84 8
84 9
84 40
84 54
84 55
84 70
84 97
84 98
85 4
85 10
85 14
85 15
85 31
85 32
85 34
85 35
85 38
85 54
85 55
85 70
85 96
85 99
86 3
86 11
86 12
86 13
86 18
86 35
86 36
86 38
86 40
86 97
86 98
87 6
87 7
87 8
87 10
87 11
87 12
87 14
87 17
87 19
87 30
87 34
87 35
87 37
87 39
87 51
87 52
87 76
87 77
88 2
88 5
88 11
88 12
88 14
88 16
88 17
88 19
88 20
88 30
88 35
88 37
88 38
88 48
88 49
88 75
88 78
88 93
88 94
88 95
89 3
89 4
89 8
89 9
89 10
89 11
89 13
89 15
89 16
89 17
89 48
89 51
89 75
89 82
89 84
90 4
90 5
90 8
90 9
90 10
90 13
90 15
90 31
90 34
90 47
90 48
90 49
90 50
90 51
90 58
90 59
90 60
90 75
90 82
90 83
90 84
90 85
90 97
91 5
91 9
91 10
91 13
91 14
91 15
91 39
91 40
91 48
91 50
91 58
91 59
91 60
91 82
91 86
91 97
92 5
92 7
92 13
92 14
92 15
92 38
92 39
92 40
92 48
92 49
92 59
92 84
92 86
92 97
93 39
93 40
93 49
93 54
93 58
93 61
93 62
93 66
93 72
93 73
94 20
94 21
94 46
94 48
94 54
94 58
94 59
94 60
94 61
94 65
94 66
94 67
94 69
94 74
94 75
95 20
95 21
95 45
95 48
95 49
95 53
95 55
95 59
95 64
95 65
95 67
95 70
95 76
96 10
96 11
96 12
96 13
96 25
96 45
96 50
96 55
96 56
96 70
96 72
96 74
96 76
97 10
97 11
97 12
97 25
97 27
97 46
97 47
97 50
97 51
97 54
97 55
97 56
97 71
97 72
97 75
97 76
97 95
97 96
97 97
98 11
98 24
98 29
98 45
98 46
98 50
98 55
98 71
98 74
98 94
98 96
98 98
98 99
99 0
99 25
99 29
99 46
99 63
99 64
99 70
99 74
99 76
99 94
99 98
