0 5
0 9
0 14
0 17
0 47
0 48
0 89
0 95
1 5
1 8
1 15
1 16
1 36
1 37
1 94
2 35
2 38
2 41
2 42
2 48
2 49
2 92
2 93
2 94
3 23
3 24
3 36
3 37
3 48
3 50
3 92
3 93
3 94
4 11
4 12
4 13
4 22
4 25
4 48
4 51
4 91
4 93
5 23
5 25
5 48
5 50
5 92
6 24
6 43
6 50
6 52
6 53
6 92
7 34
7 35
7 36
7 43
7 44
7 50
7 52
7 53
7 55
7 56
8 30
8 47
8 49
8 50
8 55
8 56
8 66
9 30
9 57
9 65
9 67
10 30
10 49
10 56
10 61
10 62
10 67
11 42
11 43
11 49
11 56
11 61
12 41
12 42
12 43
12 44
12 48
12 62
13 40
13 42
13 43
13 45
13 49
13 50
13 53
13 67
13 68
13 70
14 35
14 41
14 43
14 45
14 49
14 50
14 54
14 67
14 68
14 69
15 35
15 43
15 44
15 45
15 46
15 67
15 68
16 35
16 43
16 44
16 45
16 46
16 47
16 52
16 53
16 91
16 92
17 46
17 47
17 90
17 93
18 17
18 22
18 23
18 40
18 41
18 91
18 93
19 16
19 17
19 22
19 23
19 40
19 41
19 91
19 92
20 4
20 15
20 17
20 22
20 78
20 89
20 90
21 4
21 15
21 16
21 21
21 77
21 78
21 79
21 89
21 90
21 94
21 95
21 96
22 4
22 16
22 76
22 91
23 52
23 53
23 66
23 67
23 78
23 79
23 80
23 89
23 90
23 91
24 52
24 53
24 61
24 67
24 68
24 79
24 80
24 82
24 83
24 89
24 90
24 92
24 93
25 61
25 65
25 66
25 81
25 85
25 86
25 89
26 37
26 75
26 85
26 86
27 37
27 76
27 85
27 86
27 88
27 89
28 37
28 61
28 62
28 76
28 80
28 85
28 87
28 92
28 93
29 9
29 10
29 11
29 60
29 62
29 78
29 79
29 80
29 87
29 88
29 89
30 0
30 8
30 12
30 64
30 77
30 79
30 80
30 83
30 93
30 94
30 95
31 1
31 2
31 7
31 13
31 60
31 61
31 62
31 63
31 64
31 65
31 66
31 80
31 81
31 82
31 83
31 84
31 94
31 95
32 0
32 1
32 2
32 3
32 8
32 12
32 59
32 60
32 61
32 81
32 82
32 86
32 93
32 94
32 95
32 98
33 0
33 2
33 3
33 4
33 9
33 10
33 11
33 14
33 15
33 58
33 59
33 63
33 67
33 78
33 83
33 87
33 94
33 95
33 96
33 97
33 99
34 5
34 14
34 15
34 16
34 51
34 59
34 66
34 67
34 88
34 95
35 3
35 4
35 13
35 17
35 18
35 19
35 50
35 51
35 52
35 63
35 64
35 84
35 85
35 87
35 88
35 96
35 97
35 99
36 3
36 4
36 13
36 67
36 97
36 98
36 99
37 14
37 17
37 18
37 23
37 24
37 39
37 40
37 41
37 48
37 68
37 99
38 18
38 19
38 22
38 23
38 42
38 43
38 47
38 48
38 64
38 65
38 66
38 69
39 19
39 20
39 21
39 22
39 37
39 38
39 43
39 47
39 50
39 51
39 64
39 65
39 67
39 69
40 20
40 40
40 48
40 49
40 50
40 66
40 67
40 68
41 8
41 43
41 49
41 67
42 8
42 15
42 35
42 36
42 40
42 41
42 42
42 43
43 9
43 10
43 15
43 16
43 34
43 35
43 36
43 38
43 42
43 85
43 86
44 13
44 15
44 33
44 37
44 38
44 50
44 85
44 86
45 11
45 13
45 14
45 26
45 27
45 32
45 33
45 49
45 51
46 4
46 9
46 11
46 12
46 13
46 26
46 27
46 31
46 32
46 33
46 49
46 51
46 91
47 3
47 4
47 9
47 11
47 22
47 23
47 32
47 33
47 50
47 91
48 2
48 4
48 22
48 23
48 33
48 37
48 38
48 91
49 4
49 34
49 35
49 38
49 80
49 81
50 35
50 36
50 37
50 80
50 81
51 0
51 3
51 23
51 24
51 36
52 0
52 3
52 22
53 1
53 2
53 23
53 24
53 65
53 66
53 67
54 6
54 7
54 25
55 4
55 5
55 8
55 23
55 24
55 52
55 92
56 1
56 2
56 3
56 4
56 5
56 7
56 8
56 36
56 37
56 38
56 50
56 53
56 91
57 0
57 1
57 2
57 3
57 4
57 7
57 19
57 50
57 91
57 92
57 93
58 3
58 5
58 6
58 19
58 20
58 34
58 40
58 49
58 53
58 54
58 73
58 74
59 0
59 3
59 6
59 17
59 21
59 34
59 40
59 50
59 51
59 52
59 54
59 55
59 56
59 73
59 74
60 4
60 5
60 15
60 34
60 40
60 51
60 52
60 57
60 58
60 61
60 62
61 1
61 2
61 4
61 5
61 15
61 19
61 21
61 52
61 54
61 58
61 60
61 61
61 63
61 64
61 94
61 95
62 3
62 7
62 8
62 9
62 11
62 12
62 17
62 18
62 19
62 20
62 21
62 30
62 31
62 32
62 36
62 37
62 38
62 50
62 51
62 52
62 56
62 59
62 60
62 61
62 64
62 94
62 95
63 11
63 12
63 19
63 21
63 22
63 32
63 49
63 50
63 51
63 56
63 58
63 59
63 60
63 64
63 73
64 7
64 12
64 18
64 19
64 21
64 22
64 28
64 29
64 58
64 59
64 61
64 62
64 63
64 73
64 92
64 99
65 0
65 1
65 11
65 19
65 20
65 22
65 23
65 27
65 29
65 32
65 48
65 50
65 57
65 73
65 81
65 82
65 83
65 91
65 92
65 93
65 98
66 0
66 1
66 9
66 21
66 26
66 27
66 49
66 56
66 57
66 90
66 91
66 93
66 97
66 98
67 1
67 2
67 10
67 11
67 12
67 28
67 30
67 31
67 33
67 35
67 36
67 37
67 49
67 56
67 57
67 59
67 79
67 91
67 94
67 97
67 98
68 2
68 3
68 5
68 6
68 31
68 32
68 34
68 36
68 38
68 56
68 58
68 59
68 79
68 89
68 92
68 94
68 97
68 98
68 99
69 2
69 7
69 10
69 12
69 32
69 37
69 57
69 79
69 88
69 91
69 95
69 98
69 99
70 1
70 6
70 11
70 20
70 23
70 32
70 36
70 38
70 57
70 59
70 88
70 89
70 90
70 92
70 98
70 99
71 1
71 2
71 20
71 23
71 28
71 29
71 30
71 32
71 38
71 50
71 51
71 58
71 60
71 61
71 81
71 82
71 83
71 91
71 92
71 95
71 96
72 5
72 22
72 28
72 29
72 30
72 32
72 38
72 50
72 51
72 57
72 58
72 60
72 63
72 91
72 96
72 98
73 1
73 3
73 4
73 5
73 28
73 29
73 32
73 37
73 58
73 60
73 61
73 64
73 65
73 92
73 94
74 0
74 1
74 10
74 28
74 29
74 30
74 63
74 64
74 65
74 77
74 78
74 79
74 93
74 99
75 8
75 9
75 10
75 11
75 20
75 21
75 23
75 24
75 25
75 29
75 31
75 32
75 33
75 61
75 65
75 70
75 71
75 76
75 77
75 79
75 99
76 2
76 3
76 4
76 7
76 8
76 9
76 12
76 19
76 20
76 21
76 23
76 24
76 26
76 30
76 31
76 32
76 56
76 60
76 61
76 69
76 72
76 75
76 76
76 79
76 83
77 7
77 8
77 11
77 18
77 19
77 20
77 23
77 24
77 26
77 27
77 31
77 54
77 55
77 56
77 57
77 58
77 59
77 60
77 63
77 64
77 65
77 70
77 71
77 75
77 76
77 77
77 78
77 83
77 84
78 23
78 24
78 28
78 52
78 56
78 57
78 58
78 61
78 62
78 63
78 64
78 77
78 79
78 83
78 85
79 19
79 23
79 24
79 27
79 50
79 51
79 57
79 58
79 62
79 63
79 85
79 86
80 19
80 20
80 25
80 26
80 50
80 55
80 56
80 57
80 58
80 71
80 72
80 73
80 84
80 85
81 21
81 44
81 45
81 46
81 57
81 70
81 71
81 72
81 73
81 74
81 84
81 85
82 44
82 54
82 55
82 56
82 69
82 70
82 73
82 77
82 99
83 44
83 47
83 49
83 54
83 55
83 56
83 70
83 72
83 73
83 77
83 85
83 99
84 45
84 46
84 50
84 52
84 70
84 77
84 99
85 41
85 51
85 71
85 72
85 75
85 76
85 79
85 80
86 16
86 18
86 37
86 38
86 39
86 41
86 65
86 66
86 76
86 77
87 0
87 1
87 16
87 18
87 36
87 39
87 58
87 64
87 67
87 76
87 77
87 79
87 91
88 17
88 25
88 35
88 38
88 58
88 59
88 65
88 67
88 77
88 78
88 85
88 86
88 87
88 91
89 2
89 25
89 26
89 35
89 36
89 40
89 41
89 57
89 59
89 66
89 68
89 69
89 73
89 78
89 86
89 87
89 91
89 99
90 24
90 36
90 62
90 63
90 67
90 68
90 70
90 71
90 72
90 74
90 85
90 94
90 95
90 96
90 97
91 0
91 25
91 26
91 27
91 40
91 42
91 61
91 63
91 69
91 70
91 71
91 72
91 74
91 94
91 96
91 97
91 98
91 99
92 26
92 36
92 37
92 39
92 42
92 63
92 64
92 69
92 98
92 99
93 35
93 36
93 37
93 38
93 39
93 41
93 62
93 63
93 64
93 65
93 67
93 68
93 69
93 97
94 13
94 14
94 20
94 21
94 36
94 37
94 38
94 39
94 40
94 41
94 63
94 65
94 68
94 94
95 13
95 14
95 20
95 21
95 46
95 62
95 64
95 66
95 70
95 71
95 94
95 98
96 45
96 47
96 62
96 65
96 72
96 92
96 94
96 95
96 99
97 8
97 9
97 62
97 65
97 67
97 69
97 71
97 88
97 92
97 93
97 96
97 99
98 10
98 25
98 26
98 45
98 46
98 63
98 65
98 67
98 69
98 70
98 87
98 88
98 89
98 97
98 99
99 5
99 10
99 15
99 16
99 25
99 26
99 47
99 66
99 88
99 89
99 96
99 97
99 98
