0 14
0 17
0 64
0 80
0 81
0 90
0 91
0 93
0 94
1 15
1 16
1 36
1 37
1 63
1 65
1 79
1 80
1 91
1 92
1 93
2 35
2 38
2 56
2 57
2 63
2 64
2 79
2 92
3 23
3 24
3 36
3 37
3 55
3 57
3 58
3 65
4 11
4 12
4 13
4 22
4 25
4 54
4 55
4 57
4 58
4 65
4 87
5 23
5 25
5 51
5 52
5 54
5 55
5 56
5 57
5 58
5 70
5 71
5 87
6 24
6 43
6 44
6 50
6 51
6 52
6 56
6 58
6 59
6 60
6 70
6 71
6 87
7 34
7 35
7 36
7 43
7 44
7 50
7 55
7 57
7 59
7 61
7 62
7 72
8 30
8 51
8 52
8 57
8 60
8 61
8 62
8 71
9 30
9 54
9 57
10 30
10 54
10 55
10 57
10 59
10 71
10 72
11 56
11 65
11 71
11 72
12 20
12 58
12 59
12 65
12 83
12 85
13 18
13 20
13 61
13 63
13 91
14 16
14 17
14 18
14 35
14 62
14 68
14 69
14 83
14 91
15 16
15 20
15 35
15 68
15 69
15 70
15 72
15 86
15 91
16 16
16 20
16 35
16 68
16 72
16 84
16 85
16 86
17 16
17 20
17 69
17 93
17 94
17 95
18 40
18 41
18 68
18 70
19 40
19 41
19 67
19 68
19 70
19 71
19 78
19 79
19 80
20 4
20 68
20 71
20 78
20 80
20 83
21 4
21 13
21 16
21 17
21 26
21 69
21 70
21 78
21 82
21 84
22 4
22 14
22 16
22 17
22 24
22 25
22 27
22 28
22 79
22 80
22 84
23 16
23 17
23 52
23 53
23 67
23 80
23 83
24 13
24 14
24 15
24 24
24 28
24 52
24 53
24 65
24 69
24 82
24 83
25 14
25 25
25 26
25 27
25 69
25 75
25 77
26 21
26 22
26 23
26 37
26 69
26 70
26 74
26 75
26 78
26 79
27 21
27 24
27 37
27 53
27 66
27 68
27 70
27 74
27 78
27 79
28 21
28 24
28 37
28 53
28 65
28 66
28 68
28 70
28 74
28 79
29 53
29 64
29 66
29 75
29 78
29 83
29 84
30 13
30 24
30 25
30 65
30 66
30 68
30 77
30 78
30 82
30 85
30 87
30 88
31 11
31 12
31 14
31 15
31 25
31 66
31 68
31 69
31 83
31 84
31 85
31 86
31 87
32 5
32 6
32 11
32 12
32 14
32 15
32 66
32 68
32 84
32 85
32 86
33 4
33 6
33 7
33 11
33 12
33 14
33 15
33 28
33 29
33 59
33 67
34 3
34 6
34 12
34 13
34 59
34 84
35 27
35 28
35 29
35 35
35 59
35 83
35 85
36 2
36 8
36 34
36 36
36 84
36 85
37 2
37 4
37 6
37 33
37 37
37 47
37 55
37 56
37 57
37 61
37 62
37 63
38 3
38 10
38 11
38 34
38 36
38 47
38 48
39 2
39 3
39 4
39 7
39 11
39 12
39 35
39 43
39 44
39 45
39 50
39 59
40 7
40 46
40 50
40 51
40 59
41 8
41 14
41 15
41 46
41 51
41 52
41 59
41 95
42 9
42 10
42 14
42 15
42 48
42 49
42 51
42 94
42 97
43 11
43 12
43 13
43 47
43 50
43 85
43 86
43 94
43 98
44 47
44 48
44 49
44 85
44 86
44 98
44 99
45 0
45 24
45 25
45 91
45 95
45 96
46 24
46 25
46 90
46 92
46 94
46 98
47 1
47 90
47 92
47 94
47 95
47 98
48 0
48 1
48 91
48 96
48 97
49 80
49 81
49 97
49 98
49 99
50 80
50 81
50 98
51 50
51 51
52 42
52 50
52 52
52 85
53 41
53 42
53 43
53 51
53 84
53 86
53 87
54 3
54 40
54 42
54 44
54 86
54 87
55 3
55 15
55 16
55 17
55 39
55 41
55 43
55 44
55 82
55 83
55 97
55 98
55 99
56 3
56 33
56 34
56 35
56 38
56 41
56 42
56 43
56 44
56 82
56 83
56 86
56 87
57 32
57 35
57 39
57 42
57 55
57 57
57 84
57 85
57 86
57 87
58 32
58 33
58 35
58 40
58 41
58 42
58 45
58 55
58 57
58 82
58 87
59 16
59 30
59 31
59 42
59 45
59 82
59 83
59 84
59 86
59 87
60 15
60 17
60 29
60 32
60 42
60 53
60 54
60 55
60 84
60 87
60 91
61 29
61 31
61 43
61 77
61 78
61 86
61 87
61 90
61 91
62 30
62 44
62 45
62 53
62 78
62 79
62 87
62 91
63 76
63 78
63 79
63 84
63 88
64 75
64 76
64 78
64 79
64 83
65 15
65 17
65 77
65 82
65 83
65 88
66 16
66 83
66 84
66 85
66 88
66 89
67 68
67 85
68 50
68 51
68 67
68 68
68 75
68 76
68 78
68 80
68 83
68 85
69 50
69 51
69 66
69 67
69 75
69 76
69 77
69 78
69 79
69 80
69 81
69 84
69 85
70 62
70 66
70 67
70 77
70 78
70 81
71 61
71 63
71 64
71 66
71 67
71 79
71 82
71 95
72 64
72 67
72 80
72 81
72 95
73 9
73 63
73 95
74 7
74 8
74 10
74 60
74 63
74 76
74 77
75 7
75 12
75 60
75 62
75 67
75 68
75 76
75 77
75 82
76 8
76 9
76 13
76 17
76 18
76 66
76 69
76 76
76 82
77 10
77 13
77 16
77 17
77 18
77 67
77 69
77 70
77 77
77 82
78 13
78 17
78 63
78 64
78 67
78 68
78 69
78 77
79 16
79 17
79 63
79 66
79 68
80 10
80 11
80 13
80 16
80 65
80 67
80 75
80 80
81 11
81 13
81 15
81 16
81 19
81 22
81 23
81 24
81 28
81 29
81 65
81 66
81 67
81 72
81 76
81 80
82 11
82 15
82 16
82 18
82 44
82 45
82 46
82 51
82 72
82 75
82 80
82 85
82 99
83 15
83 16
83 18
83 43
83 46
83 50
83 52
83 70
83 71
83 73
83 74
83 83
83 86
83 99
84 10
84 15
84 16
84 43
84 46
84 50
84 52
84 72
84 89
84 99
85 9
85 10
85 16
85 18
85 38
85 39
85 43
85 83
85 86
85 89
86 10
86 17
86 38
86 39
86 44
86 45
86 47
86 48
86 56
86 57
86 69
86 84
86 86
86 87
86 89
87 11
87 14
87 47
87 48
87 55
87 58
87 69
87 70
87 71
87 80
87 81
87 87
88 12
88 13
88 24
88 25
88 56
88 57
88 75
88 79
88 80
88 81
88 83
88 84
88 87
88 90
89 23
89 26
89 74
89 75
89 83
89 92
90 24
90 25
90 75
90 79
90 80
90 81
90 82
90 84
91 76
91 77
91 79
91 80
91 81
91 92
92 86
92 88
93 45
93 46
93 47
93 72
93 86
93 88
94 13
94 14
94 72
94 73
94 79
94 81
94 82
94 83
94 84
94 88
94 89
94 91
94 92
95 2
95 3
95 13
95 14
95 64
95 65
95 72
95 74
95 78
95 79
95 82
95 85
95 86
95 87
95 92
96 1
96 4
96 63
96 66
96 73
96 74
96 78
96 81
96 84
96 85
96 88
96 91
97 2
97 3
97 64
97 65
97 84
97 85
97 89
98 7
98 8
98 25
98 26
98 82
98 83
98 92
99 7
99 8
99 15
99 16
99 25
99 26
99 81
99 82
99 83
99 91
99 92
99 93
