0 0
0 2
0 3
0 4
0 14
0 17
0 46
0 47
0 48
0 57
0 58
0 74
0 75
0 90
0 91
0 94
0 99
1 3
1 4
1 15
1 16
1 36
1 37
1 47
1 54
1 55
1 92
1 93
2 1
2 2
2 35
2 38
2 66
2 93
2 94
2 95
3 0
3 1
3 12
3 23
3 24
3 36
3 37
3 66
3 96
3 97
4 12
4 22
4 25
4 66
5 12
5 23
5 25
6 6
6 7
6 24
6 35
7 6
7 7
7 35
7 54
7 92
7 93
8 19
8 35
8 52
8 53
8 58
8 59
8 92
8 93
9 18
9 20
9 29
9 30
9 31
9 53
9 54
9 58
9 61
10 21
10 58
10 61
11 16
11 21
11 59
11 61
11 93
12 16
12 21
12 35
12 39
12 45
12 91
12 93
13 20
13 34
13 37
13 39
13 40
13 44
13 45
13 46
13 47
13 91
13 93
14 19
14 34
14 35
14 39
14 43
14 45
14 46
14 47
14 74
15 34
15 35
15 38
15 39
15 43
15 47
15 48
15 75
15 86
15 88
15 91
15 92
16 44
16 45
16 46
16 47
16 75
16 77
16 86
16 89
16 90
16 91
16 92
17 45
17 46
17 47
17 75
17 89
17 90
17 91
17 92
18 34
18 47
18 48
18 76
18 79
18 87
18 88
19 34
19 48
19 49
19 79
19 87
19 88
19 89
20 21
20 48
20 49
20 64
20 65
20 68
20 69
20 78
20 79
20 88
20 89
21 3
21 4
21 5
21 20
21 21
21 22
21 64
21 65
21 72
21 76
21 77
21 78
21 85
21 86
21 88
21 89
21 91
21 92
22 19
22 20
22 22
22 40
22 63
22 64
22 72
22 73
22 74
22 77
22 84
22 88
22 89
22 91
23 13
23 14
23 18
23 38
23 39
23 41
23 56
23 57
23 62
23 63
23 72
23 76
23 84
23 87
23 90
24 12
24 14
24 18
24 19
24 20
24 23
24 24
24 37
24 38
24 42
24 55
24 58
24 62
24 63
24 73
24 74
24 75
24 82
24 84
24 85
24 86
25 13
25 20
25 23
25 26
25 37
25 38
25 42
25 52
25 53
25 56
25 58
25 62
25 63
25 64
25 74
25 81
25 82
25 83
25 85
26 20
26 21
26 27
26 38
26 42
26 52
26 53
26 57
26 58
26 64
26 80
26 85
26 87
27 19
27 20
27 21
27 23
27 27
27 39
27 41
27 80
27 81
27 82
28 19
28 21
28 23
28 25
28 26
28 40
28 81
28 86
28 89
29 18
29 21
29 23
29 24
29 82
29 88
29 89
30 1
30 22
30 23
30 70
30 71
30 72
30 82
30 85
30 95
30 96
31 0
31 2
31 19
31 20
31 22
31 23
31 77
31 78
31 83
31 84
31 94
31 95
31 97
31 98
31 99
32 0
32 2
32 3
32 21
32 70
32 73
32 76
32 79
32 94
32 95
32 97
32 98
33 1
33 51
33 52
33 53
33 56
33 57
33 58
33 70
33 77
33 78
33 94
33 95
33 99
34 6
34 7
34 51
34 53
34 56
34 57
34 58
34 71
34 72
34 96
34 98
35 5
35 7
35 8
35 52
35 53
35 56
35 59
36 5
36 6
36 7
36 8
36 9
36 10
36 59
36 78
36 79
36 85
37 0
37 1
37 9
37 11
37 44
37 45
37 58
37 80
37 84
37 85
37 86
38 0
38 1
38 9
38 12
38 24
38 44
38 46
38 78
38 79
38 84
38 85
38 86
38 93
38 94
38 95
39 9
39 12
39 24
39 25
39 44
39 45
39 93
40 11
40 29
40 44
40 66
40 67
40 68
40 81
40 82
40 83
40 84
40 85
40 86
40 87
40 88
40 89
40 92
40 93
41 9
41 10
41 15
41 16
41 25
41 28
41 29
41 41
41 45
41 46
41 77
41 78
41 80
41 83
41 85
41 87
41 90
41 92
41 94
42 8
42 9
42 15
42 16
42 26
42 27
42 41
42 42
42 43
42 46
42 49
42 76
42 78
42 83
42 85
42 87
43 7
43 9
43 15
43 42
43 43
43 47
43 49
43 63
43 76
43 78
43 81
43 83
43 85
43 87
43 89
43 91
43 95
43 97
43 98
44 7
44 9
44 14
44 21
44 25
44 47
44 48
44 50
44 57
44 58
44 59
44 64
44 65
44 80
44 81
44 83
44 84
44 86
44 87
44 89
44 91
44 98
45 8
45 13
45 21
45 25
45 45
45 46
45 47
45 57
45 59
45 63
45 64
45 83
45 84
45 91
45 97
46 13
46 15
46 21
46 25
46 27
46 29
46 45
46 46
46 50
46 51
46 52
46 56
46 59
46 87
46 88
46 89
46 90
46 91
46 92
46 93
46 96
47 14
47 18
47 23
47 24
47 27
47 28
47 45
47 46
47 47
47 50
47 51
47 52
47 57
47 58
48 17
48 48
48 81
48 83
49 0
49 18
49 21
49 68
49 69
49 80
49 84
49 99
50 1
50 23
50 24
50 68
50 79
50 98
51 0
51 21
51 22
51 23
51 24
51 46
51 50
51 68
51 72
51 81
51 82
51 99
52 20
52 21
52 42
52 43
52 46
52 47
52 50
53 41
53 42
53 43
53 44
53 46
53 48
53 69
53 74
54 1
54 4
54 40
54 45
54 66
54 69
55 0
55 4
55 19
55 20
55 21
55 23
55 24
55 26
55 39
55 40
55 42
55 43
55 44
55 45
55 46
55 48
55 58
55 60
55 65
55 66
55 67
55 69
55 75
55 81
55 82
56 0
56 4
56 19
56 20
56 22
56 24
56 26
56 39
56 40
56 46
56 47
56 48
56 58
56 61
56 69
56 70
56 73
56 74
56 76
56 77
56 80
57 1
57 21
57 22
57 30
57 31
57 39
57 40
57 42
57 43
57 44
57 47
57 48
57 57
57 60
57 64
57 65
57 66
57 70
57 72
57 73
57 77
57 81
57 82
57 98
57 99
58 23
58 24
58 25
58 30
58 31
58 39
58 56
58 57
58 60
58 65
58 71
58 72
58 98
58 99
59 23
59 39
59 41
59 42
59 55
59 56
59 59
59 61
59 71
59 72
59 74
60 20
60 22
60 40
60 55
60 56
60 59
60 60
60 62
60 63
60 73
60 74
61 1
61 2
61 4
61 20
61 22
61 23
61 59
61 60
61 62
61 63
62 0
62 4
62 13
62 14
62 19
62 22
62 31
62 32
62 33
62 55
62 56
62 61
62 62
62 92
62 93
62 94
62 99
63 0
63 4
63 12
63 15
63 20
63 21
63 31
63 33
63 55
63 56
63 91
63 93
63 98
63 99
64 12
64 15
64 20
64 31
64 34
64 54
64 57
64 82
64 91
64 93
64 95
64 97
64 98
64 99
65 13
65 14
65 32
65 34
65 41
65 54
65 55
65 57
65 58
65 82
65 90
65 95
65 98
66 5
66 6
66 32
66 33
66 34
66 42
66 48
66 49
66 82
66 89
66 95
67 5
67 6
67 40
67 41
67 42
67 45
67 47
67 49
67 86
67 88
67 89
68 25
68 44
68 45
68 78
68 79
68 80
68 84
68 85
68 88
68 89
68 94
68 95
68 96
69 24
69 26
69 43
69 47
69 90
69 96
70 10
70 23
70 44
70 46
70 82
70 94
70 95
71 8
71 9
71 10
71 14
71 15
71 22
71 23
71 25
71 46
71 47
71 48
71 49
71 50
71 82
71 90
71 95
72 5
72 7
72 9
72 10
72 14
72 15
72 19
72 21
72 25
72 26
72 48
72 50
72 51
72 59
72 60
72 61
72 82
72 90
72 94
73 3
73 6
73 14
73 15
73 18
73 19
73 20
73 25
73 49
73 50
73 51
73 58
73 62
73 91
73 92
73 93
74 6
74 23
74 25
74 62
75 2
75 4
75 18
75 27
75 28
75 62
75 63
75 65
75 66
75 69
76 2
76 3
76 18
76 19
76 20
76 27
76 41
76 58
76 62
76 65
76 66
76 71
76 96
76 97
76 98
77 0
77 28
77 40
77 41
77 42
77 59
77 66
77 69
77 70
77 71
77 77
77 95
77 96
77 97
77 98
78 1
78 39
78 40
78 41
78 60
78 61
78 62
78 65
78 66
78 77
78 94
78 95
78 97
78 98
78 99
79 0
79 42
79 77
79 95
79 96
79 99
80 38
80 42
80 53
80 54
80 99
81 38
81 42
81 43
81 52
81 55
82 40
82 52
82 54
83 12
83 13
83 38
83 53
84 11
84 13
84 14
84 97
84 98
85 11
85 12
85 14
85 15
85 42
85 43
85 96
85 99
86 2
86 3
86 11
86 12
86 13
86 15
86 42
86 43
86 77
86 97
86 98
87 0
87 3
87 12
87 13
87 15
87 16
87 19
87 20
87 74
87 75
87 76
87 77
87 78
87 94
88 12
88 13
88 15
88 16
88 19
88 20
88 39
88 73
88 79
88 84
88 94
88 99
89 14
89 39
89 72
89 73
89 75
89 78
89 79
89 80
89 84
89 94
89 98
89 99
90 0
90 39
90 70
90 72
90 73
90 75
90 84
90 99
91 51
91 52
91 67
91 69
91 71
91 72
91 73
91 74
91 96
91 97
92 15
92 16
92 35
92 36
92 37
92 41
92 42
92 43
92 51
92 52
92 59
92 66
92 67
92 68
92 72
93 14
93 16
93 60
93 65
93 70
93 71
93 75
93 77
94 14
94 15
94 20
94 21
94 39
94 54
94 55
94 60
94 64
94 68
94 75
94 76
94 77
95 20
95 21
95 39
95 46
95 47
95 48
95 55
95 68
95 75
95 78
96 39
96 56
96 57
96 58
96 62
96 76
96 77
96 93
96 94
96 97
96 98
97 0
97 1
97 47
97 48
97 67
97 92
97 93
97 99
98 1
98 2
98 25
98 26
98 44
98 45
98 48
98 55
98 56
98 58
98 61
98 62
98 63
98 65
98 67
98 90
98 91
99 0
99 3
99 4
99 15
99 16
99 25
99 26
99 45
99 46
99 55
99 58
99 63
99 65
99 66
99 74
99 75
99 90
99 91
99 92
99 94
99 95
