0 0
0 1
0 3
0 5
0 6
0 14
0 17
0 71
0 72
0 85
0 86
1 15
1 16
1 36
1 37
1 82
1 83
2 35
2 38
3 12
3 23
3 24
3 36
3 37
4 12
4 22
4 25
5 12
5 23
5 25
5 86
5 87
5 88
5 91
5 92
5 94
5 95
6 24
6 35
6 43
6 44
6 90
6 94
6 95
7 35
7 43
7 44
7 54
8 35
8 52
8 53
8 58
8 59
8 60
8 89
9 29
9 30
9 31
9 54
9 90
9 91
10 46
10 48
10 51
10 52
11 46
11 50
11 51
11 52
12 52
13 51
13 67
14 48
14 49
14 50
14 51
14 67
15 34
15 35
15 36
15 50
15 51
15 67
16 67
16 91
17 67
17 90
17 91
17 92
18 40
18 41
18 76
18 77
18 78
18 90
18 91
18 92
19 16
19 18
19 19
19 20
19 40
19 41
19 65
19 67
19 69
19 76
19 77
19 78
19 80
20 15
20 16
20 17
20 18
20 20
20 65
20 66
20 67
20 68
20 69
20 78
20 81
20 96
21 3
21 4
21 5
21 14
21 15
21 19
21 20
21 63
21 64
21 66
21 67
21 68
21 70
21 71
21 80
21 81
21 96
22 12
22 13
22 14
22 62
22 63
22 64
22 65
22 67
22 69
22 70
22 80
22 90
22 91
23 10
23 11
23 52
23 53
23 60
23 61
23 62
23 64
23 68
23 70
23 71
23 73
23 74
24 13
24 14
24 52
24 53
24 62
24 63
24 70
24 85
24 86
24 87
25 9
25 13
25 63
25 70
25 71
25 86
25 87
26 9
26 11
26 12
26 63
26 80
26 81
26 87
27 9
27 10
27 36
27 37
27 38
27 69
27 81
27 84
28 11
28 69
28 78
28 79
28 80
28 85
28 86
29 66
29 68
29 78
29 79
30 54
30 55
30 56
30 78
30 85
31 18
31 54
31 57
31 84
31 85
31 93
31 94
32 17
32 18
32 19
32 54
32 58
32 65
32 83
32 84
32 92
32 93
32 94
33 16
33 20
33 59
33 64
33 65
33 66
33 82
33 83
33 92
34 16
34 17
34 19
34 20
34 54
34 55
34 59
34 63
34 65
34 66
34 67
34 83
34 85
34 87
34 88
34 93
34 94
34 95
34 96
34 97
34 99
35 8
35 9
35 53
35 59
35 62
35 63
35 64
35 67
35 68
35 84
35 85
35 86
35 88
35 93
35 94
35 99
36 7
36 10
36 24
36 46
36 47
36 52
36 57
36 58
36 63
36 65
36 68
36 85
36 95
36 96
36 98
37 7
37 8
37 10
37 11
37 24
37 46
37 47
37 52
37 57
37 64
37 65
37 66
37 69
37 97
38 24
38 46
38 53
38 54
38 65
39 69
40 66
40 69
41 10
41 11
41 12
41 32
41 33
41 40
41 64
41 66
42 13
42 31
42 34
42 40
42 50
42 51
42 65
43 9
43 12
43 13
43 14
43 27
43 28
43 29
43 34
43 35
43 39
43 41
43 47
43 49
43 50
43 85
43 86
44 3
44 4
44 5
44 8
44 9
44 25
44 26
44 40
44 48
44 49
44 85
44 86
45 9
45 14
45 25
45 26
45 28
45 34
45 36
45 37
45 40
46 1
46 10
46 15
46 28
46 32
46 34
46 36
46 37
47 1
47 11
47 22
47 23
47 26
47 28
47 90
47 91
47 92
48 1
48 12
48 15
48 22
48 23
48 27
48 50
49 13
49 14
49 32
49 33
49 49
49 51
49 80
49 81
50 3
50 4
50 5
50 31
50 41
50 49
50 52
50 80
50 81
51 0
51 32
51 33
51 41
51 50
51 52
51 99
52 1
52 52
52 53
52 66
52 97
52 98
53 2
53 52
53 66
53 97
53 98
54 1
54 36
54 38
54 51
54 66
54 98
54 99
55 0
55 1
55 34
55 35
55 36
55 39
55 40
56 1
56 2
56 3
56 35
56 38
56 40
56 60
56 61
57 0
57 2
57 3
57 33
57 34
57 35
57 36
57 37
57 38
57 39
57 40
57 63
57 99
58 9
58 32
58 33
58 34
58 35
58 37
58 59
58 64
58 73
58 74
59 1
59 2
59 8
59 9
59 13
59 14
59 32
59 36
59 37
59 38
59 39
59 40
59 59
59 61
59 63
59 64
59 65
59 73
59 74
59 89
59 98
59 99
60 1
60 2
60 8
60 10
60 12
60 14
60 36
60 37
60 40
60 54
60 55
60 59
60 68
60 87
60 88
60 98
60 99
61 0
61 1
61 10
61 12
61 14
61 27
61 36
61 37
61 38
61 47
61 48
61 54
61 55
61 60
61 62
61 66
61 69
61 88
61 89
61 99
62 0
62 1
62 5
62 6
62 9
62 10
62 11
62 13
62 26
62 28
62 29
62 48
62 61
62 62
62 69
62 70
62 99
63 0
63 1
63 5
63 6
63 28
63 29
63 47
63 49
63 63
63 64
63 67
63 99
64 1
64 2
64 5
64 29
64 48
64 49
64 65
64 66
64 67
64 68
64 72
64 73
64 74
64 81
64 82
64 98
64 99
65 0
65 1
65 5
65 10
65 13
65 52
65 80
65 82
65 99
66 0
66 4
66 14
66 25
66 27
66 50
66 51
66 53
66 80
67 2
67 14
67 17
67 25
67 27
67 30
67 34
67 37
67 53
67 60
67 61
67 80
67 82
68 2
68 6
68 7
68 8
68 9
68 15
68 16
68 17
68 28
68 29
68 30
68 36
68 37
68 38
68 47
68 48
68 50
68 51
68 52
68 60
68 61
68 63
68 64
68 81
68 82
69 1
69 4
69 5
69 11
69 16
69 23
69 25
69 26
69 27
69 28
69 29
69 32
69 36
69 38
69 39
69 48
69 51
70 1
70 2
70 6
70 7
70 15
70 24
70 25
70 26
70 28
70 30
70 31
70 32
70 35
70 54
70 57
70 81
70 82
70 83
71 6
71 29
71 30
71 31
71 32
71 33
71 34
71 51
71 52
71 53
71 57
71 63
71 64
71 74
71 80
71 84
72 6
72 13
72 30
72 31
72 32
72 34
72 35
72 51
72 58
72 63
72 64
72 74
72 75
72 80
72 85
72 92
73 10
73 12
73 34
73 35
73 52
73 59
73 74
73 75
73 80
73 84
73 91
73 93
74 2
74 3
74 9
74 10
74 11
74 32
74 33
74 34
74 59
74 77
74 81
74 90
74 91
74 93
74 94
75 2
75 3
75 5
75 31
75 33
75 54
75 59
75 62
75 63
75 75
75 77
75 81
75 84
75 85
75 86
75 91
75 94
76 2
76 7
76 17
76 25
76 26
76 30
76 34
76 55
76 59
76 62
76 63
76 67
76 68
76 75
76 85
76 86
76 87
76 91
76 95
77 3
77 16
77 17
77 23
77 25
77 26
77 31
77 32
77 33
77 35
77 54
77 55
77 58
77 67
77 68
77 75
77 76
77 77
77 82
77 92
77 94
78 3
78 5
78 15
78 16
78 23
78 25
78 26
78 28
78 29
78 33
78 34
78 53
78 54
78 55
78 56
78 57
78 75
78 76
78 81
78 84
78 86
78 87
78 93
79 16
79 22
79 23
79 24
79 25
79 29
79 35
79 40
79 52
79 53
79 54
79 55
79 56
79 85
79 86
80 21
80 24
80 25
80 26
80 38
80 41
80 51
80 52
80 57
80 58
80 61
80 75
80 76
80 82
80 83
80 85
81 21
81 23
81 24
81 25
81 26
81 27
81 28
81 37
81 41
81 51
81 53
81 54
81 57
81 58
81 61
81 76
81 77
81 84
82 22
82 37
82 41
82 50
82 51
82 52
82 53
82 55
82 57
82 58
82 60
82 68
82 69
82 70
82 77
82 78
82 81
83 0
83 37
83 41
83 42
83 49
83 52
83 53
83 54
83 57
83 58
83 82
83 98
83 99
84 41
84 57
84 79
84 80
84 82
84 83
85 41
85 49
85 51
85 52
85 54
85 55
85 56
85 63
85 80
85 83
86 38
86 41
86 54
86 55
86 62
86 66
86 81
86 82
87 26
87 38
87 41
87 54
87 63
87 66
88 24
88 39
88 40
88 62
88 66
88 67
88 69
88 70
88 90
88 91
88 92
89 24
89 71
90 24
90 42
90 62
90 65
90 66
90 67
90 71
90 72
90 97
90 98
91 42
91 43
91 63
91 65
91 66
91 70
91 72
91 73
91 74
91 97
91 98
92 42
92 43
92 44
92 63
92 68
92 96
92 97
93 44
93 45
93 64
93 65
93 66
93 67
93 68
93 95
94 13
94 14
94 44
94 45
94 46
94 66
94 67
94 71
94 72
94 75
94 76
94 88
94 89
94 98
95 0
95 13
95 14
95 41
95 42
95 44
95 60
95 61
95 71
95 72
95 76
95 84
95 85
95 87
95 90
95 94
96 42
96 43
96 59
96 62
96 67
96 68
96 69
96 73
96 74
96 76
96 81
96 87
96 88
96 89
96 96
97 0
97 2
97 3
97 60
97 62
97 67
97 71
97 72
97 74
97 75
97 80
97 86
97 96
97 99
98 4
98 5
98 25
98 26
98 61
98 68
98 69
98 73
98 80
98 83
98 94
98 99
99 0
99 6
99 15
99 16
99 25
99 26
99 73
99 80
99 81
99 83
99 86
99 94
99 95
99 97
99 98
