0 4
0 5
0 6
0 9
0 10
0 14
0 17
0 46
0 49
0 88
0 89
0 94
0 95
1 15
1 16
1 36
1 37
1 48
1 49
1 50
1 93
1 94
2 35
2 38
2 49
2 50
2 51
2 93
2 94
2 95
3 12
3 23
3 24
3 36
3 37
3 50
3 51
3 90
3 91
3 92
3 93
3 94
4 12
4 22
4 25
4 50
4 90
4 93
5 12
5 23
5 25
5 48
5 50
5 90
5 93
6 24
6 35
6 43
6 44
6 49
6 50
6 51
6 55
6 91
6 92
6 93
7 35
7 43
7 44
7 49
7 53
7 54
7 55
7 56
8 35
8 52
8 53
8 54
8 55
8 57
8 58
9 29
9 30
9 31
9 49
9 51
9 52
9 53
9 54
9 55
9 58
10 48
10 50
10 55
10 56
10 57
10 58
10 61
10 62
11 47
11 48
11 50
11 61
11 62
12 47
12 50
12 51
13 51
13 67
14 48
14 50
14 51
14 67
15 34
15 35
15 36
15 49
15 67
16 91
16 92
17 17
17 90
17 93
18 17
18 18
18 40
18 41
18 90
18 93
19 16
19 18
19 21
19 40
19 41
19 78
19 90
19 93
20 16
20 17
20 18
20 21
20 22
20 77
20 79
20 91
20 92
20 93
20 95
21 3
21 4
21 5
21 14
21 15
21 17
21 21
21 22
21 76
21 77
21 79
21 80
21 81
21 95
22 14
22 15
22 16
22 66
22 67
22 68
22 79
22 95
23 52
23 53
23 66
23 68
23 80
24 52
24 53
24 65
24 68
24 80
24 83
24 85
24 86
24 89
25 66
25 67
25 81
25 85
25 87
25 90
25 91
26 81
26 82
26 87
26 90
27 10
27 36
27 37
27 38
27 62
27 77
27 84
28 9
28 10
28 11
28 61
28 63
28 76
28 78
29 8
29 9
29 10
29 11
29 12
29 63
29 64
29 79
29 83
29 88
29 89
30 7
30 8
30 13
30 63
30 64
30 77
30 78
30 83
30 88
30 97
31 6
31 7
31 8
31 14
31 58
31 59
31 60
31 62
31 64
31 66
31 85
31 95
31 96
31 97
32 0
32 1
32 2
32 3
32 5
32 6
32 7
32 8
32 15
32 57
32 59
32 63
32 64
32 83
32 85
32 86
32 93
32 94
32 96
32 98
32 99
33 0
33 1
33 5
33 6
33 8
33 9
33 10
33 51
33 57
33 84
33 86
33 87
33 95
33 96
33 97
34 5
34 6
34 9
34 10
34 11
34 13
34 14
34 51
34 57
34 58
34 59
34 65
34 66
34 67
34 86
34 88
34 94
35 1
35 5
35 10
35 11
35 15
35 18
35 19
35 50
35 52
35 65
35 66
35 67
35 68
35 87
35 88
35 95
35 98
36 3
36 4
36 12
36 13
36 15
36 16
36 19
36 20
36 23
36 24
36 50
36 51
36 64
36 65
36 68
36 95
37 0
37 14
37 16
37 19
37 20
37 23
37 24
37 48
37 49
37 64
37 65
37 68
37 69
37 97
37 98
38 17
38 19
38 20
38 24
38 39
38 40
38 46
38 47
38 49
38 51
38 64
38 67
38 68
38 69
38 99
39 19
39 20
39 39
39 40
39 42
39 43
39 46
39 47
39 51
39 64
39 66
39 68
39 69
40 18
40 19
40 41
40 42
40 43
40 47
40 51
40 68
41 38
41 39
41 40
41 44
41 47
41 50
41 65
42 16
42 38
42 39
42 40
42 41
42 44
42 48
42 49
42 50
42 66
42 67
43 9
43 10
43 14
43 17
43 33
43 34
43 41
43 42
43 43
43 44
43 85
43 86
44 9
44 10
44 11
44 14
44 15
44 16
44 32
44 33
44 39
44 50
44 85
44 86
45 4
45 9
45 10
45 14
45 15
45 16
45 26
45 27
45 30
45 49
45 51
46 4
46 11
46 26
46 27
46 30
46 36
46 49
46 51
47 3
47 5
47 22
47 23
47 30
47 36
47 50
47 90
47 91
47 92
48 4
48 22
48 23
48 32
48 33
48 37
48 38
49 4
49 39
49 80
49 81
50 34
50 38
50 80
50 81
51 35
51 38
52 1
52 2
52 24
52 35
52 36
52 37
52 66
53 0
53 3
53 6
53 7
53 22
53 25
53 66
54 1
54 2
54 6
54 7
54 23
54 66
55 1
55 2
55 7
55 8
55 37
56 1
56 37
56 49
56 50
56 51
56 92
57 0
57 1
57 19
57 37
57 49
57 52
57 90
57 91
58 2
58 21
58 48
58 52
58 60
58 61
58 73
58 74
58 91
58 92
59 1
59 3
59 22
59 33
59 34
59 35
59 39
59 40
59 41
59 48
59 59
59 73
59 74
60 1
60 3
60 4
60 6
60 19
60 33
60 48
60 53
60 54
60 58
60 63
60 64
61 1
61 9
61 11
61 12
61 19
61 20
61 21
61 31
61 32
61 33
61 37
61 48
61 55
61 60
61 62
61 63
61 65
61 94
61 95
62 2
62 6
62 7
62 8
62 12
62 29
62 30
62 32
62 33
62 37
62 55
62 65
62 66
63 2
63 3
63 5
63 9
63 10
63 12
63 18
63 28
63 29
63 31
63 37
63 53
63 61
63 63
63 64
63 65
63 91
63 95
63 99
64 0
64 17
64 21
64 27
64 28
64 29
64 30
64 31
64 50
64 52
64 60
64 72
64 73
64 74
64 82
64 91
64 94
64 98
65 0
65 17
65 22
65 32
65 33
65 48
65 61
65 63
65 82
65 90
65 97
66 11
66 18
66 26
66 28
66 32
66 34
66 36
66 37
66 50
66 62
66 82
66 90
66 91
66 92
66 93
66 94
66 95
66 96
66 97
66 98
66 99
67 10
67 12
67 21
67 22
67 27
67 28
67 29
67 31
67 34
67 36
67 38
67 48
67 49
67 50
67 55
67 57
67 90
67 92
67 93
67 94
67 96
67 97
68 0
68 3
68 4
68 5
68 9
68 10
68 12
68 13
68 27
68 32
68 36
68 38
68 39
68 55
68 57
68 59
68 60
68 78
68 79
68 80
68 97
69 0
69 3
69 4
69 5
69 10
69 12
69 30
69 31
69 32
69 34
69 35
69 37
69 38
69 39
69 59
69 95
70 2
70 3
70 4
70 11
70 28
70 29
70 30
70 34
70 38
70 59
70 61
70 82
70 87
70 88
70 94
70 95
71 4
71 21
71 22
71 23
71 27
71 29
71 30
71 32
71 34
71 37
71 39
71 50
71 51
71 59
71 60
71 61
71 82
71 88
71 89
71 90
71 91
71 92
72 4
72 27
72 28
72 29
72 31
72 34
72 38
72 39
72 50
72 51
72 56
72 60
72 62
72 63
72 64
72 82
72 96
72 97
73 5
73 6
73 31
73 33
73 38
73 57
73 58
73 59
73 62
73 66
73 76
73 77
73 78
73 79
73 96
73 98
73 99
74 4
74 5
74 10
74 12
74 24
74 26
74 34
74 58
74 59
74 63
74 76
74 80
74 92
74 93
74 94
74 98
74 99
75 9
75 10
75 12
75 19
75 23
75 24
75 26
75 27
75 32
75 33
75 34
75 67
75 70
75 71
75 76
75 81
75 83
76 3
76 4
76 11
76 17
76 18
76 19
76 20
76 21
76 28
76 31
76 34
76 59
76 60
76 67
76 69
76 72
76 77
76 78
76 80
76 81
76 82
76 83
76 84
77 17
77 22
77 24
77 25
77 26
77 27
77 28
77 29
77 30
77 31
77 59
77 60
77 62
77 70
77 71
77 72
77 78
77 79
77 81
77 86
78 18
78 21
78 22
78 23
78 25
78 31
78 32
78 51
78 60
78 62
78 63
78 64
78 66
78 70
78 71
78 82
78 83
79 19
79 21
79 22
79 23
79 27
79 52
79 60
79 61
79 83
80 19
80 20
80 23
80 26
80 44
80 45
80 51
81 20
81 24
81 25
81 43
81 46
81 69
81 70
81 86
82 42
82 43
82 46
82 53
82 54
82 55
82 68
82 73
82 77
82 84
82 85
83 0
83 43
83 44
83 47
83 51
83 52
83 56
83 77
83 78
83 98
83 99
84 44
84 45
84 46
84 47
84 50
84 52
84 54
84 55
84 69
84 70
84 73
84 74
84 79
85 37
85 38
85 50
85 52
85 78
85 79
86 36
86 37
86 38
86 65
86 66
86 79
86 80
87 36
87 37
87 38
87 58
87 59
87 60
87 64
87 67
87 68
87 71
87 79
87 80
88 25
88 35
88 37
88 40
88 60
88 65
88 70
88 73
88 77
88 86
88 87
88 90
88 91
88 92
89 23
89 24
89 26
89 27
89 36
89 37
89 40
89 59
89 66
89 68
89 73
89 77
89 78
90 23
90 24
90 25
90 27
90 28
90 37
90 41
90 67
90 69
90 70
90 72
90 94
90 95
90 99
91 0
91 24
91 25
91 26
91 27
91 28
91 40
91 41
91 99
92 25
92 26
92 27
92 34
92 35
92 39
92 42
92 65
92 67
92 68
92 69
92 99
93 26
93 34
93 36
93 37
93 43
93 64
93 65
93 66
93 67
93 70
94 13
94 14
94 20
94 21
94 36
94 38
94 42
94 62
94 63
94 64
94 65
94 66
94 71
94 94
95 13
95 14
95 20
95 21
95 41
95 61
95 62
95 63
95 72
95 93
95 94
95 95
95 99
96 0
96 38
96 40
96 45
96 46
96 60
96 63
96 69
96 72
96 87
96 88
96 92
96 94
96 96
96 97
96 99
97 1
97 61
97 62
97 63
97 64
97 65
97 67
97 68
97 72
97 86
97 89
97 92
97 95
97 97
97 98
98 0
98 9
98 10
98 25
98 26
98 62
98 63
98 64
98 65
98 66
98 67
98 68
98 70
98 86
98 89
98 93
98 94
98 95
98 99
99 11
99 15
99 16
99 25
99 26
99 45
99 46
99 48
99 65
99 66
99 69
99 86
99 87
99 89
99 90
99 93
99 95
99 98
