0 0
0 5
0 6
0 14
0 17
0 80
0 84
0 86
0 95
0 96
0 97
0 98
0 99
1 0
1 15
1 16
1 36
1 37
1 84
1 85
2 35
2 38
3 23
3 24
3 36
3 37
4 11
4 12
4 13
4 22
4 25
4 87
4 94
5 23
5 25
5 87
5 93
5 95
6 24
6 43
6 44
6 87
6 93
6 95
7 34
7 35
7 36
7 43
7 44
7 52
7 54
7 59
7 94
8 30
8 52
8 55
8 59
9 30
9 51
9 54
9 59
10 30
10 49
10 50
10 52
10 53
10 54
11 54
12 48
12 54
13 49
13 50
13 67
14 35
14 52
14 53
14 66
14 67
14 68
15 35
15 65
15 66
15 68
15 69
16 35
16 65
16 66
16 68
16 69
16 90
16 91
16 92
17 65
17 66
17 68
17 69
17 77
17 78
17 90
17 92
18 19
18 20
18 40
18 41
18 65
18 69
18 90
18 91
18 92
19 15
19 16
19 19
19 20
19 40
19 41
19 66
19 68
19 77
19 78
19 79
19 80
20 4
20 14
20 15
20 16
20 18
20 21
20 67
20 79
21 4
21 11
21 12
21 15
21 16
21 17
21 18
21 20
21 78
21 79
21 81
21 82
22 4
22 11
22 12
22 13
22 14
22 15
22 18
22 20
22 71
22 72
22 80
23 10
23 15
23 52
23 53
23 64
23 70
23 73
23 86
24 9
24 10
24 13
24 14
24 15
24 52
24 53
24 63
24 65
24 70
24 72
24 85
24 87
25 10
25 12
25 63
25 65
25 69
25 72
25 87
25 88
26 8
26 11
26 12
26 13
26 37
26 69
26 71
26 80
26 81
26 87
26 88
27 8
27 9
27 10
27 11
27 12
27 37
27 70
27 79
27 82
27 86
28 37
28 55
28 78
28 79
28 81
28 85
28 86
29 54
29 55
29 56
29 81
30 18
30 53
30 57
30 78
30 79
30 85
30 86
31 17
31 18
31 19
31 52
31 53
31 54
31 55
31 56
31 65
31 66
31 82
31 83
31 85
32 16
32 17
32 19
32 20
32 53
32 58
32 59
32 64
32 67
32 81
32 86
32 91
32 92
32 96
33 15
33 16
33 20
33 21
33 54
33 55
33 56
33 57
33 58
33 60
33 61
33 65
33 68
33 81
33 84
33 85
33 87
33 94
33 97
34 9
34 16
34 17
34 19
34 20
34 53
34 54
34 55
34 56
34 59
34 60
34 62
34 81
34 84
34 87
34 88
34 91
34 93
34 94
34 95
34 97
34 98
35 8
35 9
35 10
35 58
35 59
35 60
35 62
35 66
35 82
35 83
35 84
35 87
35 88
35 92
35 93
35 97
35 98
36 7
36 11
36 51
36 52
36 56
36 57
36 59
36 69
36 84
36 94
36 98
36 99
37 7
37 11
37 23
37 24
37 25
37 45
37 46
37 53
37 57
37 58
37 65
38 7
38 10
39 9
39 10
39 11
39 66
40 10
40 12
40 33
40 66
41 9
41 12
41 13
41 32
41 33
41 34
41 40
41 50
41 51
42 9
42 12
42 13
42 14
42 15
42 28
42 29
42 32
42 34
42 35
42 39
42 40
42 41
42 49
42 50
42 51
43 4
43 8
43 9
43 11
43 13
43 14
43 15
43 26
43 29
43 33
43 34
43 36
43 41
43 42
43 51
43 85
43 86
44 4
44 7
44 8
44 10
44 11
44 12
44 14
44 15
44 25
44 33
44 34
44 36
44 40
44 41
44 48
44 49
44 50
44 85
44 86
45 4
45 11
45 12
45 24
45 33
45 34
45 40
45 49
45 50
46 10
46 26
46 30
46 37
46 91
47 0
47 1
47 2
47 10
47 13
47 22
47 26
47 28
47 29
47 91
48 14
48 22
48 24
48 50
48 91
49 4
49 49
49 52
49 80
49 81
50 4
50 80
50 81
50 98
50 99
51 0
51 1
51 2
51 3
51 4
51 50
51 52
51 98
52 0
52 1
52 51
52 97
52 98
53 36
53 37
53 38
53 52
53 65
53 66
53 67
53 97
53 99
54 35
54 40
54 52
54 98
54 99
55 1
55 34
55 35
55 41
56 0
56 1
56 2
56 32
56 33
56 34
56 38
56 41
56 98
56 99
57 2
57 3
57 4
57 31
57 33
57 41
57 60
57 61
57 62
57 98
58 0
58 1
58 4
58 7
58 8
58 9
58 10
58 14
58 31
58 39
58 40
58 59
58 60
58 61
58 62
58 73
58 74
58 98
59 0
59 1
59 2
59 7
59 8
59 10
59 11
59 12
59 13
59 14
59 15
59 32
59 41
59 58
59 61
59 62
59 64
59 65
59 66
59 73
59 74
59 98
59 99
60 11
60 12
60 16
60 36
60 39
60 40
60 54
60 55
60 58
60 65
60 69
60 87
61 11
61 12
61 14
61 15
61 28
61 36
61 37
61 48
61 54
61 55
61 59
61 60
61 64
61 65
61 68
61 69
61 87
61 89
62 5
62 9
62 10
62 12
62 13
62 14
62 28
62 29
62 36
62 37
62 49
62 50
62 61
62 63
62 69
62 87
62 88
63 5
63 9
63 10
63 12
63 13
63 30
63 48
63 49
63 50
63 73
64 4
64 29
64 48
64 51
64 52
64 73
64 80
64 81
64 82
65 1
65 4
65 5
65 48
65 49
65 51
65 73
65 79
65 82
65 99
66 13
66 37
66 38
66 49
66 51
66 53
66 61
66 78
66 99
67 5
67 13
67 15
67 16
67 17
67 30
67 31
67 36
67 37
67 38
67 48
67 50
67 53
67 54
67 60
67 62
67 79
67 82
67 83
67 99
68 0
68 1
68 3
68 5
68 7
68 8
68 9
68 14
68 17
68 32
68 39
68 48
68 52
68 53
68 54
68 60
68 62
68 80
68 81
68 83
69 0
69 3
69 5
69 6
69 7
69 8
69 17
69 30
69 31
69 35
69 36
69 37
69 38
69 39
69 47
69 52
69 53
69 54
69 61
69 81
69 83
70 1
70 2
70 3
70 4
70 7
70 8
70 35
70 36
70 37
70 38
70 48
70 49
70 50
70 53
71 5
71 6
71 7
71 35
71 49
71 50
71 51
71 53
71 54
71 63
71 64
71 80
71 84
71 85
71 92
72 6
72 50
72 51
72 53
72 54
72 57
72 58
72 63
72 64
72 73
72 74
72 75
72 83
72 86
72 91
72 92
72 93
73 2
73 3
73 4
73 73
73 74
73 76
73 77
73 80
73 81
73 83
73 84
73 85
73 91
73 92
73 93
74 2
74 5
74 9
74 56
74 57
74 58
74 61
74 62
74 76
74 77
74 81
74 82
75 1
75 10
75 60
75 63
75 74
75 76
75 77
75 84
76 1
76 2
76 6
76 10
76 16
76 17
76 24
76 25
76 31
76 32
76 33
76 56
76 57
76 58
76 60
76 61
76 63
76 67
76 68
76 74
76 76
76 84
76 85
76 86
77 1
77 2
77 14
77 15
77 17
77 25
77 27
77 28
77 31
77 56
77 57
77 58
77 60
77 61
77 62
77 67
77 68
77 74
77 77
77 86
77 87
77 91
77 93
77 94
78 3
78 4
78 5
78 14
78 27
78 31
78 32
78 35
78 51
78 52
78 75
78 76
78 78
78 83
78 84
78 88
78 92
78 93
78 94
79 14
79 15
79 16
79 33
79 34
79 51
79 52
79 57
79 58
79 75
79 77
79 83
79 84
79 87
79 93
80 22
80 28
80 29
80 39
80 41
80 58
80 74
80 75
80 77
80 78
81 21
81 23
81 25
81 27
81 28
81 38
81 41
81 69
81 75
81 82
81 83
81 86
82 28
82 36
82 38
82 69
82 81
82 85
82 99
83 22
83 27
83 37
83 38
83 49
83 50
83 51
83 53
83 56
83 57
83 58
83 59
83 69
83 81
83 82
83 83
83 84
83 99
84 24
84 25
84 38
84 49
84 50
84 51
84 54
84 55
84 57
84 58
84 82
84 84
84 99
85 38
85 39
85 40
85 52
85 53
85 63
85 80
85 81
85 82
85 83
86 54
86 56
86 62
86 66
86 80
86 81
86 82
87 39
87 40
87 62
87 66
87 67
87 81
87 91
88 24
88 25
88 67
88 69
88 71
88 91
89 24
89 25
89 63
89 65
89 66
89 68
89 69
89 70
89 71
89 72
89 91
90 24
90 25
90 42
90 43
90 62
90 63
90 67
90 71
90 73
91 42
91 43
91 44
91 65
91 66
91 67
91 68
91 69
91 74
91 97
92 44
92 45
92 46
92 62
92 65
92 71
92 95
92 96
93 44
93 45
93 46
93 63
93 64
93 65
93 67
93 76
93 88
94 13
94 14
94 45
94 46
94 66
94 67
94 70
94 74
94 75
94 76
94 77
94 87
94 88
94 89
95 0
95 13
95 14
95 42
95 60
95 61
95 78
95 87
95 90
96 41
96 59
96 62
96 66
96 68
96 70
96 76
96 77
96 78
96 80
96 86
96 87
96 88
96 89
96 90
96 98
96 99
97 42
97 60
97 62
97 66
97 67
97 68
97 71
97 76
97 78
97 79
97 80
97 81
97 82
97 85
97 87
97 94
97 95
97 96
97 99
98 2
98 5
98 6
98 25
98 26
98 61
98 71
98 75
98 78
98 79
98 81
98 82
98 85
98 88
98 93
99 0
99 2
99 4
99 6
99 15
99 16
99 25
99 26
99 72
99 74
99 79
99 81
99 83
99 84
99 94
99 99
