0 1
0 2
0 13
0 17
0 18
0 19
0 20
0 21
0 23
0 38
0 42
0 59
0 60
0 63
0 64
0 65
0 67
0 68
0 73
0 76
0 81
0 86
1 2
1 5
1 13
1 14
1 16
1 17
1 24
1 38
1 39
1 41
1 42
1 48
1 49
1 51
1 52
1 57
1 68
1 69
1 73
1 74
1 75
1 76
1 82
2 3
2 5
2 6
2 12
2 14
2 17
2 36
2 38
2 40
2 42
2 44
2 45
2 46
2 48
2 53
2 57
2 65
2 67
2 68
2 74
2 75
2 77
2 79
2 86
2 91
2 96
2 97
3 4
3 6
3 7
3 8
3 12
3 18
3 19
3 23
3 35
3 44
3 45
3 49
3 50
3 57
3 62
3 63
3 64
3 73
3 74
3 77
3 79
3 86
3 92
4 7
4 8
4 9
4 13
4 35
4 37
4 38
4 39
4 40
4 45
4 48
4 49
4 50
4 73
4 74
4 79
4 86
4 94
4 97
5 7
5 10
5 12
5 13
5 20
5 21
5 22
5 36
5 40
5 46
5 73
5 75
5 87
5 88
5 89
5 91
5 95
5 96
6 8
6 17
6 20
6 21
6 22
6 36
6 38
6 39
6 40
6 47
6 48
6 51
6 57
6 74
6 87
6 91
6 96
7 8
7 10
7 35
7 36
7 37
7 38
7 45
7 47
7 48
7 49
7 50
7 57
7 58
7 64
7 73
7 76
7 82
7 83
7 90
7 91
7 92
7 93
7 94
7 95
8 9
8 35
8 45
8 46
8 47
8 48
8 49
8 56
8 59
8 63
8 64
8 65
8 73
8 74
8 75
8 76
8 77
8 81
8 82
8 83
8 84
8 85
8 90
8 93
8 95
9 29
9 30
9 31
9 35
9 36
9 37
9 44
9 47
9 57
9 59
9 65
9 66
9 74
9 76
9 77
9 78
9 79
9 81
9 84
9 85
9 90
9 91
9 92
10 38
10 39
10 45
10 46
10 57
10 58
10 59
10 60
10 63
10 67
10 68
10 69
10 75
10 81
10 84
10 86
11 12
11 13
11 14
11 18
11 37
11 38
11 39
11 59
11 60
11 75
11 81
11 85
11 86
12 12
12 16
12 17
12 19
12 20
12 38
12 59
12 75
12 77
12 78
12 79
12 80
12 84
12 85
12 86
13 12
13 14
13 15
13 16
13 20
13 60
13 62
13 66
13 76
13 84
13 91
13 92
13 93
13 94
13 95
13 96
14 14
14 18
14 20
14 21
14 44
14 45
14 61
14 65
14 94
14 95
14 96
15 14
15 15
15 20
15 21
15 44
15 45
15 64
15 65
16 0
16 2
16 15
16 16
16 17
16 21
16 37
16 38
16 64
16 65
16 91
16 92
16 93
16 94
17 0
17 1
17 3
17 16
17 17
17 20
17 36
17 39
17 59
17 93
17 94
18 40
18 56
18 57
18 59
18 61
18 62
18 63
18 64
18 70
18 71
19 12
19 13
19 14
19 25
19 36
19 40
19 46
19 55
19 56
19 57
19 59
19 61
19 63
19 64
19 69
19 72
19 86
19 87
20 12
20 13
20 14
20 24
20 25
20 30
20 31
20 37
20 40
20 45
20 47
20 55
20 58
20 63
20 70
20 71
20 84
20 85
20 86
20 88
21 0
21 1
21 3
21 4
21 5
21 15
21 23
21 24
21 26
21 29
21 32
21 38
21 39
21 44
21 45
21 47
21 54
21 58
21 59
21 61
21 63
22 0
22 13
22 15
22 23
22 24
22 25
22 32
22 38
22 39
22 45
22 46
22 55
22 56
22 57
22 60
22 61
22 63
22 84
22 86
22 99
23 0
23 14
23 15
23 21
23 22
23 24
23 26
23 32
23 33
23 34
23 39
23 51
23 52
23 56
23 60
23 62
23 78
23 79
23 85
23 99
24 11
24 12
24 13
24 20
24 22
24 26
24 31
24 34
24 35
24 38
24 40
24 49
24 53
24 58
24 62
24 64
24 77
24 80
25 2
25 11
25 12
25 18
25 19
25 26
25 27
25 28
25 29
25 31
25 32
25 35
25 36
25 38
25 40
25 49
25 53
25 58
25 62
25 63
25 64
25 77
25 80
25 82
25 83
25 84
26 2
26 26
26 27
26 32
26 33
26 34
26 39
26 49
26 51
26 78
26 79
26 82
26 98
27 0
27 2
27 25
27 26
27 27
27 28
27 49
27 50
27 62
27 63
27 64
27 82
27 83
27 97
27 99
28 16
28 17
28 28
28 49
28 50
28 51
28 62
28 63
28 83
28 84
28 85
28 89
28 90
28 93
28 94
28 97
28 99
29 5
29 6
29 8
29 9
29 16
29 17
29 18
29 19
29 24
29 25
29 28
29 31
29 32
29 50
29 51
29 52
29 64
29 65
29 66
29 67
29 83
29 88
29 89
29 90
29 93
29 94
29 98
30 5
30 9
30 16
30 21
30 22
30 25
30 27
30 31
30 32
30 51
30 52
30 60
30 61
30 65
30 66
30 67
30 74
30 75
30 84
30 85
30 87
31 5
31 9
31 46
31 48
31 52
31 59
31 62
31 67
31 73
31 74
31 75
31 76
31 88
31 89
31 98
31 99
32 6
32 7
32 8
32 16
32 17
32 45
32 48
32 57
32 58
32 60
32 61
32 64
32 65
32 67
32 68
32 73
32 74
32 76
32 89
32 98
32 99
33 13
33 16
33 45
33 60
33 61
33 64
33 65
34 10
34 11
34 13
34 15
34 46
34 47
34 57
34 58
34 69
35 10
35 11
35 15
35 47
35 59
35 66
35 69
35 83
36 12
36 13
36 38
36 39
36 44
36 45
36 46
36 52
36 53
36 54
36 66
36 68
36 83
36 84
36 85
36 98
37 0
37 1
37 2
37 5
37 7
37 39
37 43
37 52
37 53
37 54
37 83
37 84
37 85
38 1
38 3
38 7
38 27
38 28
38 29
38 39
38 44
38 45
38 46
38 47
38 53
38 73
38 74
38 75
38 94
38 95
38 97
38 98
38 99
39 0
39 3
39 5
39 17
39 26
39 27
39 29
39 30
39 44
39 47
39 64
39 65
39 72
39 75
39 95
39 96
39 97
39 98
40 6
40 16
40 21
40 22
40 23
40 24
40 25
40 27
40 29
40 30
40 53
40 57
40 58
40 59
40 60
40 61
40 63
40 64
40 65
40 68
40 69
40 75
40 83
40 96
41 16
41 18
41 21
41 25
41 26
41 28
41 36
41 37
41 38
41 53
41 56
41 57
41 59
41 61
41 64
41 65
41 67
41 68
41 69
41 74
41 82
41 83
41 84
42 24
42 26
42 60
42 67
42 69
42 72
42 73
42 74
42 81
42 82
42 85
42 93
43 7
43 8
43 9
43 14
43 15
43 16
43 21
43 22
43 26
43 34
43 40
43 46
43 47
43 60
43 71
43 81
43 82
43 83
43 84
43 85
43 93
44 0
44 2
44 7
44 10
44 16
44 21
44 22
44 24
44 25
44 34
44 40
44 46
44 47
44 62
44 63
44 65
44 66
44 68
44 71
44 81
44 82
44 83
44 84
44 85
44 97
44 98
44 99
45 0
45 1
45 7
45 10
45 24
45 34
45 40
45 45
45 61
45 62
45 67
45 69
45 84
45 85
45 97
45 98
46 1
46 3
46 4
46 8
46 10
46 17
46 19
46 22
46 24
46 45
46 46
46 47
46 61
46 62
46 65
46 71
46 73
46 74
46 75
46 96
46 99
47 2
47 19
47 20
47 21
47 23
47 36
47 37
47 47
47 52
47 53
47 64
47 65
47 70
47 72
47 84
47 85
47 95
47 99
48 7
48 9
48 21
48 36
48 37
48 47
48 48
48 52
48 53
48 64
48 65
48 71
48 72
48 76
48 84
48 85
48 98
49 9
49 21
49 39
49 41
49 46
49 64
49 65
49 67
49 71
49 72
49 75
49 95
49 96
49 97
50 8
50 9
50 10
50 16
50 21
50 35
50 41
50 47
50 48
50 61
50 62
50 64
50 65
50 67
50 68
50 69
50 70
50 71
50 73
50 74
50 75
50 79
50 80
51 18
51 19
51 34
51 36
51 43
51 47
51 58
51 59
51 61
51 64
51 65
51 66
51 69
51 70
51 71
51 73
51 79
51 80
51 81
51 85
51 86
52 0
52 33
52 34
52 36
52 37
52 55
52 56
52 59
52 60
52 62
52 64
52 65
52 66
52 68
52 70
52 79
52 81
52 98
52 99
53 0
53 24
53 32
53 33
53 35
53 36
53 37
53 38
53 47
53 53
53 58
53 63
53 65
53 66
53 68
53 99
54 22
54 23
54 24
54 25
54 29
54 30
54 35
54 39
54 40
54 41
54 42
54 43
54 47
54 48
54 53
54 55
54 65
54 66
54 68
54 74
55 21
55 26
55 29
55 30
55 34
55 35
55 39
55 40
55 41
55 42
55 43
55 61
55 67
55 68
55 69
55 73
55 75
56 2
56 3
56 22
56 23
56 24
56 25
56 31
56 32
56 36
56 41
56 42
56 43
56 60
56 62
56 66
56 67
56 68
56 69
56 78
56 79
56 81
56 82
57 3
57 4
57 20
57 25
57 33
57 34
57 35
57 59
57 66
57 67
57 68
57 69
57 73
57 74
57 80
57 81
57 82
57 83
57 84
57 85
57 88
58 0
58 2
58 3
58 4
58 19
58 21
58 22
58 24
58 25
58 34
58 35
58 59
58 62
58 66
58 73
58 74
58 80
58 88
58 89
58 90
58 97
58 98
58 99
59 0
59 3
59 4
59 21
59 26
59 59
59 70
59 72
59 73
59 97
59 99
60 21
60 26
60 57
60 70
60 71
60 72
60 98
60 99
61 22
61 43
61 56
61 57
61 58
61 60
61 61
61 67
61 71
61 91
62 11
62 12
62 19
62 21
62 22
62 25
62 26
62 43
62 45
62 49
62 55
62 60
62 65
62 66
62 78
62 79
62 90
62 92
63 3
63 4
63 10
63 12
63 19
63 25
63 26
63 27
63 28
63 46
63 47
63 55
63 56
63 57
63 64
63 77
63 89
63 95
63 96
63 98
64 2
64 3
64 6
64 7
64 11
64 23
64 24
64 25
64 26
64 27
64 28
64 38
64 39
64 40
64 45
64 51
64 57
64 64
64 67
64 68
64 71
64 90
64 95
64 96
64 97
64 98
65 6
65 8
65 23
65 24
65 25
65 26
65 27
65 38
65 39
65 40
65 45
65 63
65 65
65 86
65 92
66 7
66 22
66 24
66 25
66 26
66 28
66 45
66 46
66 47
66 48
66 50
66 51
66 65
66 66
66 72
66 83
66 84
66 85
66 86
66 91
66 92
66 94
66 95
66 96
67 12
67 13
67 14
67 15
67 16
67 17
67 21
67 22
67 24
67 29
67 30
67 32
67 33
67 50
67 51
67 66
67 67
67 70
67 72
67 79
67 80
67 83
67 84
67 91
67 95
68 12
68 22
68 24
68 25
68 29
68 30
68 31
68 32
68 34
68 50
68 51
68 68
68 70
68 73
68 74
68 79
68 81
68 82
68 91
69 7
69 13
69 15
69 19
69 24
69 25
69 30
69 31
69 34
69 35
69 38
69 39
69 50
69 51
69 66
69 68
69 69
69 71
69 72
69 73
69 77
69 78
69 79
69 80
69 92
69 93
70 0
70 1
70 2
70 6
70 7
70 8
70 14
70 19
70 24
70 25
70 34
70 39
70 44
70 65
70 66
70 73
70 81
70 92
70 94
70 99
71 2
71 3
71 6
71 9
71 34
71 35
71 37
71 38
71 43
71 45
71 50
71 52
71 63
71 65
71 69
71 70
71 71
71 72
71 77
71 79
71 80
71 81
71 82
71 93
71 94
71 95
71 98
71 99
72 2
72 6
72 8
72 9
72 17
72 18
72 19
72 25
72 34
72 35
72 36
72 37
72 46
72 49
72 53
72 58
72 61
72 62
72 64
72 65
72 68
72 69
72 73
72 76
72 77
72 79
72 81
72 82
72 83
72 88
72 89
72 92
72 94
72 95
72 98
72 99
73 10
73 18
73 19
73 26
73 27
73 35
73 44
73 45
73 50
73 51
73 54
73 57
73 58
73 59
73 62
73 69
73 71
73 73
73 78
73 83
73 84
73 85
73 86
73 92
73 95
74 10
74 19
74 24
74 26
74 29
74 30
74 31
74 54
74 57
74 62
74 63
74 68
74 70
74 71
74 85
74 86
74 94
75 3
75 4
75 5
75 7
75 9
75 19
75 20
75 23
75 24
75 32
75 51
75 54
75 59
75 60
75 62
75 66
75 67
75 70
75 71
75 72
75 94
76 3
76 4
76 8
76 19
76 20
76 24
76 25
76 32
76 47
76 48
76 51
76 69
76 72
76 88
76 93
77 25
77 31
77 45
77 47
77 52
77 53
77 58
77 59
77 61
77 63
77 65
77 75
77 76
77 91
78 10
78 11
78 27
78 28
78 29
78 44
78 47
78 58
78 59
78 65
78 67
78 68
78 69
78 70
78 72
78 74
78 77
78 84
78 85
79 9
79 12
79 44
79 46
79 59
79 61
79 70
79 71
79 74
79 77
79 82
79 83
79 84
79 86
79 87
80 14
80 15
80 27
80 28
80 44
80 46
80 58
80 59
80 60
80 63
80 70
80 71
80 72
80 73
80 74
80 81
80 82
80 84
80 88
81 4
81 6
81 14
81 16
81 17
81 25
81 26
81 28
81 29
81 33
81 34
81 35
81 36
81 45
81 59
81 61
81 64
81 70
81 71
81 72
81 81
81 82
81 84
81 86
81 88
82 5
82 9
82 25
82 26
82 28
82 29
82 32
82 37
82 59
82 60
82 61
82 63
82 65
82 67
82 68
82 69
82 77
82 84
82 88
82 89
82 97
82 98
83 8
83 10
83 12
83 14
83 18
83 25
83 26
83 32
83 57
83 64
83 65
83 66
83 68
83 69
83 76
83 79
83 84
83 85
83 87
83 88
83 97
84 8
84 10
84 12
84 14
84 15
84 16
84 27
84 33
84 34
84 36
84 57
84 59
84 61
84 62
84 63
84 67
84 70
84 78
84 79
84 97
84 98
85 8
85 9
85 10
85 13
85 29
85 30
85 31
85 40
85 41
85 57
85 61
85 66
85 67
85 70
85 90
85 98
85 99
86 8
86 9
86 11
86 13
86 24
86 25
86 29
86 30
86 31
86 40
86 41
86 58
86 66
86 69
86 70
86 89
86 90
86 97
86 98
86 99
87 0
87 30
87 34
87 58
87 66
87 67
87 68
87 80
87 87
87 88
87 89
87 99
88 0
88 1
88 2
88 3
88 10
88 11
88 12
88 13
88 14
88 24
88 27
88 33
88 34
88 35
88 67
88 68
88 78
88 79
88 81
88 82
88 87
88 88
88 89
88 97
89 0
89 2
89 3
89 4
89 5
89 11
89 12
89 13
89 14
89 18
89 27
89 32
89 33
89 35
89 36
89 58
89 68
89 80
89 87
89 88
89 89
89 97
89 98
90 0
90 1
90 4
90 5
90 6
90 7
90 8
90 9
90 16
90 17
90 25
90 28
90 33
90 34
90 35
90 42
90 57
90 62
90 68
90 69
90 70
91 0
91 1
91 6
91 7
91 8
91 9
91 10
91 12
91 13
91 14
91 18
91 24
91 25
91 26
91 28
91 29
91 34
91 41
91 42
91 57
91 70
91 71
92 6
92 7
92 11
92 12
92 13
92 25
92 26
92 28
92 29
92 42
92 45
92 57
92 60
92 69
92 70
92 81
92 82
92 88
92 89
93 4
93 5
93 7
93 10
93 11
93 12
93 21
93 26
93 27
93 29
93 42
93 43
93 45
93 46
93 53
93 58
93 60
93 61
93 72
93 73
93 80
93 82
93 88
93 89
94 7
94 11
94 13
94 14
94 15
94 16
94 17
94 18
94 20
94 22
94 27
94 28
94 44
94 45
94 46
94 51
94 52
94 53
94 71
94 73
94 79
94 82
94 88
94 89
95 4
95 7
95 10
95 11
95 18
95 22
95 23
95 49
95 50
95 52
95 59
95 60
95 62
95 71
95 72
95 73
95 79
96 5
96 6
96 9
96 10
96 11
96 20
96 21
96 49
96 50
96 58
96 62
96 72
96 79
96 80
96 88
96 89
97 4
97 12
97 13
97 15
97 18
97 23
97 25
97 26
97 31
97 32
97 33
97 46
97 47
97 49
97 50
97 58
97 60
97 72
97 73
97 74
97 90
98 1
98 2
98 6
98 7
98 8
98 9
98 14
98 24
98 27
98 46
98 47
98 58
98 59
98 60
98 66
98 72
98 73
98 75
98 83
98 87
98 88
98 89
98 90
98 91
99 0
99 1
99 2
99 19
99 23
99 24
99 25
99 26
99 27
99 39
99 41
99 46
99 47
99 48
99 65
99 66
99 67
99 72
99 75
99 81
99 82
99 83
99 86
99 88
99 89
