0 14
0 17
0 71
0 72
0 88
0 89
0 91
0 94
0 96
0 97
1 15
1 16
1 36
1 37
1 96
2 35
2 38
2 92
2 94
2 95
3 12
3 23
3 24
3 36
3 37
3 91
3 92
3 94
4 12
4 22
4 25
4 51
4 54
4 56
5 12
5 23
5 25
5 52
5 54
5 55
5 57
5 71
5 72
5 86
5 87
5 88
6 24
6 35
6 43
6 44
6 52
6 54
6 55
6 57
6 69
6 70
7 35
7 43
7 44
7 48
7 49
7 56
7 62
7 69
7 74
8 35
8 48
8 49
8 59
8 60
8 61
8 69
8 70
8 74
8 75
9 29
9 30
9 31
9 60
9 70
9 76
9 77
10 74
10 75
10 76
10 77
11 69
11 70
11 71
11 73
11 74
11 75
12 19
12 20
12 71
12 72
12 73
13 22
13 72
13 73
13 86
14 19
14 72
14 85
14 86
14 87
14 90
14 91
14 92
15 19
15 23
15 34
15 35
15 36
15 69
15 70
15 71
15 84
15 87
15 90
16 19
16 23
16 68
16 69
16 70
16 71
16 72
16 77
16 78
16 83
16 84
16 88
16 89
16 90
16 94
17 23
17 69
17 72
17 76
17 80
17 84
17 85
17 89
17 90
17 94
18 18
18 23
18 40
18 41
18 69
18 70
18 72
18 76
18 81
18 86
18 89
18 94
19 40
19 41
19 69
19 76
19 77
19 86
19 87
19 88
20 18
20 19
20 21
20 22
20 69
20 70
20 72
20 78
20 79
20 82
20 83
20 87
21 3
21 4
21 5
21 20
21 69
21 72
21 80
21 81
21 84
22 14
22 15
22 68
22 69
22 70
22 71
22 81
23 14
23 15
23 16
23 52
23 53
23 68
23 81
23 83
24 52
24 53
24 69
24 70
24 81
24 83
25 64
25 66
25 70
25 81
25 82
26 6
26 12
26 13
26 20
26 21
26 68
26 77
26 78
27 6
27 11
27 13
27 20
27 21
27 36
27 37
27 38
27 64
27 68
27 69
27 70
27 71
27 78
27 79
28 10
28 52
28 53
28 54
28 68
28 70
28 71
29 4
29 6
29 8
29 9
29 10
29 11
29 16
29 66
29 67
30 4
30 5
30 10
30 12
30 18
30 67
30 87
30 88
31 2
31 3
31 5
31 9
31 13
31 14
31 18
31 19
31 68
31 71
31 82
31 83
31 84
31 87
31 88
32 3
32 4
32 6
32 7
32 9
32 16
32 19
32 69
32 70
32 71
32 82
32 83
32 84
33 0
33 5
33 11
33 16
33 18
33 19
33 35
33 69
33 70
33 71
33 80
33 86
33 99
34 1
34 7
34 12
34 15
34 17
34 18
34 35
34 58
34 59
34 60
34 80
34 82
34 84
34 86
35 14
35 35
36 6
36 7
36 9
36 10
36 11
36 12
36 14
36 44
36 45
36 56
36 62
36 81
36 83
36 85
36 87
37 1
37 12
37 14
37 31
37 32
37 33
37 37
37 38
37 39
37 42
37 43
37 44
37 45
37 49
37 50
37 56
37 57
37 62
37 81
37 87
38 0
38 2
38 6
38 7
38 9
38 11
38 41
38 51
38 52
38 53
38 56
38 62
38 83
38 84
38 85
39 3
39 11
39 35
39 40
39 49
39 50
39 51
39 52
39 53
39 54
39 55
39 83
39 84
39 85
39 99
40 3
40 9
40 12
40 35
40 41
40 46
40 47
40 50
40 54
40 58
40 59
40 60
40 99
41 4
41 10
41 11
41 12
41 35
41 42
41 43
41 44
41 45
41 46
41 47
41 49
41 51
41 52
41 99
42 0
42 3
42 11
42 12
42 44
42 45
42 46
42 49
42 50
42 51
42 54
42 91
43 2
43 3
43 85
43 86
43 90
43 92
44 48
44 51
44 52
44 53
44 54
44 85
44 86
44 89
44 90
44 92
44 93
45 24
45 25
45 51
45 89
45 90
45 92
46 24
46 25
46 47
46 50
46 89
46 90
46 92
47 46
47 48
47 50
48 47
48 48
48 49
48 88
48 89
48 91
49 48
49 80
49 81
49 86
49 87
50 80
50 81
50 85
50 89
50 90
51 50
51 51
51 85
51 86
52 50
52 52
52 87
52 88
52 90
53 33
53 34
53 51
53 88
53 90
54 16
54 33
54 34
54 36
54 37
54 44
54 89
54 98
55 2
55 3
55 4
55 16
55 35
55 43
55 45
55 82
55 83
55 84
55 98
56 16
56 42
56 43
56 98
57 82
57 83
57 90
58 28
58 30
58 32
58 89
58 91
59 27
59 28
59 30
59 31
59 32
59 54
59 55
59 90
59 91
60 28
60 40
60 41
60 45
60 46
60 47
60 54
60 55
60 88
60 90
60 91
61 31
61 32
61 40
61 42
61 75
61 76
61 88
61 91
62 30
62 33
62 41
62 74
62 77
62 87
63 31
63 33
63 42
63 43
63 74
63 76
63 91
64 31
64 32
64 75
64 86
64 89
65 78
65 79
65 80
65 84
65 85
65 86
65 88
65 89
65 91
65 92
66 86
66 87
66 91
66 92
67 64
67 68
67 87
67 88
67 89
67 90
68 50
68 51
68 63
68 66
68 68
68 69
68 88
68 89
69 50
69 51
69 62
69 63
69 65
69 66
69 67
69 70
69 77
70 63
70 66
70 67
70 68
70 69
70 76
70 78
70 80
71 60
71 64
71 68
71 77
71 81
71 82
72 58
72 62
72 63
72 66
72 78
72 81
72 94
72 95
72 96
73 5
73 6
73 58
73 60
73 61
73 70
73 71
73 80
73 81
74 5
74 7
74 58
74 68
74 69
74 72
74 80
75 5
75 9
75 10
75 59
75 61
75 62
75 68
75 73
75 79
76 9
76 10
76 11
76 12
76 44
76 45
76 46
76 60
76 61
76 65
76 68
76 69
76 73
77 7
77 10
77 11
77 12
77 13
77 15
77 18
77 43
77 47
77 61
78 7
78 8
78 12
78 14
78 15
78 17
78 18
78 19
78 43
78 44
78 46
78 47
78 71
78 73
79 8
79 9
79 14
79 16
79 18
79 19
79 48
79 72
80 13
80 14
80 16
80 18
80 19
80 23
80 43
80 44
80 49
81 15
81 16
81 17
81 18
81 23
81 79
81 80
82 23
82 44
82 50
82 67
82 68
82 74
82 75
82 78
82 79
82 80
83 0
83 51
83 65
83 67
83 75
83 79
83 80
83 98
83 99
84 45
84 50
84 66
85 8
85 9
85 10
85 45
85 47
85 49
85 50
86 45
86 46
86 56
86 57
86 86
86 87
87 44
87 47
87 48
87 55
87 58
87 85
87 86
87 87
88 24
88 25
88 44
88 45
88 47
88 48
88 56
88 57
88 84
89 23
89 26
89 45
89 46
89 47
89 88
90 24
90 25
90 73
90 89
91 71
91 74
91 89
91 90
92 46
92 72
92 73
92 89
92 91
93 46
93 90
93 91
93 92
94 13
94 14
94 46
94 64
94 65
94 66
94 74
94 84
94 85
94 88
95 2
95 3
95 13
95 14
95 64
95 67
95 69
95 70
95 71
95 72
95 74
95 88
95 91
96 1
96 4
96 63
96 66
96 67
96 68
96 71
96 88
96 91
96 96
97 2
97 3
97 64
97 65
97 66
97 69
97 75
97 80
97 81
97 90
97 91
97 97
98 7
98 8
98 25
98 26
98 65
98 69
98 70
98 75
98 80
98 81
98 90
98 91
98 92
98 93
98 94
98 97
99 7
99 8
99 15
99 16
99 25
99 26
99 88
99 89
99 94
99 96
99 97
