0 0
0 26
0 28
0 44
0 46
0 47
0 48
0 56
0 57
0 64
0 69
0 95
0 96
1 13
1 14
1 15
1 36
1 37
1 55
1 58
1 64
1 65
1 75
1 96
1 97
1 98
1 99
2 15
2 35
2 38
2 55
2 64
2 65
2 67
2 68
2 69
2 71
2 74
2 75
2 76
2 98
3 11
3 14
3 23
3 24
3 36
3 37
3 58
3 65
3 68
3 69
3 70
3 74
3 75
4 11
4 15
4 22
4 25
4 57
4 58
4 65
4 67
4 71
4 75
4 77
4 89
4 91
5 13
5 14
5 15
5 17
5 18
5 19
5 23
5 25
5 56
5 57
5 67
5 89
5 92
6 6
6 7
6 13
6 15
6 16
6 24
6 56
6 58
6 89
6 92
7 6
7 7
7 11
7 14
7 17
7 34
7 35
7 36
7 55
7 56
7 58
7 59
7 69
7 70
7 73
7 89
7 90
7 92
7 93
8 10
8 12
8 15
8 16
8 30
8 56
8 59
8 72
8 73
8 74
9 16
9 17
9 18
9 19
9 30
9 55
9 56
9 59
9 60
9 73
10 10
10 11
10 12
10 17
10 30
10 55
10 57
10 58
10 59
10 60
10 72
10 73
10 74
10 86
11 10
11 11
11 12
11 13
11 14
11 16
11 20
11 36
11 58
11 62
11 87
11 91
12 15
12 17
12 18
12 35
12 37
12 57
12 84
12 85
12 88
12 92
13 8
13 9
13 15
13 35
13 38
13 58
13 85
13 87
13 89
13 93
14 10
14 36
14 37
14 58
14 59
14 60
14 65
14 85
14 87
14 88
14 90
15 44
15 64
15 66
15 84
15 85
15 86
15 92
15 93
16 43
16 46
16 64
16 67
16 89
16 90
17 43
17 46
17 61
17 67
17 71
17 72
17 73
17 88
17 93
18 36
18 37
18 38
18 44
18 46
18 57
18 58
18 60
18 62
18 64
18 67
18 70
18 73
18 74
18 86
18 87
18 93
19 35
19 39
19 56
19 64
19 66
19 67
19 71
19 75
19 86
20 4
20 34
20 39
20 44
20 46
20 47
20 48
20 56
20 60
20 61
20 62
20 72
20 73
20 74
20 85
20 88
20 92
21 4
21 34
21 38
21 47
21 48
21 56
21 58
21 59
21 62
21 65
21 66
21 73
21 82
21 83
21 84
21 85
21 88
22 4
22 35
22 43
22 44
22 57
22 58
22 59
22 62
22 64
22 65
22 67
22 82
22 85
22 86
22 89
23 13
23 14
23 55
23 56
23 58
23 59
23 63
23 66
23 85
23 87
23 88
23 91
24 12
24 14
24 40
24 41
24 55
24 56
24 58
24 59
24 64
24 66
24 85
24 87
24 88
24 89
24 90
24 91
25 13
25 22
25 39
25 40
25 41
25 51
25 55
25 56
25 58
25 64
25 84
25 85
25 87
25 88
25 89
26 18
26 19
26 22
26 23
26 24
26 27
26 40
26 43
26 52
26 57
26 84
26 88
26 89
27 18
27 19
27 22
27 24
27 28
27 41
27 50
27 53
27 83
27 84
27 86
27 89
28 17
28 18
28 19
28 23
28 24
28 28
28 53
28 82
28 84
28 86
28 88
28 96
29 17
29 18
29 19
29 26
29 28
29 29
29 50
29 52
29 74
29 75
29 82
29 87
29 95
30 17
30 18
30 19
30 25
30 26
30 28
30 50
30 73
30 74
30 75
30 82
30 83
30 84
30 96
31 9
31 10
31 18
31 64
31 65
31 72
31 78
32 0
32 1
32 2
32 8
32 16
32 17
32 49
32 50
32 61
32 63
32 65
32 66
32 73
32 74
32 78
33 1
33 9
33 10
33 11
33 15
33 17
33 49
33 56
33 57
33 58
33 59
33 60
33 63
33 64
33 65
33 74
33 78
33 96
33 97
33 98
33 99
34 2
34 6
34 7
34 11
34 15
34 17
34 47
34 48
34 49
34 55
34 60
34 62
34 64
34 76
34 97
34 98
35 6
35 7
35 9
35 11
35 16
35 17
35 46
35 47
35 48
35 49
35 56
35 58
35 60
35 61
36 7
36 9
36 10
36 11
36 45
36 46
36 50
36 57
36 70
36 71
36 78
36 79
37 0
37 1
37 38
37 45
37 70
37 71
37 78
37 79
38 0
38 1
38 9
38 37
38 39
38 46
38 94
38 95
39 9
39 10
39 11
39 40
39 42
39 51
39 52
39 53
39 94
39 96
40 36
40 39
40 48
40 49
40 50
40 51
40 52
40 53
40 56
40 57
40 61
40 84
40 85
40 86
40 95
41 28
41 36
41 38
41 44
41 45
41 48
41 49
41 51
41 52
41 56
41 57
41 60
41 62
41 68
41 69
41 70
41 83
41 87
42 11
42 12
42 14
42 15
42 23
42 24
42 27
42 29
42 35
42 40
42 41
42 43
42 46
42 53
42 55
42 56
42 57
42 59
42 63
42 64
42 67
42 71
42 72
42 82
42 88
43 3
43 5
43 11
43 12
43 16
43 21
43 22
43 24
43 30
43 36
43 37
43 42
43 46
43 48
43 59
43 63
43 64
43 70
43 71
43 72
43 82
43 88
44 3
44 6
44 10
44 17
44 21
44 24
44 25
44 29
44 59
44 63
44 82
44 83
44 84
44 86
44 87
44 88
45 2
45 3
45 5
45 10
45 15
45 17
45 18
45 21
45 23
45 59
45 96
45 97
46 2
46 3
46 11
46 16
46 17
46 18
46 22
46 23
46 24
46 25
46 27
46 60
46 62
46 95
46 97
46 98
47 13
47 14
47 17
47 18
47 26
47 61
47 95
47 99
48 2
48 3
48 14
48 16
48 17
48 18
48 37
48 38
48 48
48 50
48 63
48 69
48 96
48 97
48 98
48 99
49 0
49 1
49 2
49 3
49 35
49 40
49 45
49 49
49 64
49 68
49 97
50 0
50 1
50 2
50 3
50 35
50 40
50 44
50 45
50 46
50 47
50 64
50 65
50 66
50 98
50 99
51 0
51 21
51 22
51 23
51 35
51 40
51 43
51 47
51 99
52 20
52 21
52 24
52 37
52 38
52 42
52 43
52 44
52 45
52 46
52 47
52 80
52 81
52 82
53 25
53 42
53 43
53 44
53 62
53 63
53 68
53 69
53 70
53 79
53 82
54 19
54 24
54 42
54 43
54 48
54 62
54 63
54 64
54 68
54 71
54 72
54 73
54 78
55 19
55 41
55 43
55 44
55 47
55 49
55 58
55 59
55 60
55 63
55 64
55 68
55 74
55 79
55 82
55 83
56 20
56 21
56 22
56 43
56 44
56 47
56 49
56 59
56 60
56 63
56 64
56 72
56 74
56 81
56 82
56 83
57 30
57 31
57 42
57 43
57 44
57 48
57 59
57 60
57 63
57 68
57 73
57 78
57 79
57 80
58 2
58 3
58 5
58 6
58 24
58 25
58 26
58 30
58 31
58 60
58 61
58 62
58 68
58 69
58 70
58 79
58 80
59 2
59 5
59 23
59 24
59 25
59 40
59 61
59 69
59 70
59 79
60 0
60 1
60 5
60 21
60 22
60 24
60 25
60 39
60 42
60 44
60 78
61 1
61 3
61 4
61 22
61 24
61 35
61 36
61 41
61 54
61 55
61 74
61 75
61 76
61 96
61 97
61 98
61 99
62 13
62 14
62 23
62 34
62 43
62 54
62 56
62 57
62 95
62 97
62 98
63 0
63 1
63 12
63 15
63 33
63 37
63 38
63 42
63 51
63 52
63 54
63 57
63 58
63 97
63 98
64 12
64 15
64 30
64 31
64 32
64 50
64 51
64 54
64 58
64 91
64 92
64 93
64 94
65 13
65 14
65 25
65 27
65 28
65 29
65 37
65 38
65 39
65 41
65 49
65 51
65 56
65 91
65 92
65 93
66 5
66 6
66 21
66 22
66 23
66 25
66 26
66 29
66 32
66 34
66 36
66 37
66 49
66 50
66 82
66 94
67 5
67 6
67 20
67 21
67 26
67 32
67 34
67 35
67 43
67 45
67 81
67 83
68 19
68 25
68 29
68 31
68 43
68 45
68 55
68 80
68 84
68 92
68 94
68 95
69 19
69 21
69 28
69 29
69 35
69 46
69 54
69 56
69 81
69 83
69 91
69 92
69 94
70 15
70 16
70 17
70 19
70 21
70 28
70 44
70 46
70 47
70 52
70 56
70 82
70 91
70 92
71 9
71 10
71 15
71 19
71 25
71 27
71 35
71 44
71 45
71 46
71 47
71 49
71 50
71 51
71 52
71 55
71 72
72 8
72 10
72 11
72 16
72 17
72 22
72 23
72 25
72 26
72 27
72 28
72 29
72 45
72 46
72 51
72 72
72 73
72 74
73 4
73 7
73 10
73 17
73 18
73 19
73 21
73 23
73 28
73 31
73 45
73 46
73 52
73 53
73 72
73 73
73 75
73 97
74 4
74 8
74 9
74 19
74 20
74 21
74 23
74 25
74 26
74 27
74 36
74 42
74 43
74 51
74 52
74 59
74 60
74 65
74 67
74 69
74 70
74 71
74 72
74 73
74 75
74 97
75 2
75 3
75 5
75 21
75 22
75 25
75 28
75 31
75 35
75 45
75 47
75 48
75 49
75 50
75 52
75 58
75 61
75 65
75 69
75 70
75 73
75 74
76 1
76 15
76 16
76 25
76 27
76 32
76 33
76 34
76 40
76 41
76 43
76 47
76 48
76 52
76 61
76 62
76 72
76 99
77 0
77 1
77 3
77 4
77 5
77 14
77 17
77 25
77 27
77 33
77 40
77 41
77 45
77 47
77 48
77 50
77 52
77 58
77 59
77 62
77 63
77 69
77 70
77 71
77 99
78 0
78 15
78 17
78 25
78 26
78 40
78 41
78 43
78 50
78 51
78 52
78 53
78 54
78 60
78 61
78 62
78 64
78 67
78 69
78 70
78 76
78 77
78 78
79 3
79 4
79 9
79 10
79 11
79 16
79 21
79 22
79 45
79 46
79 51
79 54
79 62
79 66
80 3
80 4
80 9
80 10
80 11
80 13
80 21
80 22
80 42
80 43
80 52
80 54
80 63
80 64
81 9
81 10
81 11
81 14
81 52
81 53
81 54
82 1
82 4
82 12
82 14
83 1
83 3
83 11
83 12
83 34
83 35
83 39
83 40
83 41
84 11
84 12
84 34
84 35
84 39
84 40
84 41
84 54
84 55
84 70
84 71
84 72
84 98
85 5
85 6
85 8
85 12
85 14
85 15
85 39
85 40
85 54
85 55
85 70
85 71
85 97
85 98
86 5
86 8
86 9
86 11
86 12
86 15
86 31
86 32
86 33
86 37
86 39
86 51
86 72
86 97
87 4
87 12
87 13
87 14
87 18
87 30
87 35
87 36
87 37
87 39
87 51
87 77
88 3
88 4
88 6
88 14
88 17
88 18
88 19
88 30
88 35
88 41
88 50
88 51
88 76
88 78
88 93
88 94
88 95
89 6
89 12
89 15
89 16
89 19
89 31
89 32
89 33
89 34
89 38
89 48
89 49
89 62
89 63
89 75
89 80
89 81
90 4
90 8
90 9
90 11
90 15
90 16
90 17
90 38
90 47
90 48
90 50
90 59
90 61
90 62
90 63
90 76
90 82
90 84
90 85
90 97
91 5
91 6
91 7
91 9
91 12
91 13
91 14
91 15
91 41
91 47
91 48
91 50
91 59
91 60
91 61
91 62
91 77
91 84
91 85
91 97
92 9
92 10
92 11
92 12
92 38
92 40
92 49
92 59
92 61
92 62
92 70
92 71
92 78
92 82
92 86
92 97
93 8
93 9
93 10
93 11
93 12
93 39
93 60
93 62
93 84
93 85
94 8
94 9
94 12
94 13
94 20
94 21
94 54
94 58
94 59
94 60
94 66
94 67
94 71
94 72
94 74
94 75
95 9
95 10
95 12
95 13
95 20
95 21
95 26
95 27
95 45
95 46
95 47
95 48
95 49
95 53
95 54
95 55
95 65
95 66
95 71
95 72
95 74
95 75
96 9
96 10
96 12
96 13
96 26
96 45
96 47
96 53
96 54
96 55
96 66
96 68
96 69
97 11
97 25
97 26
97 28
97 46
97 49
97 50
97 62
97 63
97 64
97 65
97 66
97 67
97 68
97 69
97 70
97 71
97 75
97 76
97 96
98 25
98 29
98 49
98 50
98 56
98 57
98 62
98 63
98 64
98 65
98 66
98 70
98 75
98 76
98 95
98 96
98 97
98 98
99 26
99 29
99 44
99 46
99 47
99 48
99 63
99 69
99 74
99 75
99 94
99 98
99 99
