0 14
0 17
0 58
0 86
0 87
1 15
1 16
1 36
1 37
1 56
1 57
1 58
1 59
1 87
1 89
1 90
2 35
2 38
2 54
2 60
3 12
3 23
3 24
3 36
3 37
3 53
3 60
3 89
4 12
4 22
4 25
4 53
4 57
4 60
4 86
4 89
5 12
5 23
5 25
5 55
5 58
5 71
5 86
5 89
6 24
6 35
6 43
6 44
6 53
6 54
6 55
6 71
6 87
6 88
7 35
7 43
7 44
8 35
8 49
8 50
8 70
8 71
9 29
9 30
9 31
9 49
9 50
9 51
9 61
9 62
9 70
9 72
10 51
11 72
12 72
13 71
13 73
14 20
14 21
14 67
14 68
14 71
14 72
15 19
15 22
15 34
15 35
15 36
15 66
15 67
15 68
15 70
16 19
16 22
16 66
16 69
17 20
17 21
17 66
17 67
17 68
17 87
17 88
17 89
18 40
18 41
18 67
18 68
18 87
18 88
18 89
19 15
19 40
19 41
19 91
20 13
20 14
20 16
20 17
20 86
20 87
20 88
20 89
20 90
20 91
21 3
21 4
21 5
21 19
21 84
21 85
21 86
21 87
21 91
22 21
22 84
22 85
22 86
22 87
22 88
22 90
23 20
23 52
23 53
23 86
24 13
24 15
24 20
24 52
24 53
24 60
24 85
25 12
25 13
25 14
25 59
25 61
25 85
25 86
25 87
25 89
25 91
26 12
26 14
26 17
26 59
26 61
26 62
26 90
27 12
27 14
27 36
27 37
27 38
27 62
27 77
27 78
28 14
28 16
28 52
28 53
28 54
28 56
28 57
28 58
28 62
28 63
28 64
28 77
28 78
29 19
29 23
29 24
29 56
29 57
30 16
30 17
30 18
30 23
30 25
30 26
30 59
30 73
30 74
31 25
31 26
31 59
31 60
31 73
31 74
32 24
32 25
32 26
32 61
32 84
33 16
33 60
33 83
34 15
34 17
34 40
34 84
34 86
35 14
35 15
35 17
35 18
35 39
35 41
35 87
35 88
35 96
36 18
36 39
36 41
36 50
36 51
36 52
36 87
36 88
36 95
36 96
37 11
37 17
37 18
37 40
37 62
37 64
37 87
37 88
38 10
38 11
38 12
38 63
38 64
38 66
38 67
38 82
38 93
38 96
39 9
39 11
39 13
39 62
39 81
39 83
39 84
39 92
39 95
40 8
40 9
40 11
40 13
40 14
40 59
40 67
40 68
40 70
40 81
40 83
40 84
40 85
40 86
40 87
40 91
41 9
41 12
41 13
41 58
41 60
41 66
41 70
41 71
41 72
41 85
41 86
41 87
41 91
41 93
42 9
42 10
42 12
42 13
42 57
42 58
42 63
42 64
42 69
42 70
42 75
42 76
42 91
42 93
43 32
43 62
43 63
43 65
43 66
43 70
43 73
43 92
43 96
43 97
44 13
44 14
44 31
44 56
44 57
44 62
44 63
44 66
44 70
44 71
44 72
44 73
44 85
44 86
44 87
44 94
44 95
44 98
45 24
45 25
45 30
45 31
45 33
45 35
45 56
45 58
45 65
45 72
45 73
45 85
45 86
45 88
45 89
45 95
45 97
46 24
46 25
46 30
46 33
46 35
46 62
46 64
46 89
46 96
47 29
47 32
47 34
47 35
47 38
47 39
47 52
47 53
47 58
47 59
47 64
47 86
47 90
48 30
48 32
48 38
48 40
48 52
48 53
48 59
48 60
48 61
48 62
48 86
48 90
48 91
49 39
49 60
49 80
49 81
49 87
49 91
49 92
50 49
50 50
50 80
50 81
50 87
50 91
50 93
51 36
51 37
51 38
51 49
51 50
51 89
51 92
51 93
51 94
52 92
53 0
53 38
53 88
53 89
53 90
53 93
53 94
53 98
54 0
54 16
54 36
54 37
54 98
55 2
55 3
55 4
55 16
55 99
56 16
57 92
57 93
57 94
58 92
58 93
58 94
59 54
59 55
60 24
60 25
60 26
60 40
60 41
60 45
60 46
60 47
60 54
60 55
61 23
61 27
61 40
61 42
61 75
61 76
62 23
62 27
62 29
62 30
62 31
62 41
62 43
62 74
62 77
62 93
63 23
63 27
63 42
63 74
63 76
63 85
63 86
63 92
63 94
64 24
64 25
64 26
64 75
64 83
64 84
64 87
64 93
64 94
65 63
65 64
65 82
65 88
66 35
66 63
66 64
66 82
66 84
66 88
67 34
67 36
67 81
67 84
67 85
67 86
67 87
68 34
68 35
68 50
68 51
68 82
68 83
69 50
69 51
69 83
71 76
71 77
71 78
72 2
72 45
72 46
72 55
72 56
72 94
72 95
72 96
73 1
73 3
73 4
73 45
73 46
73 54
73 57
74 3
74 4
74 43
74 46
74 55
74 57
74 65
74 66
74 67
75 43
75 44
75 45
75 56
76 37
76 40
76 44
76 63
76 69
77 37
77 38
77 51
77 63
77 69
78 3
78 4
78 5
78 40
78 41
78 42
78 43
78 44
78 49
78 50
78 51
78 52
78 53
78 63
78 69
79 2
79 6
79 39
79 44
79 45
79 47
79 48
79 53
80 5
80 6
80 39
80 42
80 46
80 50
80 65
80 66
80 67
81 2
81 3
81 5
81 40
81 43
81 45
81 52
81 53
81 73
81 74
82 4
82 41
82 42
82 43
82 45
82 46
82 52
82 72
82 75
83 0
83 43
83 45
83 46
83 48
83 52
83 73
83 74
83 98
83 99
84 43
84 49
85 44
85 49
85 52
85 56
85 57
85 78
85 79
85 80
86 52
86 55
86 56
86 57
87 10
87 12
87 49
87 50
87 51
87 55
87 58
88 13
88 24
88 25
88 42
88 43
88 44
88 50
88 51
88 55
88 58
88 68
88 69
88 72
89 10
89 12
89 23
89 26
89 42
89 45
89 51
89 56
89 57
89 69
89 70
89 71
89 73
89 74
90 11
90 24
90 25
90 43
90 44
90 45
90 46
90 49
90 50
90 51
90 60
90 61
90 62
90 69
90 70
91 46
91 48
91 50
91 70
91 73
91 74
91 75
92 58
92 64
92 71
92 72
92 73
92 74
92 75
92 77
92 78
93 58
93 64
93 79
94 4
94 5
94 13
94 14
94 58
94 64
95 4
95 5
95 13
95 14
95 90
96 60
96 61
96 62
96 91
96 92
96 93
96 95
97 80
97 81
97 90
97 91
97 93
97 94
97 95
98 25
98 26
98 80
98 81
98 88
98 94
99 15
99 16
99 25
99 26
99 86
99 87
99 93
