k = 0.000118	dt = 0.030000	coef=0.035332
Columns=50	Rows=50	Whole Temperatute table: 
74.970843 74.970843 74.970843 74.970843 74.970843 74.970843 74.970843 74.970843 74.970843 74.970843 74.970843 74.970843 74.970843 74.970843 74.970843 74.970843 74.970843 74.970843 74.970843 74.970843 74.970843 74.970843 74.970843 74.970843 74.970843 74.970843 74.970843 74.970843 74.970843 74.970843 74.970843 74.970843 74.970843 74.970843 74.970843 74.970843 74.970843 74.970843 74.970843 74.970843 74.970843 74.970843 74.970843 74.970843 74.970843 74.970843 74.970843 74.970843 74.970843 74.970843 
69.977246 69.977246 69.977246 69.977246 69.977246 69.977246 69.977246 69.977246 69.977246 69.977246 69.977246 69.977246 69.977246 69.977246 69.977246 69.977246 69.977246 69.977246 69.977246 69.977246 69.977246 69.977246 69.977246 69.977246 69.977246 69.977246 69.977246 69.977246 69.977246 69.977246 69.977246 69.977246 69.977246 69.977246 69.977246 69.977246 69.977246 69.977246 69.977246 69.977246 69.977246 69.977246 69.977246 69.977246 69.977246 69.977246 69.977246 69.977246 69.977246 69.977246 
65.054018 65.054018 65.054018 65.054018 65.054018 65.054018 65.054018 65.054018 65.054018 65.054018 65.054018 65.054018 65.054018 65.054018 65.054018 65.054018 65.054018 65.054018 65.054018 65.054018 65.054018 65.054018 65.054018 65.054018 65.054018 65.054018 65.054018 65.054018 65.054018 65.054018 65.054018 65.054018 65.054018 65.054018 65.054018 65.054018 65.054018 65.054018 65.054018 65.054018 65.054018 65.054018 65.054018 65.054018 65.054018 65.054018 65.054018 65.054018 65.054018 65.054018 
60.234503 60.234503 60.234503 60.234503 60.234503 60.234503 60.234503 60.234503 60.234503 60.234503 60.234503 60.234503 60.234503 60.234503 60.234503 60.234503 60.234503 60.234503 60.234503 60.234503 60.234503 60.234503 60.234503 60.234503 60.234503 60.234503 60.234503 60.234503 60.234503 60.234503 60.234503 60.234503 60.234503 60.234503 60.234503 60.234503 60.234503 60.234503 60.234503 60.234503 60.234503 60.234503 60.234503 60.234503 60.234503 60.234503 60.234503 60.234503 60.234503 60.234503 
55.549904 55.549904 55.549904 55.549904 55.549904 55.549904 55.549904 55.549904 55.549904 55.549904 55.549904 55.549904 55.549904 55.549904 55.549904 55.549904 55.549904 55.549904 55.549904 55.549904 55.549904 55.549904 55.549904 55.549904 55.549904 55.549904 55.549904 55.549904 55.549904 55.549904 55.549904 55.549904 55.549904 55.549904 55.549904 55.549904 55.549904 55.549904 55.549904 55.549904 55.549904 55.549904 55.549904 55.549904 55.549904 55.549904 55.549904 55.549904 55.549904 55.549904 
51.028692 51.028692 51.028692 51.028692 51.028692 51.028692 51.028692 51.028692 51.028692 51.028692 51.028692 51.028692 51.028692 51.028692 51.028692 51.028692 51.028692 51.028692 51.028692 51.028692 51.028692 51.028692 51.028692 51.028692 51.028692 51.028692 51.028692 51.028692 51.028692 51.028692 51.028692 51.028692 51.028692 51.028692 51.028692 51.028692 51.028692 51.028692 51.028692 51.028692 51.028692 51.028692 51.028692 51.028692 51.028692 51.028692 51.028692 51.028692 51.028692 51.028692 
46.696109 46.696109 46.696109 46.696109 46.696109 46.696109 46.696109 46.696109 46.696109 46.696109 46.696109 46.696109 46.696109 46.696109 46.696109 46.696109 46.696109 46.696109 46.696109 46.696109 46.696109 46.696109 46.696109 46.696109 46.696109 46.696109 46.696109 46.696109 46.696109 46.696109 46.696109 46.696109 46.696109 46.696109 46.696109 46.696109 46.696109 46.696109 46.696109 46.696109 46.696109 46.696109 46.696109 46.696109 46.696109 46.696109 46.696109 46.696109 46.696109 46.696109 
42.573773 42.573773 42.573773 42.573773 42.573773 42.573773 42.573773 42.573773 42.573773 42.573773 42.573773 42.573773 42.573773 42.573773 42.573773 42.573773 42.573773 42.573773 42.573773 42.573773 42.573773 42.573773 42.573773 42.573773 42.573773 42.573773 42.573773 42.573773 42.573773 42.573773 42.573773 42.573773 42.573773 42.573773 42.573773 42.573773 42.573773 42.573773 42.573773 42.573773 42.573773 42.573773 42.573773 42.573773 42.573773 42.573773 42.573773 42.573773 42.573773 42.573773 
38.679411 38.679411 38.679411 38.679411 38.679411 38.679411 38.679411 38.679411 38.679411 38.679411 38.679411 38.679411 38.679411 38.679411 38.679411 38.679411 38.679411 38.679411 38.679411 38.679411 38.679411 38.679411 38.679411 38.679411 38.679411 38.679411 38.679411 38.679411 38.679411 38.679411 38.679411 38.679411 38.679411 38.679411 38.679411 38.679411 38.679411 38.679411 38.679411 38.679411 38.679411 38.679411 38.679411 38.679411 38.679411 38.679411 38.679411 38.679411 38.679411 38.679411 
35.026711 35.026711 35.026711 35.026711 35.026711 35.026711 35.026711 35.026711 35.026711 35.026711 35.026711 35.026711 35.026711 35.026711 35.026711 35.026711 35.026711 35.026711 35.026711 35.026711 35.026711 35.026711 35.026711 35.026711 35.026711 35.026711 35.026711 35.026711 35.026711 35.026711 35.026711 35.026711 35.026711 35.026711 35.026711 35.026711 35.026711 35.026711 35.026711 35.026711 35.026711 35.026711 35.026711 35.026711 35.026711 35.026711 35.026711 35.026711 35.026711 35.026711 
31.625295 31.625295 31.625295 31.625295 31.625295 31.625295 31.625295 31.625295 31.625295 31.625295 31.625295 31.625295 31.625295 31.625295 31.625295 31.625295 31.625295 31.625295 31.625295 31.625295 31.625295 31.625295 31.625295 31.625295 31.625295 31.625295 31.625295 31.625295 31.625295 31.625295 31.625295 31.625295 31.625295 31.625295 31.625295 31.625295 31.625295 31.625295 31.625295 31.625295 31.625295 31.625295 31.625295 31.625295 31.625295 31.625295 31.625295 31.625295 31.625295 31.625295 
28.480820 28.480820 28.480820 28.480820 28.480820 28.480820 28.480820 28.480820 28.480820 28.480820 28.480820 28.480820 28.480820 28.480820 28.480820 28.480820 28.480820 28.480820 28.480820 28.480820 28.480820 28.480820 28.480820 28.480820 28.480820 28.480820 28.480820 28.480820 28.480820 28.480820 28.480820 28.480820 28.480820 28.480820 28.480820 28.480820 28.480820 28.480820 28.480820 28.480820 28.480820 28.480820 28.480820 28.480820 28.480820 28.480820 28.480820 28.480820 28.480820 28.480820 
25.595169 25.595169 25.595169 25.595169 25.595169 25.595169 25.595169 25.595169 25.595169 25.595169 25.595169 25.595169 25.595169 25.595169 25.595169 25.595169 25.595169 25.595169 25.595169 25.595169 25.595169 25.595169 25.595169 25.595169 25.595169 25.595169 25.595169 25.595169 25.595169 25.595169 25.595169 25.595169 25.595169 25.595169 25.595169 25.595169 25.595169 25.595169 25.595169 25.595169 25.595169 25.595169 25.595169 25.595169 25.595169 25.595169 25.595169 25.595169 25.595169 25.595169 
22.966754 22.966754 22.966754 22.966754 22.966754 22.966754 22.966754 22.966754 22.966754 22.966754 22.966754 22.966754 22.966754 22.966754 22.966754 22.966754 22.966754 22.966754 22.966754 22.966754 22.966754 22.966754 22.966754 22.966754 22.966754 22.966754 22.966754 22.966754 22.966754 22.966754 22.966754 22.966754 22.966754 22.966754 22.966754 22.966754 22.966754 22.966754 22.966754 22.966754 22.966754 22.966754 22.966754 22.966754 22.966754 22.966754 22.966754 22.966754 22.966754 22.966754 
20.590883 20.590883 20.590883 20.590883 20.590883 20.590883 20.590883 20.590883 20.590883 20.590883 20.590883 20.590883 20.590883 20.590883 20.590883 20.590883 20.590883 20.590883 20.590883 20.590883 20.590883 20.590883 20.590883 20.590883 20.590883 20.590883 20.590883 20.590883 20.590883 20.590883 20.590883 20.590883 20.590883 20.590883 20.590883 20.590883 20.590883 20.590883 20.590883 20.590883 20.590883 20.590883 20.590883 20.590883 20.590883 20.590883 20.590883 20.590883 20.590883 20.590883 
18.460191 18.460191 18.460191 18.460191 18.460191 18.460191 18.460191 18.460191 18.460191 18.460191 18.460191 18.460191 18.460191 18.460191 18.460191 18.460191 18.460191 18.460191 18.460191 18.460191 18.460191 18.460191 18.460191 18.460191 18.460191 18.460191 18.460191 18.460191 18.460191 18.460191 18.460191 18.460191 18.460191 18.460191 18.460191 18.460191 18.460191 18.460191 18.460191 18.460191 18.460191 18.460191 18.460191 18.460191 18.460191 18.460191 18.460191 18.460191 18.460191 18.460191 
16.565112 16.565112 16.565112 16.565112 16.565112 16.565112 16.565112 16.565112 16.565112 16.565112 16.565112 16.565112 16.565112 16.565112 16.565112 16.565112 16.565112 16.565112 16.565112 16.565112 16.565112 16.565112 16.565112 16.565112 16.565112 16.565112 16.565112 16.565112 16.565112 16.565112 16.565112 16.565112 16.565112 16.565112 16.565112 16.565112 16.565112 16.565112 16.565112 16.565112 16.565112 16.565112 16.565112 16.565112 16.565112 16.565112 16.565112 16.565112 16.565112 16.565112 
14.894370 14.894370 14.894370 14.894370 14.894370 14.894370 14.894370 14.894370 14.894370 14.894370 14.894370 14.894370 14.894370 14.894370 14.894370 14.894370 14.894370 14.894370 14.894370 14.894370 14.894370 14.894370 14.894370 14.894370 14.894370 14.894370 14.894370 14.894370 14.894370 14.894370 14.894370 14.894370 14.894370 14.894370 14.894370 14.894370 14.894370 14.894370 14.894370 14.894370 14.894370 14.894370 14.894370 14.894370 14.894370 14.894370 14.894370 14.894370 14.894370 14.894370 
13.435469 13.435469 13.435469 13.435469 13.435469 13.435469 13.435469 13.435469 13.435469 13.435469 13.435469 13.435469 13.435469 13.435469 13.435469 13.435469 13.435469 13.435469 13.435469 13.435469 13.435469 13.435469 13.435469 13.435469 13.435469 13.435469 13.435469 13.435469 13.435469 13.435469 13.435469 13.435469 13.435469 13.435469 13.435469 13.435469 13.435469 13.435469 13.435469 13.435469 13.435469 13.435469 13.435469 13.435469 13.435469 13.435469 13.435469 13.435469 13.435469 13.435469 
12.175176 12.175176 12.175176 12.175176 12.175176 12.175176 12.175176 12.175176 12.175176 12.175176 12.175176 12.175176 12.175176 12.175176 12.175176 12.175176 12.175176 12.175176 12.175176 12.175176 12.175176 12.175176 12.175176 12.175176 12.175176 12.175176 12.175176 12.175176 12.175176 12.175176 12.175176 12.175176 12.175176 12.175176 12.175176 12.175176 12.175176 12.175176 12.175176 12.175176 12.175176 12.175176 12.175176 12.175176 12.175176 12.175176 12.175176 12.175176 12.175176 12.175176 
11.099973 11.099973 11.099973 11.099973 11.099973 11.099973 11.099973 11.099973 11.099973 11.099973 11.099973 11.099973 11.099973 11.099973 11.099973 11.099973 11.099973 11.099973 11.099973 11.099973 11.099973 11.099973 11.099973 11.099973 11.099973 11.099973 11.099973 11.099973 11.099973 11.099973 11.099973 11.099973 11.099973 11.099973 11.099973 11.099973 11.099973 11.099973 11.099973 11.099973 11.099973 11.099973 11.099973 11.099973 11.099973 11.099973 11.099973 11.099973 11.099973 11.099973 
10.196463 10.196463 10.196463 10.196463 10.196463 10.196463 10.196463 10.196463 10.196463 10.196463 10.196463 10.196463 10.196463 10.196463 10.196463 10.196463 10.196463 10.196463 10.196463 10.196463 10.196463 10.196463 10.196463 10.196463 10.196463 10.196463 10.196463 10.196463 10.196463 10.196463 10.196463 10.196463 10.196463 10.196463 10.196463 10.196463 10.196463 10.196463 10.196463 10.196463 10.196463 10.196463 10.196463 10.196463 10.196463 10.196463 10.196463 10.196463 10.196463 10.196463 
9.451738 9.451738 9.451738 9.451738 9.451738 9.451738 9.451738 9.451738 9.451738 9.451738 9.451738 9.451738 9.451738 9.451738 9.451738 9.451738 9.451738 9.451738 9.451738 9.451738 9.451738 9.451738 9.451738 9.451738 9.451738 9.451738 9.451738 9.451738 9.451738 9.451738 9.451738 9.451738 9.451738 9.451738 9.451738 9.451738 9.451738 9.451738 9.451738 9.451738 9.451738 9.451738 9.451738 9.451738 9.451738 9.451738 9.451738 9.451738 9.451738 9.451738 
8.853674 8.853674 8.853674 8.853674 8.853674 8.853674 8.853674 8.853674 8.853674 8.853674 8.853674 8.853674 8.853674 8.853674 8.853674 8.853674 8.853674 8.853674 8.853674 8.853674 8.853674 8.853674 8.853674 8.853674 8.853674 8.853674 8.853674 8.853674 8.853674 8.853674 8.853674 8.853674 8.853674 8.853674 8.853674 8.853674 8.853674 8.853674 8.853674 8.853674 8.853674 8.853674 8.853674 8.853674 8.853674 8.853674 8.853674 8.853674 8.853674 8.853674 
8.391184 8.391184 8.391184 8.391184 8.391184 8.391184 8.391184 8.391184 8.391184 8.391184 8.391184 8.391184 8.391184 8.391184 8.391184 8.391184 8.391184 8.391184 8.391184 8.391184 8.391184 8.391184 8.391184 8.391184 8.391184 8.391184 8.391184 8.391184 8.391184 8.391184 8.391184 8.391184 8.391184 8.391184 8.391184 8.391184 8.391184 8.391184 8.391184 8.391184 8.391184 8.391184 8.391184 8.391184 8.391184 8.391184 8.391184 8.391184 8.391184 8.391184 
8.054394 8.054394 8.054394 8.054394 8.054394 8.054394 8.054394 8.054394 8.054394 8.054394 8.054394 8.054394 8.054394 8.054394 8.054394 8.054394 8.054394 8.054394 8.054394 8.054394 8.054394 8.054394 8.054394 8.054394 8.054394 8.054394 8.054394 8.054394 8.054394 8.054394 8.054394 8.054394 8.054394 8.054394 8.054394 8.054394 8.054394 8.054394 8.054394 8.054394 8.054394 8.054394 8.054394 8.054394 8.054394 8.054394 8.054394 8.054394 8.054394 8.054394 
7.834760 7.834760 7.834760 7.834760 7.834760 7.834760 7.834760 7.834760 7.834760 7.834760 7.834760 7.834760 7.834760 7.834760 7.834760 7.834760 7.834760 7.834760 7.834760 7.834760 7.834760 7.834760 7.834760 7.834760 7.834760 7.834760 7.834760 7.834760 7.834760 7.834760 7.834760 7.834760 7.834760 7.834760 7.834760 7.834760 7.834760 7.834760 7.834760 7.834760 7.834760 7.834760 7.834760 7.834760 7.834760 7.834760 7.834760 7.834760 7.834760 7.834760 
7.725130 7.725130 7.725130 7.725130 7.725130 7.725130 7.725130 7.725130 7.725130 7.725130 7.725130 7.725130 7.725130 7.725130 7.725130 7.725130 7.725130 7.725130 7.725130 7.725130 7.725130 7.725130 7.725130 7.725130 7.725130 7.725130 7.725130 7.725130 7.725130 7.725130 7.725130 7.725130 7.725130 7.725130 7.725130 7.725130 7.725130 7.725130 7.725130 7.725130 7.725130 7.725130 7.725130 7.725130 7.725130 7.725130 7.725130 7.725130 7.725130 7.725130 
7.719738 7.719738 7.719738 7.719738 7.719738 7.719738 7.719738 7.719738 7.719738 7.719738 7.719738 7.719738 7.719738 7.719738 7.719738 7.719738 7.719738 7.719738 7.719738 7.719738 7.719738 7.719738 7.719738 7.719738 7.719738 7.719738 7.719738 7.719738 7.719738 7.719738 7.719738 7.719738 7.719738 7.719738 7.719738 7.719738 7.719738 7.719738 7.719738 7.719738 7.719738 7.719738 7.719738 7.719738 7.719738 7.719738 7.719738 7.719738 7.719738 7.719738 
7.814157 7.814157 7.814157 7.814157 7.814157 7.814157 7.814157 7.814157 7.814157 7.814157 7.814157 7.814157 7.814157 7.814157 7.814157 7.814157 7.814157 7.814157 7.814157 7.814157 7.814157 7.814157 7.814157 7.814157 7.814157 7.814157 7.814157 7.814157 7.814157 7.814157 7.814157 7.814157 7.814157 7.814157 7.814157 7.814157 7.814157 7.814157 7.814157 7.814157 7.814157 7.814157 7.814157 7.814157 7.814157 7.814157 7.814157 7.814157 7.814157 7.814157 
8.005194 8.005194 8.005194 8.005194 8.005194 8.005194 8.005194 8.005194 8.005194 8.005194 8.005194 8.005194 8.005194 8.005194 8.005194 8.005194 8.005194 8.005194 8.005194 8.005194 8.005194 8.005194 8.005194 8.005194 8.005194 8.005194 8.005194 8.005194 8.005194 8.005194 8.005194 8.005194 8.005194 8.005194 8.005194 8.005194 8.005194 8.005194 8.005194 8.005194 8.005194 8.005194 8.005194 8.005194 8.005194 8.005194 8.005194 8.005194 8.005194 8.005194 
8.290750 8.290750 8.290750 8.290750 8.290750 8.290750 8.290750 8.290750 8.290750 8.290750 8.290750 8.290750 8.290750 8.290750 8.290750 8.290750 8.290750 8.290750 8.290750 8.290750 8.290750 8.290750 8.290750 8.290750 8.290750 8.290750 8.290750 8.290750 8.290750 8.290750 8.290750 8.290750 8.290750 8.290750 8.290750 8.290750 8.290750 8.290750 8.290750 8.290750 8.290750 8.290750 8.290750 8.290750 8.290750 8.290750 8.290750 8.290750 8.290750 8.290750 
8.669644 8.669644 8.669644 8.669644 8.669644 8.669644 8.669644 8.669644 8.669644 8.669644 8.669644 8.669644 8.669644 8.669644 8.669644 8.669644 8.669644 8.669644 8.669644 8.669644 8.669644 8.669644 8.669644 8.669644 8.669644 8.669644 8.669644 8.669644 8.669644 8.669644 8.669644 8.669644 8.669644 8.669644 8.669644 8.669644 8.669644 8.669644 8.669644 8.669644 8.669644 8.669644 8.669644 8.669644 8.669644 8.669644 8.669644 8.669644 8.669644 8.669644 
9.141407 9.141407 9.141407 9.141407 9.141407 9.141407 9.141407 9.141407 9.141407 9.141407 9.141407 9.141407 9.141407 9.141407 9.141407 9.141407 9.141407 9.141407 9.141407 9.141407 9.141407 9.141407 9.141407 9.141407 9.141407 9.141407 9.141407 9.141407 9.141407 9.141407 9.141407 9.141407 9.141407 9.141407 9.141407 9.141407 9.141407 9.141407 9.141407 9.141407 9.141407 9.141407 9.141407 9.141407 9.141407 9.141407 9.141407 9.141407 9.141407 9.141407 
9.706059 9.706059 9.706059 9.706059 9.706059 9.706059 9.706059 9.706059 9.706059 9.706059 9.706059 9.706059 9.706059 9.706059 9.706059 9.706059 9.706059 9.706059 9.706059 9.706059 9.706059 9.706059 9.706059 9.706059 9.706059 9.706059 9.706059 9.706059 9.706059 9.706059 9.706059 9.706059 9.706059 9.706059 9.706059 9.706059 9.706059 9.706059 9.706059 9.706059 9.706059 9.706059 9.706059 9.706059 9.706059 9.706059 9.706059 9.706059 9.706059 9.706059 
10.363871 10.363871 10.363871 10.363871 10.363871 10.363871 10.363871 10.363871 10.363871 10.363871 10.363871 10.363871 10.363871 10.363871 10.363871 10.363871 10.363871 10.363871 10.363871 10.363871 10.363871 10.363871 10.363871 10.363871 10.363871 10.363871 10.363871 10.363871 10.363871 10.363871 10.363871 10.363871 10.363871 10.363871 10.363871 10.363871 10.363871 10.363871 10.363871 10.363871 10.363871 10.363871 10.363871 10.363871 10.363871 10.363871 10.363871 10.363871 10.363871 10.363871 
11.115125 11.115125 11.115125 11.115125 11.115125 11.115125 11.115125 11.115125 11.115125 11.115125 11.115125 11.115125 11.115125 11.115125 11.115125 11.115125 11.115125 11.115125 11.115125 11.115125 11.115125 11.115125 11.115125 11.115125 11.115125 11.115125 11.115125 11.115125 11.115125 11.115125 11.115125 11.115125 11.115125 11.115125 11.115125 11.115125 11.115125 11.115125 11.115125 11.115125 11.115125 11.115125 11.115125 11.115125 11.115125 11.115125 11.115125 11.115125 11.115125 11.115125 
11.959874 11.959874 11.959874 11.959874 11.959874 11.959874 11.959874 11.959874 11.959874 11.959874 11.959874 11.959874 11.959874 11.959874 11.959874 11.959874 11.959874 11.959874 11.959874 11.959874 11.959874 11.959874 11.959874 11.959874 11.959874 11.959874 11.959874 11.959874 11.959874 11.959874 11.959874 11.959874 11.959874 11.959874 11.959874 11.959874 11.959874 11.959874 11.959874 11.959874 11.959874 11.959874 11.959874 11.959874 11.959874 11.959874 11.959874 11.959874 11.959874 11.959874 
12.897716 12.897716 12.897716 12.897716 12.897716 12.897716 12.897716 12.897716 12.897716 12.897716 12.897716 12.897716 12.897716 12.897716 12.897716 12.897716 12.897716 12.897716 12.897716 12.897716 12.897716 12.897716 12.897716 12.897716 12.897716 12.897716 12.897716 12.897716 12.897716 12.897716 12.897716 12.897716 12.897716 12.897716 12.897716 12.897716 12.897716 12.897716 12.897716 12.897716 12.897716 12.897716 12.897716 12.897716 12.897716 12.897716 12.897716 12.897716 12.897716 12.897716 
13.927587 13.927587 13.927587 13.927587 13.927587 13.927587 13.927587 13.927587 13.927587 13.927587 13.927587 13.927587 13.927587 13.927587 13.927587 13.927587 13.927587 13.927587 13.927587 13.927587 13.927587 13.927587 13.927587 13.927587 13.927587 13.927587 13.927587 13.927587 13.927587 13.927587 13.927587 13.927587 13.927587 13.927587 13.927587 13.927587 13.927587 13.927587 13.927587 13.927587 13.927587 13.927587 13.927587 13.927587 13.927587 13.927587 13.927587 13.927587 13.927587 13.927587 
15.047573 15.047573 15.047573 15.047573 15.047573 15.047573 15.047573 15.047573 15.047573 15.047573 15.047573 15.047573 15.047573 15.047573 15.047573 15.047573 15.047573 15.047573 15.047573 15.047573 15.047573 15.047573 15.047573 15.047573 15.047573 15.047573 15.047573 15.047573 15.047573 15.047573 15.047573 15.047573 15.047573 15.047573 15.047573 15.047573 15.047573 15.047573 15.047573 15.047573 15.047573 15.047573 15.047573 15.047573 15.047573 15.047573 15.047573 15.047573 15.047573 15.047573 
16.254767 16.254767 16.254767 16.254767 16.254767 16.254767 16.254767 16.254767 16.254767 16.254767 16.254767 16.254767 16.254767 16.254767 16.254767 16.254767 16.254767 16.254767 16.254767 16.254767 16.254767 16.254767 16.254767 16.254767 16.254767 16.254767 16.254767 16.254767 16.254767 16.254767 16.254767 16.254767 16.254767 16.254767 16.254767 16.254767 16.254767 16.254767 16.254767 16.254767 16.254767 16.254767 16.254767 16.254767 16.254767 16.254767 16.254767 16.254767 16.254767 16.254767 
17.545150 17.545150 17.545150 17.545150 17.545150 17.545150 17.545150 17.545150 17.545150 17.545150 17.545150 17.545150 17.545150 17.545150 17.545150 17.545150 17.545150 17.545150 17.545150 17.545150 17.545150 17.545150 17.545150 17.545150 17.545150 17.545150 17.545150 17.545150 17.545150 17.545150 17.545150 17.545150 17.545150 17.545150 17.545150 17.545150 17.545150 17.545150 17.545150 17.545150 17.545150 17.545150 17.545150 17.545150 17.545150 17.545150 17.545150 17.545150 17.545150 17.545150 
18.913521 18.913521 18.913521 18.913521 18.913521 18.913521 18.913521 18.913521 18.913521 18.913521 18.913521 18.913521 18.913521 18.913521 18.913521 18.913521 18.913521 18.913521 18.913521 18.913521 18.913521 18.913521 18.913521 18.913521 18.913521 18.913521 18.913521 18.913521 18.913521 18.913521 18.913521 18.913521 18.913521 18.913521 18.913521 18.913521 18.913521 18.913521 18.913521 18.913521 18.913521 18.913521 18.913521 18.913521 18.913521 18.913521 18.913521 18.913521 18.913521 18.913521 
20.353476 20.353476 20.353476 20.353476 20.353476 20.353476 20.353476 20.353476 20.353476 20.353476 20.353476 20.353476 20.353476 20.353476 20.353476 20.353476 20.353476 20.353476 20.353476 20.353476 20.353476 20.353476 20.353476 20.353476 20.353476 20.353476 20.353476 20.353476 20.353476 20.353476 20.353476 20.353476 20.353476 20.353476 20.353476 20.353476 20.353476 20.353476 20.353476 20.353476 20.353476 20.353476 20.353476 20.353476 20.353476 20.353476 20.353476 20.353476 20.353476 20.353476 
21.857420 21.857420 21.857420 21.857420 21.857420 21.857420 21.857420 21.857420 21.857420 21.857420 21.857420 21.857420 21.857420 21.857420 21.857420 21.857420 21.857420 21.857420 21.857420 21.857420 21.857420 21.857420 21.857420 21.857420 21.857420 21.857420 21.857420 21.857420 21.857420 21.857420 21.857420 21.857420 21.857420 21.857420 21.857420 21.857420 21.857420 21.857420 21.857420 21.857420 21.857420 21.857420 21.857420 21.857420 21.857420 21.857420 21.857420 21.857420 21.857420 21.857420 
23.416640 23.416640 23.416640 23.416640 23.416640 23.416640 23.416640 23.416640 23.416640 23.416640 23.416640 23.416640 23.416640 23.416640 23.416640 23.416640 23.416640 23.416640 23.416640 23.416640 23.416640 23.416640 23.416640 23.416640 23.416640 23.416640 23.416640 23.416640 23.416640 23.416640 23.416640 23.416640 23.416640 23.416640 23.416640 23.416640 23.416640 23.416640 23.416640 23.416640 23.416640 23.416640 23.416640 23.416640 23.416640 23.416640 23.416640 23.416640 23.416640 23.416640 
25.021412 25.021412 25.021412 25.021412 25.021412 25.021412 25.021412 25.021412 25.021412 25.021412 25.021412 25.021412 25.021412 25.021412 25.021412 25.021412 25.021412 25.021412 25.021412 25.021412 25.021412 25.021412 25.021412 25.021412 25.021412 25.021412 25.021412 25.021412 25.021412 25.021412 25.021412 25.021412 25.021412 25.021412 25.021412 25.021412 25.021412 25.021412 25.021412 25.021412 25.021412 25.021412 25.021412 25.021412 25.021412 25.021412 25.021412 25.021412 25.021412 25.021412 
26.661150 26.661150 26.661150 26.661150 26.661150 26.661150 26.661150 26.661150 26.661150 26.661150 26.661150 26.661150 26.661150 26.661150 26.661150 26.661150 26.661150 26.661150 26.661150 26.661150 26.661150 26.661150 26.661150 26.661150 26.661150 26.661150 26.661150 26.661150 26.661150 26.661150 26.661150 26.661150 26.661150 26.661150 26.661150 26.661150 26.661150 26.661150 26.661150 26.661150 26.661150 26.661150 26.661150 26.661150 26.661150 26.661150 26.661150 26.661150 26.661150 26.661150 
28.324590 28.324590 28.324590 28.324590 28.324590 28.324590 28.324590 28.324590 28.324590 28.324590 28.324590 28.324590 28.324590 28.324590 28.324590 28.324590 28.324590 28.324590 28.324590 28.324590 28.324590 28.324590 28.324590 28.324590 28.324590 28.324590 28.324590 28.324590 28.324590 28.324590 28.324590 28.324590 28.324590 28.324590 28.324590 28.324590 28.324590 28.324590 28.324590 28.324590 28.324590 28.324590 28.324590 28.324590 28.324590 28.324590 28.324590 28.324590 28.324590 28.324590 


